fichier	leaf	surfaceLeaf	surfaceLesion
Chi_P01_1	1	290268	0
Chi_P01_1	2	282143	636
Chi_P01_1	3	220317	499
Chi_P01_1	3	220317	33
Chi_P01_1	4	289693	0
Chi_P01_1	5	272290	86
Chi_P01_1	6	259747	107
Chi_P01_1	6	259747	45
Chi_P01_1	7	294456	139
Chi_P01_1	7	294456	65
Chi_P01_1	7	294456	79
Chi_P01_1	7	294456	99
Chi_P01_1	7	294456	81
Chi_P01_1	7	294456	121
Chi_P01_1	7	294456	103
Chi_P01_1	7	294456	42
Chi_P01_1	7	294456	128
Chi_P01_1	7	294456	129
Chi_P01_1	7	294456	120
Chi_P01_1	7	294456	12
Chi_P01_1	7	294456	133
Chi_P01_1	7	294456	102
Chi_P01_1	7	294456	142
Chi_P01_1	7	294456	124
Chi_P01_1	7	294456	115
Chi_P01_1	7	294456	101
Chi_P01_1	7	294456	142
Chi_P01_1	7	294456	197
Chi_P01_1	7	294456	111
Chi_P01_1	7	294456	78
Chi_P01_1	7	294456	161
Chi_P01_1	7	294456	117
Chi_P01_1	7	294456	125
Chi_P01_1	7	294456	134
Chi_P01_1	7	294456	106
Chi_P01_1	7	294456	228
Chi_P01_1	7	294456	205
Chi_P01_1	7	294456	67
Chi_P01_1	7	294456	108
Chi_P01_1	7	294456	123
Chi_P01_1	7	294456	120
Chi_P01_1	7	294456	117
Chi_P01_1	7	294456	33
Chi_P01_1	7	294456	141
Chi_P01_1	7	294456	122
Chi_P01_1	7	294456	197
Chi_P01_1	7	294456	42
Chi_P01_1	7	294456	113
Chi_P01_1	7	294456	95
Chi_P01_1	7	294456	119
Chi_P01_1	7	294456	153
Chi_P01_1	7	294456	192
Chi_P01_1	7	294456	126
Chi_P01_1	7	294456	147
Chi_P01_1	7	294456	126
Chi_P01_1	7	294456	188
Chi_P01_1	7	294456	111
Chi_P01_1	7	294456	167
Chi_P01_1	7	294456	188
Chi_P01_1	7	294456	127
Chi_P01_1	7	294456	160
Chi_P01_1	7	294456	199
Chi_P01_1	7	294456	44
Chi_P01_1	7	294456	123
Chi_P01_1	7	294456	10
Chi_P01_1	7	294456	102
Chi_P01_1	7	294456	104
Chi_P01_1	7	294456	108
Chi_P01_1	7	294456	185
Chi_P01_1	7	294456	111
Chi_P01_1	7	294456	138
Chi_P01_1	7	294456	126
Chi_P01_1	8	266957	78
Chi_P01_1	8	266957	144
Chi_P01_1	8	266957	74
Chi_P01_1	8	266957	192
Chi_P01_1	8	266957	72
Chi_P01_1	8	266957	79
Chi_P01_1	8	266957	87
Chi_P01_1	8	266957	106
Chi_P01_1	8	266957	11
Chi_P01_1	8	266957	286
Chi_P01_1	8	266957	81
Chi_P01_1	8	266957	190
Chi_P01_1	8	266957	53
Chi_P01_1	8	266957	180
Chi_P01_1	8	266957	200
Chi_P01_1	8	266957	161
Chi_P01_1	8	266957	92
Chi_P01_1	8	266957	126
Chi_P01_1	8	266957	162
Chi_P01_1	8	266957	100
Chi_P01_1	8	266957	98
Chi_P01_1	8	266957	111
Chi_P01_1	8	266957	182
Chi_P01_1	8	266957	215
Chi_P01_1	8	266957	85
Chi_P01_1	8	266957	124
Chi_P01_1	8	266957	331
Chi_P01_1	8	266957	137
Chi_P01_1	8	266957	105
Chi_P01_1	8	266957	224
Chi_P01_1	8	266957	129
Chi_P01_1	8	266957	175
Chi_P01_1	8	266957	103
Chi_P01_1	8	266957	116
Chi_P01_1	8	266957	89
Chi_P01_1	8	266957	28
Chi_P01_1	8	266957	88
Chi_P01_1	8	266957	102
Chi_P01_1	8	266957	128
Chi_P01_1	8	266957	181
Chi_P01_1	8	266957	101
Chi_P01_1	8	266957	94
Chi_P01_1	8	266957	179
Chi_P01_1	8	266957	64
Chi_P01_1	8	266957	146
Chi_P01_1	8	266957	45
Chi_P01_1	8	266957	54
Chi_P01_1	8	266957	100
Chi_P01_1	8	266957	108
Chi_P01_1	8	266957	89
Chi_P01_1	8	266957	98
Chi_P01_1	8	266957	102
Chi_P01_1	8	266957	111
Chi_P01_1	8	266957	119
Chi_P01_1	8	266957	130
Chi_P01_1	8	266957	118
Chi_P01_1	8	266957	147
Chi_P01_1	8	266957	106
Chi_P01_1	8	266957	101
Chi_P01_1	8	266957	125
Chi_P01_1	8	266957	152
Chi_P01_1	8	266957	119
Chi_P01_1	8	266957	162
Chi_P01_1	8	266957	141
Chi_P01_1	8	266957	135
Chi_P01_1	8	266957	125
Chi_P01_1	8	266957	130
Chi_P01_1	8	266957	125
Chi_P01_1	8	266957	131
Chi_P01_1	8	266957	131
Chi_P01_1	8	266957	123
Chi_P01_1	8	266957	167
Chi_P01_1	8	266957	101
Chi_P01_1	8	266957	92
Chi_P01_1	8	266957	156
Chi_P01_1	8	266957	93
Chi_P01_1	8	266957	97
Chi_P01_1	8	266957	186
Chi_P01_1	8	266957	145
Chi_P01_1	8	266957	150
Chi_P01_1	8	266957	186
Chi_P01_1	8	266957	107
Chi_P01_1	8	266957	120
Chi_P01_1	9	265496	83
Chi_P01_1	9	265496	62
Chi_P01_1	9	265496	96
Chi_P01_1	9	265496	78
Chi_P01_1	9	265496	86
Chi_P01_1	9	265496	123
Chi_P01_1	9	265496	75
Chi_P01_1	9	265496	73
Chi_P01_1	9	265496	72
Chi_P01_1	9	265496	79
Chi_P01_1	9	265496	125
Chi_P01_1	9	265496	96
Chi_P01_1	9	265496	105
Chi_P01_1	9	265496	78
Chi_P01_1	9	265496	108
Chi_P01_1	9	265496	125
Chi_P01_1	9	265496	124
Chi_P01_1	9	265496	112
Chi_P01_1	9	265496	224
Chi_P01_1	9	265496	103
Chi_P01_1	9	265496	114
Chi_P01_1	9	265496	234
Chi_P01_1	9	265496	114
Chi_P01_1	9	265496	255
Chi_P01_1	9	265496	98
Chi_P01_1	9	265496	113
Chi_P01_1	9	265496	115
Chi_P01_1	9	265496	224
Chi_P01_1	9	265496	121
Chi_P01_1	9	265496	73
Chi_P01_1	9	265496	62
Chi_P01_1	9	265496	76
Chi_P01_1	9	265496	97
Chi_P01_1	9	265496	134
Chi_P01_1	9	265496	80
Chi_P01_1	9	265496	105
Chi_P01_1	9	265496	158
Chi_P01_1	9	265496	92
Chi_P01_1	9	265496	213
Chi_P01_1	9	265496	85
Chi_P01_1	9	265496	116
Chi_P01_1	9	265496	92
Chi_P01_1	9	265496	147
Chi_P01_1	9	265496	132
Chi_P01_1	9	265496	100
Chi_P01_1	9	265496	112
Chi_P01_1	9	265496	124
Chi_P01_1	9	265496	132
Chi_P01_1	9	265496	176
Chi_P01_1	9	265496	84
Chi_P01_1	9	265496	70
Chi_P01_1	9	265496	69
Chi_P01_1	9	265496	145
Chi_P01_1	9	265496	178
Chi_P01_1	9	265496	204
Chi_P01_1	9	265496	109
Chi_P01_1	9	265496	112
Chi_P01_1	9	265496	393
Chi_P01_1	9	265496	107
Chi_P01_1	9	265496	86
Chi_P01_1	9	265496	216
Chi_P01_1	9	265496	62
Chi_P01_1	9	265496	71
Chi_P01_1	9	265496	122
Chi_P01_1	9	265496	113
Chi_P01_1	9	265496	44
Chi_P01_1	9	265496	161
Chi_P01_1	9	265496	111
Chi_P01_1	9	265496	58
Chi_P01_1	9	265496	85
Chi_P01_1	9	265496	128
Chi_P01_1	9	265496	82
Chi_P01_1	9	265496	86
Chi_P01_1	9	265496	107
Chi_P01_1	9	265496	134
Chi_P01_1	9	265496	100
Chi_P01_1	9	265496	54
Chi_P01_1	9	265496	129
Chi_P01_1	9	265496	72
Chi_P01_1	9	265496	178
Chi_P01_1	9	265496	105
Chi_P01_1	9	265496	294
Chi_P01_1	9	265496	70
Chi_P01_1	9	265496	31
Chi_P01_1	9	265496	48
Chi_P01_1	9	265496	152
Chi_P01_1	9	265496	100
Chi_P01_1	9	265496	127
Chi_P01_1	9	265496	92
Chi_P01_1	9	265496	85
Chi_P01_1	9	265496	161
Chi_P01_1	9	265496	80
Chi_P01_1	9	265496	94
Chi_P01_1	9	265496	90
Chi_P01_1	9	265496	231
Chi_P01_1	9	265496	83
Chi_P01_1	9	265496	74
Chi_P01_1	9	265496	126
Chi_P01_1	9	265496	16
Chi_P01_1	9	265496	78
Chi_P01_1	9	265496	80
Chi_P01_1	9	265496	116
Chi_P01_1	9	265496	79
Chi_P01_1	9	265496	72
Chi_P01_1	9	265496	66
Chi_P01_1	9	265496	108
Chi_P01_1	9	265496	50
Chi_P01_1	9	265496	105
Chi_P01_1	9	265496	55
Chi_P01_1	9	265496	48
Chi_P01_1	9	265496	17
Chi_P01_1	9	265496	107
Chi_P01_1	9	265496	144
Chi_P01_1	9	265496	72
Chi_P01_1	9	265496	302
Chi_P01_1	9	265496	123
Chi_P01_1	9	265496	81
Chi_P01_1	9	265496	68
Chi_P01_1	9	265496	156
Chi_P01_1	9	265496	174
Chi_P01_1	9	265496	96
Chi_P01_1	9	265496	176
Chi_P01_1	9	265496	125
Chi_P01_1	9	265496	24
Chi_P01_1	9	265496	120
Chi_P01_1	9	265496	82
Chi_P01_1	9	265496	128
Chi_P01_1	9	265496	75
Chi_P01_1	9	265496	545
Chi_P01_1	9	265496	484
Chi_P01_1	9	265496	140
Chi_P01_1	9	265496	110
Chi_P01_1	9	265496	30
Chi_P01_1	9	265496	72
Chi_P01_1	9	265496	130
Chi_P01_1	9	265496	89
Chi_P01_1	9	265496	81
Chi_P01_1	9	265496	141
Chi_P01_1	9	265496	197
Chi_P01_1	9	265496	69
Chi_P01_1	9	265496	138
Chi_P01_1	9	265496	28
Chi_P01_1	9	265496	100
Chi_P01_1	9	265496	84
Chi_P01_1	9	265496	72
Chi_P01_1	9	265496	106
Chi_P01_1	9	265496	40
Chi_P01_1	9	265496	137
Chi_P01_1	9	265496	227
Chi_P01_1	9	265496	46
Chi_P01_1	9	265496	83
Chi_P01_1	9	265496	55
Chi_P01_1	9	265496	126
Chi_P01_1	9	265496	139
Chi_P01_1	9	265496	179
Chi_P01_1	9	265496	117
Chi_P01_1	10	289900	20
Chi_P01_1	10	289900	13
Chi_P01_1	10	289900	140
Chi_P01_1	10	289900	115
Chi_P01_1	10	289900	129
Chi_P01_1	10	289900	84
Chi_P01_1	10	289900	90
Chi_P01_1	10	289900	222
Chi_P01_1	10	289900	96
Chi_P01_1	10	289900	149
Chi_P01_1	10	289900	139
Chi_P01_1	10	289900	77
Chi_P01_1	10	289900	113
Chi_P01_1	10	289900	167
Chi_P01_1	10	289900	135
Chi_P01_1	10	289900	60
Chi_P01_1	10	289900	285
Chi_P01_1	10	289900	202
Chi_P01_1	10	289900	123
Chi_P01_1	10	289900	226
Chi_P01_1	10	289900	191
Chi_P01_1	10	289900	88
Chi_P01_1	10	289900	118
Chi_P01_1	10	289900	119
Chi_P01_1	10	289900	115
Chi_P01_1	10	289900	126
Chi_P01_1	10	289900	72
Chi_P01_1	10	289900	268
Chi_P01_1	10	289900	213
Chi_P01_1	10	289900	147
Chi_P01_1	10	289900	144
Chi_P01_1	10	289900	112
Chi_P01_1	10	289900	111
Chi_P01_1	10	289900	155
Chi_P01_1	10	289900	122
Chi_P01_1	10	289900	114
Chi_P01_1	10	289900	103
Chi_P01_1	10	289900	77
Chi_P01_1	10	289900	312
Chi_P01_1	10	289900	92
Chi_P01_1	10	289900	114
Chi_P01_1	10	289900	63
Chi_P01_1	10	289900	118
Chi_P01_1	10	289900	99
Chi_P01_1	10	289900	64
Chi_P01_1	10	289900	139
Chi_P01_1	10	289900	80
Chi_P01_1	10	289900	30
Chi_P01_1	10	289900	147
Chi_P01_1	10	289900	50
Chi_P01_1	10	289900	89
Chi_P01_1	10	289900	107
Chi_P01_1	10	289900	143
Chi_P01_1	10	289900	97
Chi_P01_1	10	289900	88
Chi_P01_1	10	289900	63
Chi_P01_1	10	289900	135
Chi_P01_1	10	289900	77
Chi_P01_1	10	289900	253
Chi_P01_1	10	289900	77
Chi_P01_1	10	289900	97
Chi_P01_1	10	289900	219
Chi_P01_1	10	289900	129
Chi_P01_1	10	289900	126
Chi_P01_1	10	289900	133
Chi_P01_1	10	289900	130
Chi_P01_1	10	289900	108
Chi_P01_1	10	289900	159
Chi_P01_1	10	289900	58
Chi_P01_1	10	289900	125
Chi_P01_1	10	289900	81
Chi_P01_1	10	289900	56
Chi_P01_1	10	289900	94
Chi_P01_1	10	289900	55
Chi_P01_1	10	289900	94
Chi_P01_1	10	289900	37
Chi_P01_1	10	289900	72
Chi_P01_1	10	289900	276
Chi_P01_1	10	289900	77
Chi_P01_1	10	289900	91
Chi_P01_1	10	289900	201
Chi_P01_1	10	289900	103
Chi_P01_1	10	289900	114
Chi_P01_1	10	289900	80
Chi_P01_1	10	289900	58
Chi_P01_1	10	289900	137
Chi_P01_1	10	289900	115
Chi_P01_1	10	289900	102
Chi_P01_1	10	289900	225
Chi_P01_1	10	289900	110
Chi_P01_1	10	289900	172
Chi_P01_1	10	289900	73
Chi_P01_1	10	289900	42
Chi_P01_1	10	289900	100
Chi_P01_1	10	289900	134
Chi_P01_1	10	289900	41
Chi_P01_1	10	289900	130
Chi_P01_1	10	289900	44
Chi_P01_1	10	289900	68
Chi_P01_1	10	289900	70
Chi_P01_1	10	289900	169
Chi_P01_1	10	289900	98
Chi_P01_1	10	289900	176
Chi_P01_1	10	289900	114
Chi_P01_1	10	289900	114
Chi_P01_1	10	289900	47
Chi_P01_1	10	289900	167
Chi_P01_1	10	289900	179
Chi_P01_1	10	289900	147
Chi_P01_1	10	289900	197
Chi_P01_1	10	289900	211
Chi_P01_1	10	289900	101
Chi_P01_1	10	289900	155
Chi_P01_1	10	289900	24
Chi_P01_1	10	289900	118
Chi_P01_1	10	289900	103
Chi_P01_1	10	289900	107
Chi_P01_1	10	289900	64
Chi_P01_1	10	289900	99
Chi_P01_1	10	289900	281
Chi_P01_1	10	289900	171
Chi_P01_1	10	289900	203
Chi_P01_1	10	289900	127
Chi_P01_1	10	289900	67
Chi_P01_1	10	289900	124
Chi_P01_1	10	289900	185
Chi_P01_1	10	289900	211
Chi_P01_1	10	289900	157
Chi_P01_1	10	289900	212
Chi_P01_1	10	289900	116
Chi_P01_1	10	289900	72
Chi_P01_1	10	289900	169
Chi_P01_1	10	289900	53
Chi_P01_1	10	289900	237
Chi_P01_1	10	289900	84
Chi_P01_1	10	289900	80
Chi_P01_1	10	289900	150
Chi_P01_1	10	289900	182
Chi_P01_1	10	289900	158
Chi_P01_1	10	289900	246
Chi_P01_1	10	289900	40
Chi_P01_1	10	289900	81
Chi_P01_1	10	289900	204
Chi_P01_1	10	289900	93
Chi_P01_1	10	289900	50
Chi_P01_1	10	289900	201
Chi_P01_1	10	289900	90
Chi_P01_1	10	289900	66
Chi_P01_1	10	289900	302
Chi_P01_1	10	289900	51
Chi_P01_1	10	289900	71
Chi_P01_1	10	289900	107
Chi_P01_1	10	289900	83
Chi_P01_1	10	289900	76
Chi_P01_1	10	289900	65
Chi_P01_1	10	289900	126
Chi_P01_1	10	289900	56
Chi_P01_1	10	289900	92
Chi_P01_1	10	289900	183
Chi_P01_1	11	273288	18
Chi_P01_1	11	273288	59
Chi_P01_1	11	273288	182
Chi_P01_1	11	273288	103
Chi_P01_1	11	273288	94
Chi_P01_1	11	273288	75
Chi_P01_1	11	273288	71
Chi_P01_1	11	273288	74
Chi_P01_1	11	273288	46
Chi_P01_1	11	273288	96
Chi_P01_1	11	273288	92
Chi_P01_1	11	273288	82
Chi_P01_1	11	273288	64
Chi_P01_1	11	273288	38
Chi_P01_1	11	273288	49
Chi_P01_1	11	273288	92
Chi_P01_1	11	273288	43
Chi_P01_1	11	273288	84
Chi_P01_1	11	273288	54
Chi_P01_1	11	273288	194
Chi_P01_1	11	273288	55
Chi_P01_1	11	273288	81
Chi_P01_1	11	273288	94
Chi_P01_1	11	273288	73
Chi_P01_1	11	273288	99
Chi_P01_1	11	273288	79
Chi_P01_1	11	273288	83
Chi_P01_1	11	273288	77
Chi_P01_1	11	273288	79
Chi_P01_1	11	273288	78
Chi_P01_1	11	273288	39
Chi_P01_1	11	273288	33
Chi_P01_1	11	273288	69
Chi_P01_1	11	273288	102
Chi_P01_1	11	273288	81
Chi_P01_1	11	273288	85
Chi_P01_1	11	273288	29
Chi_P01_1	11	273288	72
Chi_P01_1	11	273288	156
Chi_P01_1	11	273288	87
Chi_P01_1	11	273288	231
Chi_P01_1	11	273288	77
Chi_P01_1	11	273288	90
Chi_P01_1	11	273288	98
Chi_P01_1	11	273288	118
Chi_P01_1	11	273288	141
Chi_P01_1	11	273288	126
Chi_P01_1	11	273288	83
Chi_P01_1	11	273288	191
Chi_P01_1	11	273288	173
Chi_P01_1	11	273288	84
Chi_P01_1	11	273288	82
Chi_P01_1	11	273288	103
Chi_P01_1	11	273288	124
Chi_P01_1	11	273288	56
Chi_P01_1	11	273288	52
Chi_P01_1	11	273288	116
Chi_P01_1	11	273288	88
Chi_P01_1	11	273288	107
Chi_P01_1	11	273288	222
Chi_P01_1	11	273288	105
Chi_P01_1	11	273288	80
Chi_P01_1	11	273288	62
Chi_P01_1	11	273288	85
Chi_P01_1	11	273288	120
Chi_P01_1	11	273288	122
Chi_P01_1	11	273288	146
Chi_P01_1	11	273288	140
Chi_P01_1	11	273288	165
Chi_P01_1	11	273288	123
Chi_P01_1	11	273288	116
Chi_P01_1	11	273288	96
Chi_P01_1	11	273288	100
Chi_P01_1	11	273288	69
Chi_P01_1	11	273288	294
Chi_P01_1	11	273288	108
Chi_P01_1	11	273288	88
Chi_P01_1	11	273288	129
Chi_P01_1	11	273288	201
Chi_P01_1	11	273288	102
Chi_P01_1	12	258636	58
Chi_P01_1	12	258636	89
Chi_P01_1	12	258636	176
Chi_P01_1	12	258636	88
Chi_P01_1	12	258636	80
Chi_P01_1	12	258636	152
Chi_P01_1	12	258636	134
Chi_P01_1	12	258636	120
Chi_P01_1	12	258636	217
Chi_P01_1	12	258636	109
Chi_P01_1	12	258636	126
Chi_P01_1	12	258636	94
Chi_P01_1	12	258636	73
Chi_P01_1	12	258636	98
Chi_P01_1	12	258636	107
Chi_P01_1	12	258636	136
Chi_P01_1	12	258636	217
Chi_P01_1	12	258636	127
Chi_P01_1	12	258636	143
Chi_P01_1	12	258636	128
Chi_P01_1	12	258636	91
Chi_P01_1	12	258636	56
Chi_P01_1	12	258636	108
Chi_P01_1	12	258636	240
Chi_P01_1	12	258636	169
Chi_P01_1	12	258636	193
Chi_P01_1	12	258636	64
Chi_P01_1	12	258636	128
Chi_P01_1	12	258636	124
Chi_P01_1	12	258636	156
Chi_P01_1	12	258636	60
Chi_P01_1	12	258636	197
Chi_P01_1	12	258636	110
Chi_P01_1	12	258636	107
Chi_P01_1	12	258636	113
Chi_P01_1	12	258636	445
Chi_P01_1	12	258636	155
Chi_P01_1	12	258636	112
Chi_P01_1	12	258636	183
Chi_P01_1	12	258636	88
Chi_P01_1	12	258636	127
Chi_P01_1	12	258636	89
Chi_P01_1	12	258636	76
Chi_P01_1	12	258636	150
Chi_P01_1	12	258636	36
Chi_P01_1	12	258636	68
Chi_P01_1	12	258636	93
Chi_P01_1	12	258636	82
Chi_P01_1	12	258636	143
Chi_P01_1	12	258636	130
Chi_P01_1	12	258636	154
Chi_P01_1	12	258636	73
Chi_P01_1	12	258636	104
Chi_P01_1	12	258636	258
Chi_P01_1	12	258636	295
Chi_P01_1	12	258636	109
Chi_P01_1	12	258636	241
Chi_P01_1	12	258636	81
Chi_P01_1	12	258636	114
Chi_P01_1	12	258636	92
Chi_P01_1	12	258636	145
Chi_P01_1	12	258636	87
Chi_P01_1	12	258636	222
Chi_P01_1	12	258636	51
Chi_P01_1	12	258636	95
Chi_P01_1	12	258636	153
Chi_P01_1	12	258636	118
Chi_P01_1	12	258636	131
Chi_P01_1	12	258636	84
Chi_P01_1	12	258636	108
Chi_P01_1	12	258636	88
Chi_P01_1	12	258636	184
Chi_P01_1	12	258636	103
Chi_P01_1	12	258636	91
Chi_P01_1	12	258636	90
Chi_P01_1	12	258636	77
Chi_P01_1	12	258636	97
Chi_P01_1	12	258636	112
Chi_P01_1	12	258636	101
Chi_P01_1	12	258636	116
Chi_P01_1	12	258636	164
Chi_P01_1	12	258636	198
Chi_P01_1	12	258636	234
Chi_P01_1	12	258636	54
Chi_P01_1	12	258636	160
Chi_P01_1	12	258636	134
Chi_P01_1	12	258636	93
Chi_P01_1	12	258636	56
Chi_P01_1	12	258636	60
Chi_P01_1	12	258636	114
Chi_P01_1	12	258636	131
Chi_P01_1	12	258636	106
Chi_P01_1	12	258636	122
Chi_P01_1	12	258636	111
Chi_P01_1	12	258636	10
Chi_P01_1	12	258636	66
Chi_P01_1	12	258636	248
Chi_P01_1	12	258636	130
Chi_P01_1	12	258636	140
Chi_P01_1	12	258636	84
Chi_P01_1	12	258636	105
Chi_P01_1	12	258636	144
Chi_P01_1	12	258636	75
Chi_P01_1	12	258636	126
Chi_P01_1	12	258636	205
Chi_P01_1	12	258636	108
Chi_P01_1	12	258636	88
Chi_P01_1	12	258636	70
Chi_P01_1	12	258636	138
Chi_P01_1	12	258636	85
Chi_P01_1	12	258636	81
Chi_P01_1	12	258636	68
Chi_P01_1	12	258636	111
Chi_P01_1	12	258636	104
Chi_P01_1	13	286758	328
Chi_P01_1	13	286758	93
Chi_P01_1	13	286758	140
Chi_P01_1	13	286758	126
Chi_P01_1	13	286758	54
Chi_P01_1	13	286758	168
Chi_P01_1	13	286758	157
Chi_P01_1	13	286758	68
Chi_P01_1	13	286758	81
Chi_P01_1	13	286758	81
Chi_P01_1	13	286758	147
Chi_P01_1	13	286758	83
Chi_P01_1	13	286758	50
Chi_P01_1	13	286758	90
Chi_P01_1	13	286758	169
Chi_P01_1	13	286758	123
Chi_P01_1	13	286758	44
Chi_P01_1	13	286758	98
Chi_P01_1	13	286758	200
Chi_P01_1	13	286758	74
Chi_P01_1	13	286758	119
Chi_P01_1	13	286758	69
Chi_P01_1	13	286758	70
Chi_P01_1	13	286758	48
Chi_P01_1	13	286758	110
Chi_P01_1	13	286758	132
Chi_P01_1	13	286758	158
Chi_P01_1	13	286758	166
Chi_P01_1	13	286758	171
Chi_P01_1	13	286758	156
Chi_P01_1	13	286758	75
Chi_P01_1	13	286758	89
Chi_P01_1	13	286758	281
Chi_P01_1	13	286758	118
Chi_P01_1	13	286758	124
Chi_P01_1	13	286758	326
Chi_P01_1	13	286758	90
Chi_P01_1	13	286758	164
Chi_P01_1	13	286758	294
Chi_P01_1	13	286758	163
Chi_P01_1	13	286758	65
Chi_P01_1	13	286758	167
Chi_P01_1	13	286758	279
Chi_P01_1	13	286758	110
Chi_P01_1	13	286758	86
Chi_P01_1	13	286758	72
Chi_P01_1	13	286758	205
Chi_P01_1	13	286758	124
Chi_P01_1	13	286758	113
Chi_P01_1	13	286758	106
Chi_P01_1	13	286758	89
Chi_P01_1	13	286758	89
Chi_P01_1	13	286758	74
Chi_P01_1	13	286758	143
Chi_P01_1	13	286758	182
Chi_P01_1	13	286758	136
Chi_P01_1	13	286758	111
Chi_P01_1	13	286758	327
Chi_P01_1	13	286758	61
Chi_P01_1	13	286758	91
Chi_P01_1	13	286758	32
Chi_P01_1	13	286758	112
Chi_P01_1	13	286758	213
Chi_P01_1	13	286758	201
Chi_P01_1	13	286758	65
Chi_P01_1	13	286758	95
Chi_P01_1	13	286758	272
Chi_P01_1	13	286758	129
Chi_P01_1	13	286758	36
Chi_P01_1	13	286758	79
Chi_P01_1	13	286758	121
Chi_P01_1	13	286758	122
Chi_P01_1	13	286758	120
Chi_P01_1	13	286758	63
Chi_P01_1	13	286758	281
Chi_P01_1	13	286758	62
Chi_P01_1	13	286758	238
Chi_P01_1	13	286758	89
Chi_P01_1	13	286758	134
Chi_P01_1	13	286758	131
Chi_P01_1	13	286758	72
Chi_P01_1	13	286758	82
Chi_P01_1	13	286758	105
Chi_P01_1	13	286758	100
Chi_P01_1	13	286758	215
Chi_P01_1	13	286758	68
Chi_P01_1	13	286758	143
Chi_P01_1	13	286758	164
Chi_P01_1	13	286758	207
Chi_P01_1	13	286758	74
Chi_P01_1	13	286758	107
Chi_P01_1	13	286758	84
Chi_P01_1	13	286758	126
Chi_P01_1	13	286758	181
Chi_P01_1	13	286758	89
Chi_P01_1	13	286758	163
Chi_P01_1	13	286758	20
Chi_P01_1	13	286758	85
Chi_P01_1	13	286758	129
Chi_P01_1	13	286758	212
Chi_P01_1	13	286758	186
Chi_P01_1	13	286758	144
Chi_P01_1	13	286758	151
Chi_P01_1	13	286758	141
Chi_P01_1	13	286758	157
Chi_P01_1	13	286758	217
Chi_P01_1	13	286758	180
Chi_P01_1	13	286758	164
Chi_P01_1	13	286758	182
Chi_P01_1	13	286758	167
Chi_P01_1	13	286758	145
Chi_P01_1	13	286758	141
Chi_P01_1	13	286758	135
Chi_P01_1	13	286758	127
Chi_P01_1	13	286758	123
Chi_P01_1	13	286758	107
Chi_P01_1	13	286758	129
Chi_P01_1	14	265646	47
Chi_P01_1	14	265646	93
Chi_P01_1	14	265646	85
Chi_P01_1	14	265646	153
Chi_P01_1	14	265646	88
Chi_P01_1	14	265646	109
Chi_P01_1	14	265646	59
Chi_P01_1	14	265646	69
Chi_P01_1	14	265646	94
Chi_P01_1	14	265646	109
Chi_P01_1	14	265646	99
Chi_P01_1	14	265646	161
Chi_P01_1	14	265646	59
Chi_P01_1	14	265646	108
Chi_P01_1	14	265646	94
Chi_P01_1	14	265646	107
Chi_P01_1	14	265646	180
Chi_P01_1	14	265646	81
Chi_P01_1	14	265646	104
Chi_P01_1	14	265646	44
Chi_P01_1	14	265646	287
Chi_P01_1	14	265646	82
Chi_P01_1	14	265646	49
Chi_P01_1	14	265646	78
Chi_P01_1	14	265646	98
Chi_P01_1	14	265646	179
Chi_P01_1	14	265646	135
Chi_P01_1	14	265646	141
Chi_P01_1	14	265646	59
Chi_P01_1	14	265646	124
Chi_P01_1	14	265646	97
Chi_P01_1	14	265646	243
Chi_P01_1	14	265646	94
Chi_P01_1	14	265646	91
Chi_P01_1	14	265646	152
Chi_P01_1	14	265646	68
Chi_P01_1	14	265646	213
Chi_P01_1	14	265646	135
Chi_P01_1	14	265646	101
Chi_P01_1	14	265646	45
Chi_P01_1	14	265646	122
Chi_P01_1	14	265646	280
Chi_P01_1	14	265646	96
Chi_P01_1	14	265646	105
Chi_P01_1	14	265646	79
Chi_P01_1	14	265646	130
Chi_P01_1	14	265646	127
Chi_P01_1	14	265646	49
Chi_P01_1	14	265646	122
Chi_P01_1	14	265646	60
Chi_P01_1	14	265646	91
Chi_P01_1	14	265646	16
Chi_P01_1	14	265646	94
Chi_P01_1	14	265646	223
Chi_P01_1	14	265646	96
Chi_P01_1	14	265646	82
Chi_P01_1	14	265646	90
Chi_P01_1	14	265646	160
Chi_P01_1	14	265646	99
Chi_P01_1	14	265646	131
Chi_P01_1	14	265646	191
Chi_P01_1	14	265646	183
Chi_P01_1	14	265646	138
Chi_P01_1	14	265646	153
Chi_P01_1	14	265646	90
Chi_P01_1	14	265646	81
Chi_P01_1	14	265646	171
Chi_P01_1	14	265646	13
Chi_P01_1	14	265646	140
Chi_P01_1	14	265646	108
Chi_P01_1	14	265646	70
Chi_P01_1	14	265646	297
Chi_P01_1	14	265646	153
Chi_P01_1	14	265646	222
Chi_P01_1	14	265646	345
Chi_P01_1	14	265646	319
Chi_P01_1	14	265646	144
Chi_P01_1	14	265646	124
Chi_P01_1	14	265646	97
Chi_P01_1	14	265646	552
Chi_P01_1	14	265646	171
Chi_P01_1	14	265646	133
Chi_P01_1	14	265646	87
Chi_P01_1	14	265646	136
Chi_P01_1	14	265646	161
Chi_P01_1	14	265646	133
Chi_P01_1	14	265646	138
Chi_P01_1	14	265646	137
Chi_P01_1	14	265646	123
Chi_P01_1	14	265646	167
Chi_P01_1	14	265646	127
Chi_P01_1	14	265646	130
Chi_P01_1	14	265646	197
Chi_P01_1	14	265646	80
Chi_P01_1	14	265646	176
Chi_P01_1	14	265646	131
Chi_P01_1	14	265646	134
Chi_P01_1	14	265646	133
Chi_P01_1	14	265646	82
Chi_P01_1	14	265646	155
Chi_P01_1	14	265646	190
Chi_P01_1	14	265646	169
Chi_P01_1	14	265646	237
Chi_P01_1	14	265646	178
Chi_P01_1	15	191883	17
Chi_P01_1	15	191883	109
Chi_P01_1	15	191883	69
Chi_P01_1	15	191883	54
Chi_P01_1	15	191883	154
Chi_P01_1	15	191883	47
Chi_P01_1	15	191883	56
Chi_P01_1	15	191883	58
Chi_P01_1	15	191883	118
Chi_P01_1	15	191883	87
Chi_P01_1	15	191883	19
Chi_P01_1	15	191883	73
Chi_P01_1	15	191883	167
Chi_P01_1	15	191883	112
Chi_P01_1	15	191883	111
Chi_P01_1	15	191883	68
Chi_P01_1	15	191883	75
Chi_P01_1	15	191883	29
Chi_P01_1	15	191883	14
Chi_P01_1	15	191883	68
Chi_P01_1	15	191883	57
Chi_P01_1	15	191883	90
Chi_P01_1	15	191883	38
Chi_P01_1	15	191883	112
Chi_P01_1	15	191883	199
Chi_P01_1	15	191883	55
Chi_P01_1	15	191883	83
Chi_P01_1	15	191883	145
Chi_P01_1	15	191883	122
Chi_P01_1	15	191883	114
Chi_P01_1	15	191883	40
Chi_P01_1	15	191883	25
Chi_P01_1	15	191883	74
Chi_P01_1	15	191883	49
Chi_P01_1	15	191883	28
Chi_P01_1	15	191883	117
Chi_P01_1	15	191883	160
Chi_P01_1	15	191883	162
Chi_P01_1	15	191883	161
Chi_P01_1	15	191883	192
Chi_P01_1	15	191883	110
Chi_P01_1	15	191883	141
Chi_P01_1	15	191883	91
Chi_P01_1	15	191883	35
Chi_P01_1	15	191883	150
Chi_P01_1	15	191883	193
Chi_P01_1	15	191883	152
Chi_P01_1	15	191883	86
Chi_P01_1	15	191883	144
Chi_P01_1	15	191883	126
Chi_P01_1	15	191883	110
Chi_P01_1	15	191883	131
Chi_P01_1	15	191883	169
Chi_P01_1	15	191883	144
Chi_P01_1	15	191883	166
Chi_P01_1	15	191883	126
Chi_P01_1	15	191883	271
Chi_P01_1	15	191883	164
Chi_P01_1	15	191883	105
Chi_P01_1	15	191883	57
Chi_P01_1	15	191883	79
Chi_P01_1	15	191883	15
Chi_P01_1	16	311203	130
Chi_P01_1	16	311203	106
Chi_P01_1	16	311203	65
Chi_P01_1	16	311203	226
Chi_P01_1	16	311203	185
Chi_P01_1	16	311203	114
Chi_P01_1	16	311203	98
Chi_P01_1	16	311203	112
Chi_P01_1	16	311203	223
Chi_P01_1	16	311203	84
Chi_P01_1	16	311203	68
Chi_P01_1	16	311203	74
Chi_P01_1	16	311203	57
Chi_P01_1	16	311203	37
Chi_P01_1	16	311203	112
Chi_P01_1	16	311203	66
Chi_P01_1	16	311203	126
Chi_P01_1	16	311203	133
Chi_P01_1	16	311203	146
Chi_P01_1	16	311203	89
Chi_P01_1	16	311203	120
Chi_P01_1	16	311203	96
Chi_P01_1	16	311203	121
Chi_P01_1	16	311203	170
Chi_P01_1	16	311203	112
Chi_P01_1	16	311203	96
Chi_P01_1	16	311203	119
Chi_P01_1	16	311203	94
Chi_P01_1	16	311203	203
Chi_P01_1	16	311203	254
Chi_P01_1	16	311203	233
Chi_P01_1	16	311203	248
Chi_P01_1	16	311203	134
Chi_P01_1	16	311203	148
Chi_P01_1	16	311203	118
Chi_P01_1	16	311203	107
Chi_P01_1	16	311203	106
Chi_P01_1	16	311203	168
Chi_P01_1	16	311203	148
Chi_P01_1	16	311203	124
Chi_P01_1	16	311203	120
Chi_P01_1	16	311203	117
Chi_P01_1	16	311203	158
Chi_P01_1	16	311203	10
Chi_P01_1	16	311203	107
Chi_P01_1	16	311203	152
Chi_P01_1	16	311203	95
Chi_P01_1	16	311203	479
Chi_P01_1	16	311203	167
Chi_P01_1	16	311203	118
Chi_P01_1	16	311203	191
Chi_P01_1	16	311203	201
Chi_P01_1	16	311203	195
Chi_P01_1	16	311203	127
Chi_P01_1	16	311203	181
Chi_P01_1	16	311203	306
Chi_P01_1	16	311203	172
Chi_P01_1	16	311203	247
Chi_P01_1	16	311203	149
Chi_P01_1	16	311203	145
Chi_P01_1	16	311203	157
Chi_P01_1	16	311203	132
Chi_P01_1	16	311203	97
Chi_P01_1	16	311203	142
Chi_P01_1	16	311203	151
Chi_P01_1	16	311203	129
Chi_P01_1	16	311203	58
Chi_P01_1	16	311203	126
Chi_P01_1	16	311203	149
Chi_P01_1	16	311203	186
Chi_P01_1	16	311203	154
Chi_P01_1	16	311203	75
Chi_P01_1	16	311203	153
Chi_P01_1	16	311203	106
Chi_P01_1	16	311203	198
Chi_P01_1	16	311203	65
Chi_P01_1	16	311203	91
Chi_P01_1	16	311203	320
Chi_P01_1	16	311203	50
Chi_P01_1	16	311203	221
Chi_P01_1	16	311203	117
Chi_P01_1	16	311203	44
Chi_P01_1	16	311203	76
Chi_P01_1	16	311203	202
Chi_P01_1	16	311203	315
Chi_P01_1	16	311203	57
Chi_P01_1	16	311203	325
Chi_P01_1	16	311203	164
Chi_P01_1	16	311203	99
Chi_P01_1	16	311203	82
Chi_P01_1	16	311203	52
Chi_P01_1	16	311203	134
Chi_P01_1	16	311203	165
Chi_P01_1	16	311203	90
Chi_P01_1	16	311203	93
Chi_P01_1	16	311203	121
Chi_P01_1	16	311203	171
Chi_P01_1	16	311203	134
Chi_P01_1	16	311203	192
Chi_P01_1	16	311203	109
Chi_P01_1	16	311203	123
Chi_P01_1	16	311203	111
Chi_P01_1	16	311203	128
Chi_P01_1	16	311203	80
Chi_P01_1	16	311203	99
Chi_P01_1	16	311203	96
Chi_P01_1	16	311203	36
Chi_P01_1	16	311203	121
Chi_P01_1	16	311203	78
Chi_P01_1	16	311203	59
Chi_P01_1	16	311203	172
Chi_P01_1	16	311203	125
Chi_P01_1	16	311203	28
Chi_P01_1	16	311203	136
Chi_P01_1	16	311203	112
Chi_P01_1	16	311203	138
Chi_P01_1	16	311203	192
Chi_P01_1	16	311203	121
Chi_P01_1	16	311203	238
Chi_P01_1	16	311203	149
Chi_P01_1	16	311203	121
Chi_P01_1	16	311203	176
Chi_P01_1	16	311203	84
Chi_P01_1	16	311203	170
Chi_P01_1	16	311203	122
Chi_P01_1	16	311203	127
Chi_P01_1	16	311203	163
Chi_P01_1	16	311203	215
Chi_P01_1	17	219823	86
Chi_P01_1	17	219823	81
Chi_P01_1	17	219823	167
Chi_P01_1	17	219823	188
Chi_P01_1	17	219823	154
Chi_P01_1	17	219823	114
Chi_P01_1	17	219823	87
Chi_P01_1	17	219823	95
Chi_P01_1	17	219823	116
Chi_P01_1	17	219823	189
Chi_P01_1	17	219823	170
Chi_P01_1	17	219823	161
Chi_P01_1	17	219823	110
Chi_P01_1	17	219823	128
Chi_P01_1	17	219823	456
Chi_P01_1	17	219823	113
Chi_P01_1	17	219823	126
Chi_P01_1	17	219823	129
Chi_P01_1	17	219823	149
Chi_P01_1	17	219823	118
Chi_P01_1	17	219823	237
Chi_P01_1	17	219823	159
Chi_P01_1	17	219823	101
Chi_P01_1	17	219823	183
Chi_P01_1	17	219823	134
Chi_P01_1	17	219823	80
Chi_P01_1	17	219823	116
Chi_P01_1	17	219823	150
Chi_P01_1	17	219823	110
Chi_P01_1	17	219823	161
Chi_P01_1	17	219823	134
Chi_P01_1	17	219823	63
Chi_P01_1	17	219823	131
Chi_P01_1	17	219823	91
Chi_P01_1	17	219823	134
Chi_P01_1	17	219823	120
Chi_P01_1	17	219823	131
Chi_P01_1	17	219823	82
Chi_P01_1	17	219823	155
Chi_P01_1	17	219823	156
Chi_P01_1	17	219823	131
Chi_P01_1	17	219823	94
Chi_P01_1	17	219823	259
Chi_P01_1	17	219823	108
Chi_P01_1	17	219823	120
Chi_P01_1	17	219823	116
Chi_P01_1	17	219823	100
Chi_P01_1	17	219823	163
Chi_P01_1	17	219823	101
Chi_P01_1	17	219823	201
Chi_P01_1	17	219823	52
Chi_P01_1	17	219823	136
Chi_P01_1	17	219823	214
Chi_P01_1	17	219823	158
Chi_P01_1	17	219823	43
Chi_P01_1	18	279435	113
Chi_P01_1	18	279435	18
Chi_P01_1	18	279435	99
Chi_P01_1	18	279435	109
Chi_P01_1	18	279435	118
Chi_P01_1	18	279435	117
Chi_P01_1	18	279435	99
Chi_P01_1	18	279435	15
Chi_P01_1	18	279435	175
Chi_P01_1	18	279435	123
Chi_P01_1	18	279435	122
Chi_P01_1	18	279435	206
Chi_P01_1	18	279435	168
Chi_P01_1	18	279435	85
Chi_P01_1	18	279435	90
Chi_P01_1	18	279435	144
Chi_P01_1	18	279435	118
Chi_P01_1	18	279435	236
Chi_P01_1	18	279435	156
Chi_P01_1	18	279435	160
Chi_P01_1	18	279435	139
Chi_P01_1	18	279435	92
Chi_P01_1	18	279435	130
Chi_P01_1	18	279435	119
Chi_P01_1	18	279435	187
Chi_P01_1	18	279435	132
Chi_P01_1	18	279435	124
Chi_P01_1	18	279435	132
Chi_P01_1	18	279435	101
Chi_P01_1	18	279435	104
Chi_P01_1	18	279435	180
Chi_P01_1	18	279435	59
Chi_P01_1	18	279435	189
Chi_P01_1	18	279435	84
Chi_P01_1	18	279435	131
Chi_P01_1	18	279435	55
Chi_P01_1	18	279435	219
Chi_P01_1	18	279435	110
Chi_P01_1	18	279435	170
Chi_P01_1	18	279435	250
Chi_P01_1	18	279435	98
Chi_P01_1	18	279435	138
Chi_P01_1	18	279435	166
Chi_P01_1	18	279435	180
Chi_P01_1	18	279435	154
Chi_P01_1	18	279435	99
Chi_P01_1	18	279435	105
Chi_P01_1	18	279435	60
Chi_P01_1	18	279435	260
Chi_P01_1	18	279435	100
Chi_P01_1	18	279435	119
Chi_P01_1	18	279435	138
Chi_P01_1	18	279435	90
Chi_P01_1	18	279435	156
Chi_P01_1	18	279435	88
Chi_P01_1	18	279435	157
Chi_P01_1	18	279435	145
Chi_P01_1	18	279435	141
Chi_P01_1	18	279435	235
Chi_P01_1	18	279435	159
Chi_P01_1	18	279435	126
Chi_P01_1	18	279435	217
Chi_P01_1	18	279435	124
Chi_P01_1	18	279435	63
Chi_P01_1	18	279435	99
Chi_P01_1	18	279435	159
Chi_P01_1	18	279435	125
Chi_P01_1	18	279435	125
Chi_P01_1	18	279435	111
Chi_P01_1	18	279435	171
Chi_P01_1	18	279435	100
Chi_P01_1	18	279435	176
Chi_P01_1	18	279435	172
Chi_P01_1	18	279435	102
Chi_P01_1	18	279435	237
Chi_P01_1	18	279435	193
Chi_P01_1	18	279435	198
Chi_P01_1	18	279435	359
Chi_P01_1	18	279435	174
Chi_P01_1	18	279435	161
Chi_P01_1	18	279435	107
Chi_P01_1	18	279435	93
Chi_P01_1	18	279435	148
Chi_P01_1	18	279435	121
Chi_P01_1	18	279435	146
Chi_P01_1	18	279435	112
Chi_P01_1	18	279435	154
Chi_P01_1	19	309199	144
Chi_P01_1	19	309199	72
Chi_P01_1	19	309199	113
Chi_P01_1	19	309199	151
Chi_P01_1	19	309199	65
Chi_P01_1	19	309199	84
Chi_P01_1	19	309199	79
Chi_P01_1	19	309199	111
Chi_P01_1	19	309199	128
Chi_P01_1	19	309199	144
Chi_P01_1	19	309199	187
Chi_P01_1	19	309199	165
Chi_P01_1	19	309199	111
Chi_P01_1	19	309199	222
Chi_P01_1	19	309199	156
Chi_P01_1	19	309199	160
Chi_P01_1	19	309199	308
Chi_P01_1	19	309199	173
Chi_P01_1	19	309199	114
Chi_P01_1	19	309199	267
Chi_P01_1	19	309199	93
Chi_P01_1	19	309199	179
Chi_P01_1	19	309199	116
Chi_P01_1	19	309199	149
Chi_P01_1	19	309199	125
Chi_P01_1	19	309199	127
Chi_P01_1	19	309199	223
Chi_P01_1	19	309199	143
Chi_P01_1	19	309199	142
Chi_P01_1	19	309199	201
Chi_P01_1	19	309199	114
Chi_P01_1	19	309199	207
Chi_P01_1	19	309199	133
Chi_P01_1	19	309199	169
Chi_P01_1	19	309199	155
Chi_P01_1	19	309199	130
Chi_P01_1	19	309199	116
Chi_P01_1	19	309199	177
Chi_P01_1	19	309199	95
Chi_P01_1	19	309199	80
Chi_P01_1	19	309199	117
Chi_P01_1	19	309199	126
Chi_P01_1	19	309199	143
Chi_P01_1	19	309199	214
Chi_P01_1	19	309199	139
Chi_P01_1	19	309199	121
Chi_P01_1	19	309199	177
Chi_P01_1	19	309199	27
Chi_P01_1	19	309199	132
Chi_P01_1	19	309199	95
Chi_P01_1	19	309199	81
Chi_P01_1	19	309199	403
Chi_P01_1	19	309199	145
Chi_P01_1	19	309199	62
Chi_P01_1	19	309199	86
Chi_P01_1	19	309199	118
Chi_P01_1	19	309199	94
Chi_P01_1	19	309199	157
Chi_P01_1	19	309199	126
Chi_P01_1	19	309199	128
Chi_P01_1	19	309199	399
Chi_P01_1	19	309199	13
Chi_P01_1	19	309199	130
Chi_P01_1	19	309199	80
Chi_P01_1	19	309199	139
Chi_P01_1	19	309199	148
Chi_P01_1	19	309199	171
Chi_P01_1	19	309199	111
Chi_P01_1	19	309199	165
Chi_P01_1	19	309199	194
Chi_P01_1	19	309199	68
Chi_P01_1	19	309199	174
Chi_P01_1	19	309199	145
Chi_P01_1	19	309199	164
Chi_P01_1	19	309199	311
Chi_P01_1	19	309199	42
Chi_P01_1	19	309199	131
Chi_P01_1	19	309199	111
Chi_P01_1	19	309199	125
Chi_P01_1	19	309199	150
Chi_P01_1	19	309199	134
Chi_P01_1	19	309199	152
Chi_P01_1	19	309199	68
Chi_P01_1	19	309199	120
Chi_P01_1	19	309199	128
Chi_P01_1	19	309199	106
Chi_P01_1	19	309199	166
Chi_P01_1	19	309199	161
Chi_P01_1	19	309199	195
Chi_P01_1	19	309199	165
Chi_P01_1	19	309199	140
Chi_P01_1	19	309199	159
Chi_P01_1	19	309199	155
Chi_P01_1	19	309199	160
Chi_P01_1	19	309199	153
Chi_P01_1	19	309199	124
Chi_P01_1	19	309199	334
Chi_P01_1	19	309199	106
Chi_P01_1	19	309199	174
Chi_P01_1	19	309199	152
Chi_P01_1	19	309199	93
Chi_P01_1	19	309199	162
Chi_P01_1	19	309199	74
Chi_P01_1	19	309199	128
Chi_P01_1	19	309199	67
Chi_P01_1	19	309199	287
Chi_P01_1	19	309199	56
Chi_P01_1	19	309199	123
Chi_P01_1	19	309199	109
Chi_P01_1	19	309199	141
Chi_P01_1	19	309199	149
Chi_P01_1	19	309199	164
Chi_P01_1	19	309199	94
Chi_P01_1	19	309199	77
Chi_P01_1	19	309199	204
Chi_P01_1	19	309199	81
Chi_P01_1	19	309199	111
Chi_P01_1	19	309199	70
Chi_P01_1	19	309199	233
Chi_P01_1	19	309199	130
Chi_P01_1	19	309199	100
Chi_P01_1	19	309199	75
Chi_P01_1	19	309199	177
Chi_P01_1	19	309199	177
Chi_P01_1	19	309199	132
Chi_P01_1	19	309199	143
Chi_P01_1	19	309199	96
Chi_P01_1	19	309199	151
Chi_P01_1	20	302542	117
Chi_P01_1	20	302542	59
Chi_P01_1	20	302542	197
Chi_P01_1	20	302542	80
Chi_P01_1	20	302542	132
Chi_P01_1	20	302542	101
Chi_P01_1	20	302542	81
Chi_P01_1	20	302542	255
Chi_P01_1	20	302542	99
Chi_P01_1	20	302542	87
Chi_P01_1	20	302542	102
Chi_P01_1	20	302542	114
Chi_P01_1	20	302542	133
Chi_P01_1	20	302542	140
Chi_P01_1	20	302542	54
Chi_P01_1	20	302542	94
Chi_P01_1	20	302542	103
Chi_P01_1	20	302542	110
Chi_P01_1	20	302542	111
Chi_P01_1	20	302542	61
Chi_P01_1	20	302542	64
Chi_P01_1	20	302542	136
Chi_P01_1	20	302542	93
Chi_P01_1	20	302542	112
Chi_P01_1	20	302542	46
Chi_P01_1	20	302542	104
Chi_P01_1	20	302542	61
Chi_P01_1	20	302542	127
Chi_P01_1	20	302542	156
Chi_P01_1	20	302542	54
Chi_P01_1	20	302542	62
Chi_P01_1	20	302542	68
Chi_P01_1	20	302542	45
Chi_P01_1	20	302542	224
Chi_P01_1	20	302542	116
Chi_P01_1	20	302542	164
Chi_P01_1	20	302542	116
Chi_P01_1	20	302542	98
Chi_P01_1	20	302542	140
Chi_P01_1	20	302542	116
Chi_P01_1	20	302542	140
Chi_P01_1	20	302542	111
Chi_P01_1	20	302542	97
Chi_P01_1	20	302542	180
Chi_P01_1	20	302542	57
Chi_P01_1	20	302542	115
Chi_P01_1	20	302542	90
Chi_P01_1	20	302542	193
Chi_P01_1	20	302542	104
Chi_P01_1	20	302542	110
Chi_P01_1	20	302542	106
Chi_P01_1	20	302542	131
Chi_P01_1	20	302542	126
Chi_P01_1	20	302542	87
Chi_P01_1	20	302542	110
Chi_P01_1	20	302542	52
Chi_P01_1	20	302542	94
Chi_P01_1	20	302542	136
Chi_P01_1	20	302542	109
Chi_P01_1	20	302542	91
Chi_P01_1	20	302542	336
Chi_P01_1	20	302542	82
Chi_P01_1	20	302542	168
Chi_P01_1	20	302542	106
Chi_P01_1	20	302542	218
Chi_P01_1	20	302542	68
Chi_P01_1	20	302542	61
Chi_P01_1	20	302542	167
Chi_P01_1	20	302542	116
Chi_P01_1	20	302542	131
Chi_P01_1	20	302542	58
Chi_P01_1	20	302542	86
Chi_P01_1	20	302542	91
Chi_P01_1	20	302542	89
Chi_P01_1	20	302542	109
Chi_P01_1	20	302542	143
Chi_P01_1	20	302542	87
Chi_P01_1	20	302542	102
Chi_P01_1	20	302542	146
Chi_P01_1	20	302542	49
Chi_P01_1	20	302542	70
Chi_P01_1	20	302542	137
Chi_P01_1	20	302542	46
Chi_P01_1	20	302542	95
Chi_P01_1	20	302542	60
Chi_P01_1	20	302542	111
Chi_P01_1	20	302542	55
Chi_P01_1	20	302542	548
Chi_P01_1	20	302542	173
Chi_P01_1	20	302542	123
Chi_P01_1	20	302542	51
Chi_P01_1	20	302542	188
Chi_P01_1	20	302542	98
Chi_P01_1	20	302542	98
Chi_P01_1	20	302542	164
Chi_P01_1	20	302542	112
Chi_P01_1	20	302542	90
Chi_P01_1	20	302542	103
Chi_P01_1	20	302542	128
Chi_P01_1	20	302542	98
Chi_P01_1	20	302542	149
Chi_P01_1	20	302542	160
Chi_P01_1	20	302542	92
Chi_P01_1	20	302542	219
Chi_P01_1	20	302542	253
Chi_P01_1	20	302542	95
Chi_P01_1	20	302542	283
Chi_P01_1	20	302542	111
Chi_P01_1	20	302542	73
Chi_P01_1	20	302542	75
Chi_P01_1	20	302542	149
Chi_P01_1	20	302542	222
Chi_P01_1	20	302542	44
Chi_P01_1	20	302542	107
Chi_P01_1	20	302542	83
Chi_P01_1	20	302542	90
Chi_P01_1	20	302542	104
Chi_P01_1	20	302542	213
Chi_P01_1	20	302542	43
Chi_P01_1	20	302542	79
Chi_P01_1	20	302542	73
Chi_P01_1	20	302542	38
Chi_P01_1	20	302542	112
Chi_P01_1	20	302542	264
Chi_P01_1	20	302542	73
Chi_P01_1	20	302542	47
Chi_P01_1	20	302542	52
Chi_P01_1	20	302542	64
Chi_P01_1	20	302542	111
Chi_P01_1	20	302542	79
Chi_P01_1	20	302542	20
Chi_P01_1	20	302542	208
Chi_P01_1	20	302542	105
Chi_P01_1	20	302542	104
Chi_P01_1	20	302542	101
Chi_P01_1	20	302542	63
Chi_P01_1	20	302542	76
Chi_P01_1	20	302542	117
Chi_P01_1	20	302542	233
Chi_P01_1	20	302542	45
Chi_P01_1	20	302542	175
Chi_P01_1	20	302542	175
Chi_P01_1	20	302542	63
Chi_P01_1	20	302542	313
Chi_P01_1	20	302542	72
Chi_P01_1	20	302542	101
Chi_P01_1	20	302542	129
Chi_P01_1	20	302542	339
Chi_P01_1	20	302542	68
Chi_P01_1	20	302542	79
Chi_P01_1	20	302542	89
Chi_P01_1	20	302542	66
Chi_P01_1	20	302542	10
Chi_P01_1	20	302542	166
Chi_P01_1	20	302542	120
Chi_P01_1	20	302542	80
Chi_P01_1	20	302542	100
Chi_P01_1	20	302542	118
Chi_P01_1	20	302542	190
Chi_P01_1	20	302542	112
Chi_P01_1	20	302542	167
Chi_P01_1	20	302542	183
Chi_P01_1	20	302542	126
Chi_P01_1	20	302542	107
Chi_P01_1	20	302542	15
Chi_P01_1	21	305612	113
Chi_P01_1	21	305612	169
Chi_P01_1	21	305612	108
Chi_P01_1	21	305612	85
Chi_P01_1	21	305612	81
Chi_P01_1	21	305612	124
Chi_P01_1	21	305612	125
Chi_P01_1	21	305612	105
Chi_P01_1	21	305612	85
Chi_P01_1	21	305612	88
Chi_P01_1	21	305612	118
Chi_P01_1	21	305612	110
Chi_P01_1	21	305612	105
Chi_P01_1	21	305612	26
Chi_P01_1	21	305612	120
Chi_P01_1	21	305612	91
Chi_P01_1	21	305612	93
Chi_P01_1	21	305612	104
Chi_P01_1	21	305612	90
Chi_P01_1	21	305612	126
Chi_P01_1	21	305612	100
Chi_P01_1	21	305612	184
Chi_P01_1	21	305612	22
Chi_P01_1	21	305612	134
Chi_P01_1	21	305612	73
Chi_P01_1	21	305612	111
Chi_P01_1	21	305612	184
Chi_P01_1	21	305612	240
Chi_P01_1	21	305612	228
Chi_P01_1	21	305612	129
Chi_P01_1	21	305612	149
Chi_P01_1	21	305612	79
Chi_P01_1	21	305612	82
Chi_P01_1	21	305612	98
Chi_P01_1	21	305612	179
Chi_P01_1	21	305612	100
Chi_P01_1	21	305612	107
Chi_P01_1	21	305612	82
Chi_P01_1	21	305612	131
Chi_P01_1	21	305612	107
Chi_P01_1	21	305612	221
Chi_P01_1	21	305612	158
Chi_P01_1	21	305612	134
Chi_P01_1	21	305612	104
Chi_P01_1	21	305612	265
Chi_P01_1	21	305612	85
Chi_P01_1	21	305612	100
Chi_P01_1	21	305612	95
Chi_P01_1	21	305612	98
Chi_P01_1	21	305612	103
Chi_P01_1	21	305612	215
Chi_P01_1	21	305612	217
Chi_P01_1	21	305612	113
Chi_P01_1	21	305612	118
Chi_P01_1	21	305612	77
Chi_P01_1	21	305612	10
Chi_P01_1	21	305612	64
Chi_P01_1	21	305612	97
Chi_P01_1	21	305612	90
Chi_P01_1	21	305612	99
Chi_P01_1	21	305612	380
Chi_P01_1	21	305612	126
Chi_P01_1	21	305612	106
Chi_P01_1	21	305612	92
Chi_P01_1	21	305612	136
Chi_P01_1	21	305612	108
Chi_P01_1	21	305612	128
Chi_P01_1	21	305612	98
Chi_P01_1	21	305612	69
Chi_P01_1	21	305612	102
Chi_P01_1	21	305612	119
Chi_P01_1	21	305612	53
Chi_P01_1	21	305612	44
Chi_P01_1	21	305612	95
Chi_P01_1	21	305612	131
Chi_P01_1	21	305612	185
Chi_P01_1	21	305612	48
Chi_P01_1	21	305612	121
Chi_P01_1	21	305612	240
Chi_P01_1	21	305612	143
Chi_P01_1	21	305612	88
Chi_P01_1	21	305612	135
Chi_P01_1	21	305612	126
Chi_P01_1	21	305612	169
Chi_P01_1	21	305612	234
Chi_P01_1	21	305612	184
Chi_P01_1	21	305612	196
Chi_P01_1	21	305612	177
Chi_P01_1	21	305612	65
Chi_P01_1	21	305612	105
Chi_P01_1	21	305612	303
Chi_P01_1	21	305612	413
Chi_P01_1	21	305612	156
Chi_P01_1	21	305612	142
Chi_P01_1	21	305612	165
Chi_P01_1	21	305612	137
Chi_P01_1	21	305612	26
Chi_P01_1	21	305612	172
Chi_P01_1	21	305612	239
Chi_P01_1	21	305612	138
Chi_P01_1	21	305612	101
Chi_P01_1	21	305612	197
Chi_P01_1	21	305612	229
Chi_P01_1	21	305612	122
Chi_P01_1	21	305612	101
Chi_P01_1	21	305612	124
Chi_P01_1	21	305612	101
Chi_P01_1	21	305612	119
Chi_P01_1	21	305612	185
Chi_P01_1	21	305612	158
Chi_P01_1	21	305612	135
Chi_P01_1	21	305612	106
Chi_P01_1	21	305612	152
Chi_P01_1	22	359070	94
Chi_P01_1	22	359070	66
Chi_P01_1	22	359070	45
Chi_P01_1	22	359070	107
Chi_P01_1	22	359070	99
Chi_P01_1	22	359070	81
Chi_P01_1	22	359070	49
Chi_P01_1	22	359070	86
Chi_P01_1	22	359070	146
Chi_P01_1	22	359070	89
Chi_P01_1	22	359070	217
Chi_P01_1	22	359070	114
Chi_P01_1	22	359070	84
Chi_P01_1	22	359070	77
Chi_P01_1	22	359070	109
Chi_P01_1	22	359070	118
Chi_P01_1	22	359070	93
Chi_P01_1	22	359070	105
Chi_P01_1	22	359070	73
Chi_P01_1	22	359070	109
Chi_P01_1	22	359070	111
Chi_P01_1	22	359070	131
Chi_P01_1	22	359070	108
Chi_P01_1	22	359070	202
Chi_P01_1	22	359070	137
Chi_P01_1	22	359070	126
Chi_P01_1	22	359070	176
Chi_P01_1	22	359070	164
Chi_P01_1	22	359070	81
Chi_P01_1	22	359070	51
Chi_P01_1	22	359070	24
Chi_P01_1	22	359070	85
Chi_P01_1	22	359070	116
Chi_P01_1	22	359070	50
Chi_P01_1	22	359070	21
Chi_P01_1	22	359070	106
Chi_P01_1	22	359070	107
Chi_P01_1	22	359070	123
Chi_P01_1	22	359070	254
Chi_P01_1	22	359070	122
Chi_P01_1	22	359070	127
Chi_P01_1	22	359070	127
Chi_P01_1	22	359070	150
Chi_P01_1	22	359070	120
Chi_P01_1	22	359070	151
Chi_P01_1	22	359070	113
Chi_P01_1	22	359070	116
Chi_P01_1	22	359070	130
Chi_P01_1	22	359070	55
Chi_P01_1	22	359070	182
Chi_P01_1	22	359070	139
Chi_P01_1	22	359070	139
Chi_P01_1	22	359070	175
Chi_P01_1	22	359070	104
Chi_P01_1	22	359070	137
Chi_P01_1	22	359070	181
Chi_P01_1	22	359070	155
Chi_P01_1	22	359070	149
Chi_P01_1	22	359070	158
Chi_P01_1	22	359070	212
Chi_P01_1	22	359070	175
Chi_P01_1	22	359070	122
Chi_P01_1	22	359070	147
Chi_P01_1	22	359070	41
Chi_P01_1	22	359070	83
Chi_P01_1	22	359070	93
Chi_P01_1	22	359070	148
Chi_P01_1	22	359070	66
Chi_P01_1	22	359070	194
Chi_P01_1	22	359070	74
Chi_P01_1	22	359070	125
Chi_P01_1	22	359070	195
Chi_P01_1	22	359070	114
Chi_P01_1	22	359070	44
Chi_P01_1	22	359070	154
Chi_P01_1	22	359070	79
Chi_P01_1	22	359070	97
Chi_P01_1	22	359070	74
Chi_P01_1	22	359070	124
Chi_P01_1	22	359070	38
Chi_P01_1	22	359070	119
Chi_P01_1	22	359070	123
Chi_P01_1	22	359070	93
Chi_P01_1	22	359070	206
Chi_P01_1	22	359070	174
Chi_P01_1	22	359070	126
Chi_P01_1	22	359070	101
Chi_P01_1	22	359070	78
Chi_P01_1	22	359070	72
Chi_P01_1	22	359070	111
Chi_P01_1	22	359070	103
Chi_P01_1	22	359070	240
Chi_P01_1	22	359070	113
Chi_P01_1	22	359070	130
Chi_P01_1	22	359070	85
Chi_P01_1	22	359070	54
Chi_P01_1	22	359070	96
Chi_P01_1	22	359070	70
Chi_P01_1	22	359070	151
Chi_P01_1	22	359070	71
Chi_P01_1	22	359070	152
Chi_P01_1	22	359070	97
Chi_P01_1	22	359070	139
Chi_P01_1	22	359070	74
Chi_P01_1	22	359070	96
Chi_P01_1	22	359070	221
Chi_P01_1	22	359070	89
Chi_P01_1	22	359070	82
Chi_P01_1	22	359070	104
Chi_P01_1	22	359070	66
Chi_P01_1	22	359070	45
Chi_P01_1	23	343560	95
Chi_P01_1	23	343560	94
Chi_P01_1	23	343560	105
Chi_P01_1	23	343560	110
Chi_P01_1	23	343560	173
Chi_P01_1	23	343560	135
Chi_P01_1	23	343560	214
Chi_P01_1	23	343560	123
Chi_P01_1	23	343560	104
Chi_P01_1	23	343560	50
Chi_P01_1	23	343560	123
Chi_P01_1	23	343560	134
Chi_P01_1	23	343560	145
Chi_P01_1	23	343560	128
Chi_P01_1	23	343560	123
Chi_P01_1	23	343560	115
Chi_P01_1	23	343560	130
Chi_P01_1	23	343560	84
Chi_P01_1	23	343560	170
Chi_P01_1	23	343560	140
Chi_P01_1	23	343560	201
Chi_P01_1	23	343560	122
Chi_P01_1	23	343560	144
Chi_P01_1	23	343560	101
Chi_P01_1	23	343560	93
Chi_P01_1	23	343560	71
Chi_P01_1	23	343560	73
Chi_P01_1	23	343560	124
Chi_P01_1	23	343560	119
Chi_P01_1	23	343560	109
Chi_P01_1	23	343560	269
Chi_P01_1	23	343560	106
Chi_P01_1	23	343560	200
Chi_P01_1	23	343560	162
Chi_P01_1	23	343560	44
Chi_P01_1	23	343560	141
Chi_P01_1	23	343560	89
Chi_P01_1	23	343560	149
Chi_P01_1	23	343560	126
Chi_P01_1	23	343560	139
Chi_P01_1	23	343560	69
Chi_P01_1	23	343560	153
Chi_P01_1	23	343560	114
Chi_P01_1	23	343560	121
Chi_P01_1	23	343560	206
Chi_P01_1	23	343560	123
Chi_P01_1	23	343560	139
Chi_P01_1	23	343560	101
Chi_P01_1	23	343560	217
Chi_P01_1	23	343560	128
Chi_P01_1	23	343560	64
Chi_P01_1	23	343560	94
Chi_P01_1	23	343560	102
Chi_P01_1	23	343560	112
Chi_P01_1	23	343560	90
Chi_P01_1	23	343560	179
Chi_P01_1	23	343560	108
Chi_P01_1	23	343560	131
Chi_P01_1	23	343560	119
Chi_P01_1	23	343560	105
Chi_P01_1	23	343560	70
Chi_P01_1	23	343560	162
Chi_P01_1	23	343560	111
Chi_P01_1	23	343560	107
Chi_P01_1	23	343560	62
Chi_P01_1	23	343560	176
Chi_P01_1	23	343560	116
Chi_P01_1	23	343560	46
Chi_P01_1	23	343560	33
Chi_P01_1	23	343560	208
Chi_P01_1	23	343560	88
Chi_P01_1	23	343560	134
Chi_P01_1	23	343560	126
Chi_P01_1	23	343560	90
Chi_P01_1	23	343560	143
Chi_P01_1	23	343560	104
Chi_P01_1	23	343560	95
Chi_P01_1	23	343560	125
Chi_P01_1	23	343560	239
Chi_P01_1	24	298877	24
Chi_P01_1	24	298877	101
Chi_P01_1	24	298877	103
Chi_P01_1	24	298877	98
Chi_P01_1	24	298877	45
Chi_P01_1	24	298877	94
Chi_P01_1	24	298877	119
Chi_P01_1	24	298877	73
Chi_P01_1	24	298877	167
Chi_P01_1	24	298877	83
Chi_P01_1	24	298877	168
Chi_P01_1	24	298877	73
Chi_P01_1	24	298877	66
Chi_P01_1	24	298877	106
Chi_P01_1	24	298877	76
Chi_P01_1	24	298877	78
Chi_P01_1	24	298877	48
Chi_P01_1	24	298877	30
Chi_P01_1	24	298877	105
Chi_P01_1	24	298877	38
Chi_P01_1	24	298877	59
Chi_P01_1	24	298877	84
Chi_P01_1	24	298877	90
Chi_P01_1	24	298877	104
Chi_P01_1	24	298877	100
Chi_P01_1	24	298877	101
Chi_P01_1	24	298877	83
Chi_P01_1	24	298877	106
Chi_P01_1	24	298877	66
Chi_P01_1	24	298877	124
Chi_P01_1	24	298877	136
Chi_P01_1	24	298877	56
Chi_P01_1	24	298877	106
Chi_P01_1	24	298877	64
Chi_P01_1	24	298877	126
Chi_P01_1	24	298877	93
Chi_P01_1	24	298877	83
Chi_P01_1	24	298877	17
Chi_P01_1	24	298877	125
Chi_P01_1	24	298877	68
Chi_P01_1	24	298877	150
Chi_P01_1	24	298877	117
Chi_P01_1	24	298877	113
Chi_P01_1	24	298877	175
Chi_P01_1	24	298877	140
Chi_P01_1	24	298877	95
Chi_P01_1	24	298877	183
Chi_P01_1	24	298877	87
Chi_P01_1	24	298877	85
Chi_P01_1	24	298877	139
Chi_P01_1	24	298877	48
Chi_P01_1	24	298877	85
Chi_P01_1	24	298877	172
Chi_P01_1	24	298877	118
Chi_P01_1	24	298877	127
Chi_P01_1	24	298877	189
Chi_P01_1	24	298877	95
Chi_P01_1	24	298877	318
Chi_P01_1	24	298877	189
Chi_P01_1	24	298877	91
Chi_P01_1	24	298877	64
Chi_P01_1	24	298877	191
Chi_P01_1	24	298877	56
Chi_P01_1	24	298877	148
Chi_P01_1	24	298877	78
Chi_P01_1	24	298877	98
Chi_P01_1	24	298877	195
Chi_P01_1	24	298877	125
Chi_P01_1	24	298877	125
Chi_P01_1	24	298877	148
Chi_P01_1	24	298877	352
Chi_P01_1	24	298877	133
Chi_P01_1	24	298877	51
Chi_P01_1	24	298877	174
Chi_P01_1	24	298877	62
Chi_P01_1	24	298877	116
Chi_P01_1	24	298877	116
Chi_P01_1	24	298877	158
Chi_P01_1	24	298877	152
Chi_P01_1	24	298877	109
Chi_P01_1	24	298877	108
Chi_P01_1	24	298877	92
Chi_P01_1	24	298877	227
Chi_P01_1	24	298877	87
Chi_P01_1	24	298877	209
Chi_P01_1	24	298877	120
Chi_P01_1	24	298877	128
Chi_P01_1	24	298877	102
Chi_P01_1	24	298877	145
Chi_P01_1	24	298877	195
Chi_P01_1	24	298877	201
Chi_P01_1	24	298877	84
Chi_P01_1	24	298877	111
Chi_P01_1	24	298877	135
Chi_P01_1	24	298877	38
Chi_P01_1	24	298877	219
Chi_P01_1	24	298877	179
Chi_P01_1	24	298877	137
Chi_P01_1	24	298877	140
Chi_P01_1	24	298877	157
Chi_P01_1	24	298877	139
Chi_P01_1	24	298877	81
Chi_P01_1	24	298877	407
Chi_P01_1	24	298877	199
Chi_P01_1	24	298877	133
Chi_P01_1	24	298877	162
Chi_P01_1	24	298877	141
Chi_P01_1	24	298877	237
Chi_P01_1	24	298877	135
Chi_P01_1	24	298877	144
Chi_P01_1	24	298877	95
Chi_P01_1	24	298877	61
Chi_P01_1	24	298877	140
Chi_P01_1	24	298877	82
Chi_P01_1	24	298877	151
Chi_P01_1	24	298877	156
Chi_P01_1	24	298877	67
Chi_P01_1	24	298877	288
Chi_P01_1	24	298877	142
Chi_P01_1	24	298877	40
Chi_P01_1	24	298877	83
Chi_P01_1	24	298877	97
Chi_P01_1	24	298877	171
