fichier	leaf	surfaceLeaf	surfaceLesion
Chi_P06_2	1	296836	171
Chi_P06_2	1	296836	127
Chi_P06_2	1	296836	92
Chi_P06_2	1	296836	102
Chi_P06_2	1	296836	178
Chi_P06_2	1	296836	89
Chi_P06_2	1	296836	91
Chi_P06_2	1	296836	142
Chi_P06_2	1	296836	164
Chi_P06_2	1	296836	135
Chi_P06_2	1	296836	73
Chi_P06_2	1	296836	110
Chi_P06_2	1	296836	91
Chi_P06_2	1	296836	158
Chi_P06_2	1	296836	145
Chi_P06_2	1	296836	145
Chi_P06_2	1	296836	134
Chi_P06_2	1	296836	90
Chi_P06_2	1	296836	119
Chi_P06_2	1	296836	108
Chi_P06_2	1	296836	218
Chi_P06_2	1	296836	126
Chi_P06_2	1	296836	140
Chi_P06_2	1	296836	136
Chi_P06_2	1	296836	85
Chi_P06_2	1	296836	182
Chi_P06_2	1	296836	91
Chi_P06_2	1	296836	150
Chi_P06_2	1	296836	252
Chi_P06_2	1	296836	137
Chi_P06_2	1	296836	183
Chi_P06_2	1	296836	133
Chi_P06_2	1	296836	118
Chi_P06_2	1	296836	157
Chi_P06_2	1	296836	103
Chi_P06_2	1	296836	85
Chi_P06_2	1	296836	120
Chi_P06_2	1	296836	127
Chi_P06_2	1	296836	149
Chi_P06_2	1	296836	116
Chi_P06_2	1	296836	122
Chi_P06_2	1	296836	95
Chi_P06_2	1	296836	115
Chi_P06_2	1	296836	105
Chi_P06_2	1	296836	106
Chi_P06_2	1	296836	205
Chi_P06_2	1	296836	103
Chi_P06_2	1	296836	236
Chi_P06_2	1	296836	91
Chi_P06_2	1	296836	101
Chi_P06_2	1	296836	105
Chi_P06_2	1	296836	118
Chi_P06_2	1	296836	102
Chi_P06_2	1	296836	159
Chi_P06_2	1	296836	129
Chi_P06_2	1	296836	145
Chi_P06_2	1	296836	178
Chi_P06_2	1	296836	245
Chi_P06_2	1	296836	130
Chi_P06_2	1	296836	404
Chi_P06_2	1	296836	136
Chi_P06_2	1	296836	168
Chi_P06_2	1	296836	142
Chi_P06_2	1	296836	170
Chi_P06_2	1	296836	122
Chi_P06_2	1	296836	117
Chi_P06_2	1	296836	95
Chi_P06_2	1	296836	162
Chi_P06_2	1	296836	155
Chi_P06_2	1	296836	103
Chi_P06_2	1	296836	136
Chi_P06_2	1	296836	363
Chi_P06_2	1	296836	134
Chi_P06_2	1	296836	85
Chi_P06_2	1	296836	75
Chi_P06_2	1	296836	82
Chi_P06_2	1	296836	147
Chi_P06_2	1	296836	163
Chi_P06_2	1	296836	112
Chi_P06_2	1	296836	94
Chi_P06_2	1	296836	270
Chi_P06_2	1	296836	200
Chi_P06_2	1	296836	94
Chi_P06_2	1	296836	114
Chi_P06_2	1	296836	238
Chi_P06_2	1	296836	243
Chi_P06_2	1	296836	114
Chi_P06_2	1	296836	289
Chi_P06_2	1	296836	155
Chi_P06_2	1	296836	175
Chi_P06_2	1	296836	133
Chi_P06_2	1	296836	100
Chi_P06_2	1	296836	142
Chi_P06_2	1	296836	129
Chi_P06_2	1	296836	120
Chi_P06_2	1	296836	282
Chi_P06_2	1	296836	119
Chi_P06_2	1	296836	154
Chi_P06_2	1	296836	158
Chi_P06_2	1	296836	218
Chi_P06_2	1	296836	78
Chi_P06_2	1	296836	115
Chi_P06_2	1	296836	63
Chi_P06_2	1	296836	93
Chi_P06_2	1	296836	97
Chi_P06_2	1	296836	113
Chi_P06_2	1	296836	157
Chi_P06_2	1	296836	120
Chi_P06_2	1	296836	68
Chi_P06_2	2	315625	161
Chi_P06_2	2	315625	145
Chi_P06_2	2	315625	196
Chi_P06_2	2	315625	154
Chi_P06_2	2	315625	147
Chi_P06_2	2	315625	149
Chi_P06_2	2	315625	172
Chi_P06_2	2	315625	152
Chi_P06_2	2	315625	144
Chi_P06_2	2	315625	135
Chi_P06_2	2	315625	145
Chi_P06_2	2	315625	105
Chi_P06_2	2	315625	122
Chi_P06_2	2	315625	230
Chi_P06_2	2	315625	186
Chi_P06_2	2	315625	132
Chi_P06_2	2	315625	580
Chi_P06_2	2	315625	191
Chi_P06_2	2	315625	172
Chi_P06_2	2	315625	119
Chi_P06_2	2	315625	123
Chi_P06_2	2	315625	120
Chi_P06_2	2	315625	158
Chi_P06_2	2	315625	209
Chi_P06_2	2	315625	175
Chi_P06_2	2	315625	165
Chi_P06_2	2	315625	175
Chi_P06_2	2	315625	150
Chi_P06_2	2	315625	94
Chi_P06_2	2	315625	119
Chi_P06_2	2	315625	203
Chi_P06_2	2	315625	147
Chi_P06_2	2	315625	89
Chi_P06_2	2	315625	122
Chi_P06_2	2	315625	117
Chi_P06_2	2	315625	159
Chi_P06_2	2	315625	130
Chi_P06_2	2	315625	99
Chi_P06_2	2	315625	173
Chi_P06_2	2	315625	139
Chi_P06_2	2	315625	160
Chi_P06_2	2	315625	344
Chi_P06_2	2	315625	123
Chi_P06_2	2	315625	140
Chi_P06_2	2	315625	143
Chi_P06_2	2	315625	143
Chi_P06_2	2	315625	446
Chi_P06_2	2	315625	211
Chi_P06_2	2	315625	190
Chi_P06_2	2	315625	136
Chi_P06_2	2	315625	116
Chi_P06_2	2	315625	230
Chi_P06_2	2	315625	217
Chi_P06_2	2	315625	95
Chi_P06_2	2	315625	176
Chi_P06_2	2	315625	192
Chi_P06_2	2	315625	232
Chi_P06_2	2	315625	95
Chi_P06_2	2	315625	140
Chi_P06_2	2	315625	125
Chi_P06_2	2	315625	108
Chi_P06_2	2	315625	111
Chi_P06_2	2	315625	232
Chi_P06_2	2	315625	113
Chi_P06_2	2	315625	226
Chi_P06_2	2	315625	178
Chi_P06_2	2	315625	153
Chi_P06_2	2	315625	689
Chi_P06_2	2	315625	432
Chi_P06_2	2	315625	130
Chi_P06_2	2	315625	114
Chi_P06_2	2	315625	214
Chi_P06_2	2	315625	90
Chi_P06_2	2	315625	176
Chi_P06_2	2	315625	151
Chi_P06_2	2	315625	190
Chi_P06_2	2	315625	117
Chi_P06_2	2	315625	193
Chi_P06_2	2	315625	155
Chi_P06_2	2	315625	107
Chi_P06_2	2	315625	98
Chi_P06_2	2	315625	118
Chi_P06_2	2	315625	216
Chi_P06_2	2	315625	132
Chi_P06_2	2	315625	25
Chi_P06_2	2	315625	213
Chi_P06_2	2	315625	217
Chi_P06_2	2	315625	74
Chi_P06_2	2	315625	16
Chi_P06_2	2	315625	15
Chi_P06_2	2	315625	157
Chi_P06_2	2	315625	132
Chi_P06_2	2	315625	141
Chi_P06_2	2	315625	166
Chi_P06_2	2	315625	168
Chi_P06_2	2	315625	45
Chi_P06_2	2	315625	100
Chi_P06_2	2	315625	295
Chi_P06_2	2	315625	63
Chi_P06_2	2	315625	76
Chi_P06_2	2	315625	169
Chi_P06_2	2	315625	84
Chi_P06_2	2	315625	68
Chi_P06_2	2	315625	100
Chi_P06_2	2	315625	117
Chi_P06_2	2	315625	176
Chi_P06_2	2	315625	236
Chi_P06_2	2	315625	171
Chi_P06_2	2	315625	97
Chi_P06_2	2	315625	121
Chi_P06_2	2	315625	112
Chi_P06_2	2	315625	190
Chi_P06_2	2	315625	184
Chi_P06_2	2	315625	134
Chi_P06_2	2	315625	141
Chi_P06_2	2	315625	130
Chi_P06_2	2	315625	164
Chi_P06_2	2	315625	172
Chi_P06_2	2	315625	183
Chi_P06_2	2	315625	144
Chi_P06_2	2	315625	177
Chi_P06_2	3	288042	66
Chi_P06_2	3	288042	67
Chi_P06_2	3	288042	81
Chi_P06_2	3	288042	139
Chi_P06_2	3	288042	85
Chi_P06_2	3	288042	88
Chi_P06_2	3	288042	107
Chi_P06_2	3	288042	99
Chi_P06_2	3	288042	96
Chi_P06_2	3	288042	161
Chi_P06_2	3	288042	98
Chi_P06_2	3	288042	328
Chi_P06_2	3	288042	161
Chi_P06_2	3	288042	105
Chi_P06_2	3	288042	95
Chi_P06_2	3	288042	131
Chi_P06_2	3	288042	201
Chi_P06_2	3	288042	120
Chi_P06_2	3	288042	183
Chi_P06_2	3	288042	161
Chi_P06_2	3	288042	143
Chi_P06_2	3	288042	120
Chi_P06_2	3	288042	114
Chi_P06_2	3	288042	158
Chi_P06_2	3	288042	153
Chi_P06_2	3	288042	226
Chi_P06_2	3	288042	141
Chi_P06_2	3	288042	166
Chi_P06_2	3	288042	193
Chi_P06_2	3	288042	194
Chi_P06_2	3	288042	170
Chi_P06_2	3	288042	89
Chi_P06_2	3	288042	109
Chi_P06_2	3	288042	212
Chi_P06_2	3	288042	133
Chi_P06_2	3	288042	173
Chi_P06_2	3	288042	56
Chi_P06_2	3	288042	133
Chi_P06_2	3	288042	112
Chi_P06_2	3	288042	186
Chi_P06_2	3	288042	246
Chi_P06_2	3	288042	194
Chi_P06_2	3	288042	186
Chi_P06_2	3	288042	162
Chi_P06_2	3	288042	121
Chi_P06_2	3	288042	168
Chi_P06_2	3	288042	99
Chi_P06_2	3	288042	178
Chi_P06_2	3	288042	70
Chi_P06_2	3	288042	19
Chi_P06_2	3	288042	119
Chi_P06_2	3	288042	114
Chi_P06_2	3	288042	125
Chi_P06_2	3	288042	112
Chi_P06_2	3	288042	185
Chi_P06_2	3	288042	299
Chi_P06_2	3	288042	109
Chi_P06_2	3	288042	115
Chi_P06_2	3	288042	254
Chi_P06_2	3	288042	136
Chi_P06_2	3	288042	153
Chi_P06_2	3	288042	223
Chi_P06_2	3	288042	262
Chi_P06_2	3	288042	124
Chi_P06_2	3	288042	114
Chi_P06_2	3	288042	134
Chi_P06_2	3	288042	88
Chi_P06_2	3	288042	149
Chi_P06_2	3	288042	89
Chi_P06_2	3	288042	124
Chi_P06_2	3	288042	145
Chi_P06_2	3	288042	112
Chi_P06_2	3	288042	439
Chi_P06_2	3	288042	106
Chi_P06_2	3	288042	99
Chi_P06_2	3	288042	76
Chi_P06_2	3	288042	93
Chi_P06_2	3	288042	264
Chi_P06_2	3	288042	112
Chi_P06_2	3	288042	148
Chi_P06_2	3	288042	112
Chi_P06_2	3	288042	222
Chi_P06_2	3	288042	170
Chi_P06_2	3	288042	134
Chi_P06_2	3	288042	132
Chi_P06_2	3	288042	155
Chi_P06_2	3	288042	148
Chi_P06_2	3	288042	130
Chi_P06_2	3	288042	135
Chi_P06_2	3	288042	109
Chi_P06_2	3	288042	80
Chi_P06_2	3	288042	143
Chi_P06_2	3	288042	89
Chi_P06_2	3	288042	112
Chi_P06_2	3	288042	88
Chi_P06_2	3	288042	219
Chi_P06_2	3	288042	92
Chi_P06_2	3	288042	14
Chi_P06_2	3	288042	48
Chi_P06_2	3	288042	12
Chi_P06_2	3	288042	129
Chi_P06_2	3	288042	97
Chi_P06_2	3	288042	126
Chi_P06_2	3	288042	168
Chi_P06_2	3	288042	155
Chi_P06_2	3	288042	88
Chi_P06_2	3	288042	90
Chi_P06_2	3	288042	251
Chi_P06_2	3	288042	79
Chi_P06_2	3	288042	94
Chi_P06_2	3	288042	124
Chi_P06_2	3	288042	154
Chi_P06_2	3	288042	144
Chi_P06_2	3	288042	109
Chi_P06_2	3	288042	94
Chi_P06_2	3	288042	113
Chi_P06_2	3	288042	79
Chi_P06_2	3	288042	265
Chi_P06_2	3	288042	161
Chi_P06_2	3	288042	145
Chi_P06_2	3	288042	83
Chi_P06_2	3	288042	151
Chi_P06_2	3	288042	172
Chi_P06_2	3	288042	120
Chi_P06_2	3	288042	100
Chi_P06_2	3	288042	128
Chi_P06_2	3	288042	107
Chi_P06_2	3	288042	119
Chi_P06_2	3	288042	156
Chi_P06_2	3	288042	146
Chi_P06_2	3	288042	152
Chi_P06_2	3	288042	146
Chi_P06_2	3	288042	188
Chi_P06_2	4	269222	105
Chi_P06_2	4	269222	185
Chi_P06_2	4	269222	158
Chi_P06_2	4	269222	132
Chi_P06_2	4	269222	78
Chi_P06_2	4	269222	160
Chi_P06_2	4	269222	213
Chi_P06_2	4	269222	188
Chi_P06_2	4	269222	110
Chi_P06_2	4	269222	85
Chi_P06_2	4	269222	79
Chi_P06_2	4	269222	96
Chi_P06_2	4	269222	116
Chi_P06_2	4	269222	94
Chi_P06_2	4	269222	112
Chi_P06_2	4	269222	18
Chi_P06_2	4	269222	52
Chi_P06_2	4	269222	62
Chi_P06_2	4	269222	109
Chi_P06_2	4	269222	128
Chi_P06_2	4	269222	101
Chi_P06_2	4	269222	107
Chi_P06_2	4	269222	118
Chi_P06_2	4	269222	139
Chi_P06_2	4	269222	170
Chi_P06_2	4	269222	163
Chi_P06_2	4	269222	51
Chi_P06_2	4	269222	160
Chi_P06_2	4	269222	91
Chi_P06_2	4	269222	93
Chi_P06_2	4	269222	146
Chi_P06_2	4	269222	109
Chi_P06_2	4	269222	137
Chi_P06_2	4	269222	188
Chi_P06_2	4	269222	234
Chi_P06_2	4	269222	176
Chi_P06_2	4	269222	127
Chi_P06_2	4	269222	110
Chi_P06_2	4	269222	111
Chi_P06_2	4	269222	138
Chi_P06_2	4	269222	137
Chi_P06_2	4	269222	128
Chi_P06_2	4	269222	135
Chi_P06_2	4	269222	162
Chi_P06_2	4	269222	250
Chi_P06_2	4	269222	249
Chi_P06_2	4	269222	227
Chi_P06_2	4	269222	126
Chi_P06_2	4	269222	120
Chi_P06_2	4	269222	102
Chi_P06_2	4	269222	112
Chi_P06_2	4	269222	122
Chi_P06_2	4	269222	98
Chi_P06_2	4	269222	89
Chi_P06_2	4	269222	129
Chi_P06_2	4	269222	63
Chi_P06_2	4	269222	129
Chi_P06_2	4	269222	129
Chi_P06_2	4	269222	130
Chi_P06_2	4	269222	133
Chi_P06_2	4	269222	108
Chi_P06_2	4	269222	36
Chi_P06_2	4	269222	95
Chi_P06_2	4	269222	133
Chi_P06_2	4	269222	107
Chi_P06_2	4	269222	171
Chi_P06_2	4	269222	181
Chi_P06_2	4	269222	82
Chi_P06_2	4	269222	141
Chi_P06_2	4	269222	155
Chi_P06_2	4	269222	108
Chi_P06_2	4	269222	186
Chi_P06_2	4	269222	110
Chi_P06_2	4	269222	105
Chi_P06_2	4	269222	78
Chi_P06_2	4	269222	119
Chi_P06_2	4	269222	186
Chi_P06_2	4	269222	100
Chi_P06_2	4	269222	131
Chi_P06_2	4	269222	116
Chi_P06_2	4	269222	582
Chi_P06_2	4	269222	57
Chi_P06_2	4	269222	160
Chi_P06_2	4	269222	100
Chi_P06_2	4	269222	112
Chi_P06_2	4	269222	135
Chi_P06_2	4	269222	124
Chi_P06_2	4	269222	101
Chi_P06_2	4	269222	76
Chi_P06_2	4	269222	157
Chi_P06_2	4	269222	190
Chi_P06_2	4	269222	135
Chi_P06_2	4	269222	194
Chi_P06_2	4	269222	115
Chi_P06_2	4	269222	142
Chi_P06_2	4	269222	268
Chi_P06_2	4	269222	154
Chi_P06_2	4	269222	227
Chi_P06_2	4	269222	156
Chi_P06_2	4	269222	393
Chi_P06_2	4	269222	120
Chi_P06_2	4	269222	83
Chi_P06_2	4	269222	166
Chi_P06_2	5	243088	202
Chi_P06_2	5	243088	52
Chi_P06_2	5	243088	83
Chi_P06_2	5	243088	96
Chi_P06_2	5	243088	92
Chi_P06_2	5	243088	160
Chi_P06_2	5	243088	162
Chi_P06_2	5	243088	163
Chi_P06_2	5	243088	134
Chi_P06_2	5	243088	168
Chi_P06_2	5	243088	86
Chi_P06_2	5	243088	149
Chi_P06_2	5	243088	113
Chi_P06_2	5	243088	106
Chi_P06_2	5	243088	113
Chi_P06_2	5	243088	137
Chi_P06_2	5	243088	148
Chi_P06_2	5	243088	158
Chi_P06_2	5	243088	173
Chi_P06_2	5	243088	102
Chi_P06_2	5	243088	97
Chi_P06_2	5	243088	143
Chi_P06_2	5	243088	150
Chi_P06_2	5	243088	137
Chi_P06_2	5	243088	115
Chi_P06_2	5	243088	129
Chi_P06_2	5	243088	165
Chi_P06_2	5	243088	289
Chi_P06_2	5	243088	84
Chi_P06_2	5	243088	137
Chi_P06_2	5	243088	86
Chi_P06_2	5	243088	82
Chi_P06_2	5	243088	105
Chi_P06_2	5	243088	102
Chi_P06_2	5	243088	21
Chi_P06_2	5	243088	78
Chi_P06_2	5	243088	224
Chi_P06_2	5	243088	144
Chi_P06_2	5	243088	125
Chi_P06_2	5	243088	140
Chi_P06_2	5	243088	274
Chi_P06_2	5	243088	185
Chi_P06_2	5	243088	150
Chi_P06_2	5	243088	203
Chi_P06_2	5	243088	54
Chi_P06_2	5	243088	63
Chi_P06_2	5	243088	275
Chi_P06_2	5	243088	213
Chi_P06_2	5	243088	214
Chi_P06_2	5	243088	121
Chi_P06_2	5	243088	147
Chi_P06_2	5	243088	110
Chi_P06_2	5	243088	140
Chi_P06_2	5	243088	109
Chi_P06_2	5	243088	178
Chi_P06_2	5	243088	209
Chi_P06_2	5	243088	141
Chi_P06_2	5	243088	35
Chi_P06_2	5	243088	110
Chi_P06_2	5	243088	148
Chi_P06_2	5	243088	70
Chi_P06_2	5	243088	76
Chi_P06_2	5	243088	95
Chi_P06_2	5	243088	43
Chi_P06_2	5	243088	148
Chi_P06_2	5	243088	95
Chi_P06_2	5	243088	109
Chi_P06_2	5	243088	107
Chi_P06_2	5	243088	153
Chi_P06_2	5	243088	209
Chi_P06_2	5	243088	181
Chi_P06_2	5	243088	225
Chi_P06_2	5	243088	138
Chi_P06_2	5	243088	47
Chi_P06_2	5	243088	47
Chi_P06_2	5	243088	37
Chi_P06_2	5	243088	104
Chi_P06_2	5	243088	93
Chi_P06_2	5	243088	152
Chi_P06_2	5	243088	116
Chi_P06_2	5	243088	142
Chi_P06_2	5	243088	118
Chi_P06_2	5	243088	141
Chi_P06_2	5	243088	108
Chi_P06_2	5	243088	144
Chi_P06_2	5	243088	162
Chi_P06_2	5	243088	160
Chi_P06_2	5	243088	119
Chi_P06_2	5	243088	155
Chi_P06_2	5	243088	109
Chi_P06_2	5	243088	110
Chi_P06_2	5	243088	236
Chi_P06_2	5	243088	176
Chi_P06_2	5	243088	175
Chi_P06_2	5	243088	170
Chi_P06_2	5	243088	278
Chi_P06_2	5	243088	146
Chi_P06_2	5	243088	133
Chi_P06_2	5	243088	208
Chi_P06_2	6	297132	78
Chi_P06_2	6	297132	117
Chi_P06_2	6	297132	105
Chi_P06_2	6	297132	183
Chi_P06_2	6	297132	131
Chi_P06_2	6	297132	90
Chi_P06_2	6	297132	93
Chi_P06_2	6	297132	96
Chi_P06_2	6	297132	128
Chi_P06_2	6	297132	159
Chi_P06_2	6	297132	140
Chi_P06_2	6	297132	122
Chi_P06_2	6	297132	155
Chi_P06_2	6	297132	135
Chi_P06_2	6	297132	151
Chi_P06_2	6	297132	168
Chi_P06_2	6	297132	99
Chi_P06_2	6	297132	100
Chi_P06_2	6	297132	279
Chi_P06_2	6	297132	333
Chi_P06_2	6	297132	131
Chi_P06_2	6	297132	240
Chi_P06_2	6	297132	92
Chi_P06_2	6	297132	160
Chi_P06_2	6	297132	97
Chi_P06_2	6	297132	143
Chi_P06_2	6	297132	47
Chi_P06_2	6	297132	192
Chi_P06_2	6	297132	114
Chi_P06_2	6	297132	94
Chi_P06_2	6	297132	134
Chi_P06_2	6	297132	129
Chi_P06_2	6	297132	125
Chi_P06_2	6	297132	79
Chi_P06_2	6	297132	114
Chi_P06_2	6	297132	68
Chi_P06_2	6	297132	159
Chi_P06_2	6	297132	318
Chi_P06_2	6	297132	87
Chi_P06_2	6	297132	249
Chi_P06_2	6	297132	147
Chi_P06_2	6	297132	119
Chi_P06_2	6	297132	96
Chi_P06_2	6	297132	23
Chi_P06_2	6	297132	110
Chi_P06_2	6	297132	311
Chi_P06_2	6	297132	521
Chi_P06_2	6	297132	393
Chi_P06_2	6	297132	128
Chi_P06_2	6	297132	120
Chi_P06_2	6	297132	70
Chi_P06_2	6	297132	79
Chi_P06_2	6	297132	148
Chi_P06_2	6	297132	158
Chi_P06_2	6	297132	366
Chi_P06_2	6	297132	109
Chi_P06_2	6	297132	99
Chi_P06_2	6	297132	117
Chi_P06_2	6	297132	139
Chi_P06_2	6	297132	57
Chi_P06_2	6	297132	58
Chi_P06_2	6	297132	193
Chi_P06_2	6	297132	140
Chi_P06_2	6	297132	119
Chi_P06_2	6	297132	151
Chi_P06_2	6	297132	191
Chi_P06_2	6	297132	128
Chi_P06_2	6	297132	143
Chi_P06_2	6	297132	138
Chi_P06_2	6	297132	81
Chi_P06_2	6	297132	146
Chi_P06_2	6	297132	121
Chi_P06_2	6	297132	13
Chi_P06_2	6	297132	108
Chi_P06_2	6	297132	115
Chi_P06_2	6	297132	116
Chi_P06_2	6	297132	38
Chi_P06_2	6	297132	126
Chi_P06_2	6	297132	164
Chi_P06_2	6	297132	110
Chi_P06_2	6	297132	67
Chi_P06_2	6	297132	119
Chi_P06_2	6	297132	243
Chi_P06_2	6	297132	257
Chi_P06_2	6	297132	53
Chi_P06_2	6	297132	247
Chi_P06_2	6	297132	206
Chi_P06_2	6	297132	103
Chi_P06_2	6	297132	207
Chi_P06_2	6	297132	122
Chi_P06_2	6	297132	100
Chi_P06_2	6	297132	146
Chi_P06_2	6	297132	126
Chi_P06_2	6	297132	405
Chi_P06_2	6	297132	125
Chi_P06_2	6	297132	175
Chi_P06_2	6	297132	68
Chi_P06_2	6	297132	103
Chi_P06_2	6	297132	205
Chi_P06_2	6	297132	90
Chi_P06_2	6	297132	117
Chi_P06_2	6	297132	109
Chi_P06_2	6	297132	165
Chi_P06_2	6	297132	108
Chi_P06_2	6	297132	114
Chi_P06_2	6	297132	106
Chi_P06_2	6	297132	157
Chi_P06_2	6	297132	349
Chi_P06_2	6	297132	53
Chi_P06_2	6	297132	365
Chi_P06_2	6	297132	132
Chi_P06_2	6	297132	94
Chi_P06_2	6	297132	189
Chi_P06_2	6	297132	31
Chi_P06_2	6	297132	213
Chi_P06_2	6	297132	127
Chi_P06_2	6	297132	156
Chi_P06_2	6	297132	149
Chi_P06_2	6	297132	11
Chi_P06_2	6	297132	92
Chi_P06_2	6	297132	147
Chi_P06_2	6	297132	150
Chi_P06_2	6	297132	124
Chi_P06_2	6	297132	102
Chi_P06_2	6	297132	147
Chi_P06_2	6	297132	149
Chi_P06_2	6	297132	245
Chi_P06_2	6	297132	181
Chi_P06_2	6	297132	110
Chi_P06_2	6	297132	175
Chi_P06_2	6	297132	74
Chi_P06_2	6	297132	137
Chi_P06_2	6	297132	138
Chi_P06_2	6	297132	127
Chi_P06_2	6	297132	184
Chi_P06_2	6	297132	136
Chi_P06_2	6	297132	81
Chi_P06_2	6	297132	141
Chi_P06_2	6	297132	110
Chi_P06_2	6	297132	97
Chi_P06_2	6	297132	145
Chi_P06_2	6	297132	191
Chi_P06_2	6	297132	132
Chi_P06_2	6	297132	118
Chi_P06_2	7	340598	121
Chi_P06_2	7	340598	95
Chi_P06_2	7	340598	63
Chi_P06_2	7	340598	112
Chi_P06_2	7	340598	129
Chi_P06_2	7	340598	132
Chi_P06_2	7	340598	287
Chi_P06_2	7	340598	133
Chi_P06_2	7	340598	178
Chi_P06_2	7	340598	111
Chi_P06_2	7	340598	117
Chi_P06_2	7	340598	122
Chi_P06_2	7	340598	112
Chi_P06_2	7	340598	130
Chi_P06_2	7	340598	239
Chi_P06_2	7	340598	77
Chi_P06_2	7	340598	93
Chi_P06_2	7	340598	193
Chi_P06_2	7	340598	272
Chi_P06_2	7	340598	125
Chi_P06_2	7	340598	137
Chi_P06_2	7	340598	222
Chi_P06_2	7	340598	130
Chi_P06_2	7	340598	81
Chi_P06_2	7	340598	92
Chi_P06_2	7	340598	67
Chi_P06_2	7	340598	211
Chi_P06_2	7	340598	183
Chi_P06_2	7	340598	97
Chi_P06_2	7	340598	145
Chi_P06_2	7	340598	103
Chi_P06_2	7	340598	117
Chi_P06_2	7	340598	95
Chi_P06_2	7	340598	90
Chi_P06_2	7	340598	134
Chi_P06_2	7	340598	294
Chi_P06_2	7	340598	152
Chi_P06_2	7	340598	150
Chi_P06_2	7	340598	155
Chi_P06_2	7	340598	162
Chi_P06_2	7	340598	188
Chi_P06_2	7	340598	131
Chi_P06_2	7	340598	116
Chi_P06_2	7	340598	84
Chi_P06_2	7	340598	275
Chi_P06_2	7	340598	116
Chi_P06_2	7	340598	248
Chi_P06_2	7	340598	76
Chi_P06_2	7	340598	108
Chi_P06_2	7	340598	47
Chi_P06_2	7	340598	111
Chi_P06_2	7	340598	112
Chi_P06_2	7	340598	121
Chi_P06_2	7	340598	140
Chi_P06_2	7	340598	128
Chi_P06_2	7	340598	76
Chi_P06_2	7	340598	137
Chi_P06_2	7	340598	274
Chi_P06_2	7	340598	113
Chi_P06_2	7	340598	48
Chi_P06_2	7	340598	92
Chi_P06_2	7	340598	140
Chi_P06_2	7	340598	235
Chi_P06_2	7	340598	63
Chi_P06_2	7	340598	160
Chi_P06_2	7	340598	95
Chi_P06_2	7	340598	253
Chi_P06_2	7	340598	221
Chi_P06_2	7	340598	90
Chi_P06_2	7	340598	126
Chi_P06_2	7	340598	42
Chi_P06_2	7	340598	77
Chi_P06_2	7	340598	77
Chi_P06_2	7	340598	114
Chi_P06_2	7	340598	65
Chi_P06_2	7	340598	12
Chi_P06_2	7	340598	94
Chi_P06_2	7	340598	93
Chi_P06_2	7	340598	33
Chi_P06_2	7	340598	52
Chi_P06_2	7	340598	74
Chi_P06_2	7	340598	105
Chi_P06_2	7	340598	146
Chi_P06_2	7	340598	104
Chi_P06_2	7	340598	91
Chi_P06_2	7	340598	64
Chi_P06_2	7	340598	79
Chi_P06_2	7	340598	30
Chi_P06_2	7	340598	124
Chi_P06_2	7	340598	139
Chi_P06_2	7	340598	12
Chi_P06_2	7	340598	65
Chi_P06_2	7	340598	82
Chi_P06_2	7	340598	101
Chi_P06_2	7	340598	93
Chi_P06_2	7	340598	106
Chi_P06_2	7	340598	114
Chi_P06_2	7	340598	195
Chi_P06_2	7	340598	75
Chi_P06_2	7	340598	120
Chi_P06_2	7	340598	110
Chi_P06_2	7	340598	130
Chi_P06_2	7	340598	98
Chi_P06_2	7	340598	191
Chi_P06_2	7	340598	72
Chi_P06_2	7	340598	102
Chi_P06_2	7	340598	243
Chi_P06_2	7	340598	136
Chi_P06_2	7	340598	95
Chi_P06_2	7	340598	43
Chi_P06_2	7	340598	111
Chi_P06_2	7	340598	141
Chi_P06_2	7	340598	119
Chi_P06_2	7	340598	102
Chi_P06_2	7	340598	117
Chi_P06_2	7	340598	162
Chi_P06_2	7	340598	181
Chi_P06_2	7	340598	278
Chi_P06_2	7	340598	59
Chi_P06_2	7	340598	47
Chi_P06_2	7	340598	107
Chi_P06_2	7	340598	106
Chi_P06_2	7	340598	79
Chi_P06_2	7	340598	161
Chi_P06_2	7	340598	161
Chi_P06_2	7	340598	117
Chi_P06_2	7	340598	92
Chi_P06_2	7	340598	161
Chi_P06_2	7	340598	673
Chi_P06_2	7	340598	80
Chi_P06_2	7	340598	28
Chi_P06_2	7	340598	53
Chi_P06_2	7	340598	22
Chi_P06_2	7	340598	137
Chi_P06_2	7	340598	63
Chi_P06_2	7	340598	97
Chi_P06_2	7	340598	211
Chi_P06_2	7	340598	130
Chi_P06_2	7	340598	98
Chi_P06_2	7	340598	113
Chi_P06_2	7	340598	118
Chi_P06_2	7	340598	102
Chi_P06_2	7	340598	249
Chi_P06_2	7	340598	97
Chi_P06_2	7	340598	177
Chi_P06_2	7	340598	72
Chi_P06_2	7	340598	96
Chi_P06_2	7	340598	147
Chi_P06_2	7	340598	16
Chi_P06_2	7	340598	124
Chi_P06_2	7	340598	138
Chi_P06_2	7	340598	161
Chi_P06_2	7	340598	91
Chi_P06_2	7	340598	172
Chi_P06_2	7	340598	198
Chi_P06_2	8	260840	32
Chi_P06_2	8	260840	106
Chi_P06_2	8	260840	219
Chi_P06_2	8	260840	147
Chi_P06_2	8	260840	137
Chi_P06_2	8	260840	95
Chi_P06_2	8	260840	89
Chi_P06_2	8	260840	155
Chi_P06_2	8	260840	198
Chi_P06_2	8	260840	146
Chi_P06_2	8	260840	83
Chi_P06_2	8	260840	96
Chi_P06_2	8	260840	113
Chi_P06_2	8	260840	156
Chi_P06_2	8	260840	148
Chi_P06_2	8	260840	134
Chi_P06_2	8	260840	150
Chi_P06_2	8	260840	168
Chi_P06_2	8	260840	123
Chi_P06_2	8	260840	67
Chi_P06_2	8	260840	127
Chi_P06_2	8	260840	120
Chi_P06_2	8	260840	182
Chi_P06_2	8	260840	133
Chi_P06_2	8	260840	251
Chi_P06_2	8	260840	221
Chi_P06_2	8	260840	261
Chi_P06_2	8	260840	114
Chi_P06_2	8	260840	234
Chi_P06_2	8	260840	129
Chi_P06_2	8	260840	108
Chi_P06_2	8	260840	35
Chi_P06_2	8	260840	113
Chi_P06_2	8	260840	142
Chi_P06_2	8	260840	105
Chi_P06_2	8	260840	148
Chi_P06_2	8	260840	206
Chi_P06_2	8	260840	119
Chi_P06_2	8	260840	161
Chi_P06_2	8	260840	163
Chi_P06_2	8	260840	118
Chi_P06_2	8	260840	149
Chi_P06_2	8	260840	317
Chi_P06_2	8	260840	118
Chi_P06_2	8	260840	86
Chi_P06_2	8	260840	103
Chi_P06_2	8	260840	234
Chi_P06_2	8	260840	119
Chi_P06_2	8	260840	217
Chi_P06_2	8	260840	98
Chi_P06_2	8	260840	126
Chi_P06_2	8	260840	89
Chi_P06_2	8	260840	132
Chi_P06_2	8	260840	107
Chi_P06_2	8	260840	180
Chi_P06_2	8	260840	139
Chi_P06_2	8	260840	88
Chi_P06_2	8	260840	175
Chi_P06_2	8	260840	161
Chi_P06_2	8	260840	145
Chi_P06_2	8	260840	144
Chi_P06_2	8	260840	329
Chi_P06_2	8	260840	146
Chi_P06_2	8	260840	205
Chi_P06_2	8	260840	230
Chi_P06_2	8	260840	137
Chi_P06_2	8	260840	125
Chi_P06_2	8	260840	218
Chi_P06_2	8	260840	149
Chi_P06_2	8	260840	148
Chi_P06_2	8	260840	289
Chi_P06_2	8	260840	179
Chi_P06_2	8	260840	223
Chi_P06_2	8	260840	218
Chi_P06_2	8	260840	37
Chi_P06_2	8	260840	42
Chi_P06_2	8	260840	126
Chi_P06_2	8	260840	190
Chi_P06_2	8	260840	164
Chi_P06_2	8	260840	19
Chi_P06_2	8	260840	176
Chi_P06_2	8	260840	136
Chi_P06_2	8	260840	127
Chi_P06_2	8	260840	177
Chi_P06_2	8	260840	165
Chi_P06_2	8	260840	144
Chi_P06_2	8	260840	165
Chi_P06_2	8	260840	56
Chi_P06_2	8	260840	98
Chi_P06_2	8	260840	19
Chi_P06_2	8	260840	72
Chi_P06_2	8	260840	75
Chi_P06_2	8	260840	142
Chi_P06_2	8	260840	211
Chi_P06_2	8	260840	185
Chi_P06_2	8	260840	154
Chi_P06_2	8	260840	105
Chi_P06_2	8	260840	93
Chi_P06_2	8	260840	142
Chi_P06_2	8	260840	421
Chi_P06_2	8	260840	163
Chi_P06_2	8	260840	49
Chi_P06_2	8	260840	174
Chi_P06_2	8	260840	115
Chi_P06_2	8	260840	290
Chi_P06_2	8	260840	185
Chi_P06_2	9	314756	97
Chi_P06_2	9	314756	32
Chi_P06_2	9	314756	137
Chi_P06_2	9	314756	217
Chi_P06_2	9	314756	142
Chi_P06_2	9	314756	140
Chi_P06_2	9	314756	132
Chi_P06_2	9	314756	143
Chi_P06_2	9	314756	156
Chi_P06_2	9	314756	150
Chi_P06_2	9	314756	154
Chi_P06_2	9	314756	199
Chi_P06_2	9	314756	100
Chi_P06_2	9	314756	159
Chi_P06_2	9	314756	137
Chi_P06_2	9	314756	173
Chi_P06_2	9	314756	203
Chi_P06_2	9	314756	108
Chi_P06_2	9	314756	295
Chi_P06_2	9	314756	146
Chi_P06_2	9	314756	176
Chi_P06_2	9	314756	109
Chi_P06_2	9	314756	137
Chi_P06_2	9	314756	141
Chi_P06_2	9	314756	123
Chi_P06_2	9	314756	62
Chi_P06_2	9	314756	127
Chi_P06_2	9	314756	107
Chi_P06_2	9	314756	102
Chi_P06_2	9	314756	109
Chi_P06_2	9	314756	186
Chi_P06_2	9	314756	101
Chi_P06_2	9	314756	111
Chi_P06_2	9	314756	152
Chi_P06_2	9	314756	116
Chi_P06_2	9	314756	136
Chi_P06_2	9	314756	29
Chi_P06_2	9	314756	109
Chi_P06_2	9	314756	116
Chi_P06_2	9	314756	105
Chi_P06_2	9	314756	111
Chi_P06_2	9	314756	145
Chi_P06_2	9	314756	144
Chi_P06_2	9	314756	130
Chi_P06_2	9	314756	186
Chi_P06_2	9	314756	116
Chi_P06_2	9	314756	125
Chi_P06_2	9	314756	104
Chi_P06_2	9	314756	96
Chi_P06_2	9	314756	95
Chi_P06_2	9	314756	112
Chi_P06_2	9	314756	139
Chi_P06_2	9	314756	150
Chi_P06_2	9	314756	236
Chi_P06_2	9	314756	87
Chi_P06_2	9	314756	116
Chi_P06_2	9	314756	123
Chi_P06_2	9	314756	93
Chi_P06_2	9	314756	136
Chi_P06_2	9	314756	122
Chi_P06_2	9	314756	126
Chi_P06_2	9	314756	110
Chi_P06_2	9	314756	200
Chi_P06_2	9	314756	146
Chi_P06_2	9	314756	145
Chi_P06_2	9	314756	50
Chi_P06_2	9	314756	86
Chi_P06_2	9	314756	194
Chi_P06_2	9	314756	129
Chi_P06_2	9	314756	112
Chi_P06_2	9	314756	151
Chi_P06_2	9	314756	108
Chi_P06_2	9	314756	157
Chi_P06_2	9	314756	194
Chi_P06_2	9	314756	49
Chi_P06_2	9	314756	85
Chi_P06_2	9	314756	129
Chi_P06_2	9	314756	365
Chi_P06_2	9	314756	142
Chi_P06_2	9	314756	255
Chi_P06_2	9	314756	616
Chi_P06_2	9	314756	139
Chi_P06_2	9	314756	62
Chi_P06_2	9	314756	284
Chi_P06_2	9	314756	119
Chi_P06_2	9	314756	129
Chi_P06_2	9	314756	83
Chi_P06_2	9	314756	92
Chi_P06_2	9	314756	181
Chi_P06_2	9	314756	154
Chi_P06_2	9	314756	79
Chi_P06_2	9	314756	39
Chi_P06_2	9	314756	373
Chi_P06_2	9	314756	290
Chi_P06_2	9	314756	65
Chi_P06_2	9	314756	334
Chi_P06_2	9	314756	75
Chi_P06_2	9	314756	266
Chi_P06_2	9	314756	192
Chi_P06_2	9	314756	229
Chi_P06_2	9	314756	114
Chi_P06_2	9	314756	157
Chi_P06_2	9	314756	159
Chi_P06_2	9	314756	120
Chi_P06_2	9	314756	255
Chi_P06_2	9	314756	184
Chi_P06_2	9	314756	94
Chi_P06_2	9	314756	184
Chi_P06_2	9	314756	222
Chi_P06_2	9	314756	127
Chi_P06_2	9	314756	116
Chi_P06_2	9	314756	46
Chi_P06_2	10	303898	151
Chi_P06_2	10	303898	156
Chi_P06_2	10	303898	108
Chi_P06_2	10	303898	94
Chi_P06_2	10	303898	160
Chi_P06_2	10	303898	148
Chi_P06_2	10	303898	119
Chi_P06_2	10	303898	88
Chi_P06_2	10	303898	227
Chi_P06_2	10	303898	65
Chi_P06_2	10	303898	80
Chi_P06_2	10	303898	106
Chi_P06_2	10	303898	89
Chi_P06_2	10	303898	122
Chi_P06_2	10	303898	132
Chi_P06_2	10	303898	151
Chi_P06_2	10	303898	127
Chi_P06_2	10	303898	192
Chi_P06_2	10	303898	95
Chi_P06_2	10	303898	131
Chi_P06_2	10	303898	104
Chi_P06_2	10	303898	131
Chi_P06_2	10	303898	101
Chi_P06_2	10	303898	138
Chi_P06_2	10	303898	141
Chi_P06_2	10	303898	95
Chi_P06_2	10	303898	105
Chi_P06_2	10	303898	182
Chi_P06_2	10	303898	116
Chi_P06_2	10	303898	106
Chi_P06_2	10	303898	147
Chi_P06_2	10	303898	123
Chi_P06_2	10	303898	148
Chi_P06_2	10	303898	115
Chi_P06_2	10	303898	130
Chi_P06_2	10	303898	126
Chi_P06_2	10	303898	195
Chi_P06_2	10	303898	118
Chi_P06_2	10	303898	130
Chi_P06_2	10	303898	158
Chi_P06_2	10	303898	69
Chi_P06_2	10	303898	262
Chi_P06_2	10	303898	111
Chi_P06_2	10	303898	104
Chi_P06_2	10	303898	130
Chi_P06_2	10	303898	137
Chi_P06_2	10	303898	134
Chi_P06_2	10	303898	97
Chi_P06_2	10	303898	154
Chi_P06_2	10	303898	127
Chi_P06_2	10	303898	119
Chi_P06_2	10	303898	159
Chi_P06_2	10	303898	280
Chi_P06_2	10	303898	352
Chi_P06_2	10	303898	108
Chi_P06_2	10	303898	134
Chi_P06_2	10	303898	160
Chi_P06_2	10	303898	73
Chi_P06_2	10	303898	89
Chi_P06_2	10	303898	77
Chi_P06_2	10	303898	44
Chi_P06_2	10	303898	149
Chi_P06_2	10	303898	296
Chi_P06_2	10	303898	225
Chi_P06_2	10	303898	122
Chi_P06_2	10	303898	145
Chi_P06_2	10	303898	171
Chi_P06_2	10	303898	245
Chi_P06_2	10	303898	477
Chi_P06_2	10	303898	104
Chi_P06_2	10	303898	110
Chi_P06_2	10	303898	1023
Chi_P06_2	10	303898	17
Chi_P06_2	10	303898	51
Chi_P06_2	10	303898	322
Chi_P06_2	10	303898	136
Chi_P06_2	10	303898	164
Chi_P06_2	10	303898	120
Chi_P06_2	10	303898	270
Chi_P06_2	10	303898	105
Chi_P06_2	10	303898	150
Chi_P06_2	10	303898	144
Chi_P06_2	10	303898	315
Chi_P06_2	10	303898	165
Chi_P06_2	10	303898	54
Chi_P06_2	10	303898	288
Chi_P06_2	10	303898	10
Chi_P06_2	10	303898	269
Chi_P06_2	10	303898	156
Chi_P06_2	10	303898	111
Chi_P06_2	10	303898	119
Chi_P06_2	10	303898	121
Chi_P06_2	10	303898	108
Chi_P06_2	10	303898	313
Chi_P06_2	10	303898	142
Chi_P06_2	10	303898	163
Chi_P06_2	10	303898	78
Chi_P06_2	10	303898	188
Chi_P06_2	10	303898	119
Chi_P06_2	10	303898	607
Chi_P06_2	10	303898	122
Chi_P06_2	10	303898	60
Chi_P06_2	10	303898	133
Chi_P06_2	10	303898	134
Chi_P06_2	10	303898	99
Chi_P06_2	10	303898	141
Chi_P06_2	10	303898	585
Chi_P06_2	10	303898	171
Chi_P06_2	10	303898	59
Chi_P06_2	10	303898	136
Chi_P06_2	10	303898	44
Chi_P06_2	11	304038	141
Chi_P06_2	11	304038	98
Chi_P06_2	11	304038	24
Chi_P06_2	11	304038	225
Chi_P06_2	11	304038	168
Chi_P06_2	11	304038	110
Chi_P06_2	11	304038	115
Chi_P06_2	11	304038	109
Chi_P06_2	11	304038	98
Chi_P06_2	11	304038	172
Chi_P06_2	11	304038	14
Chi_P06_2	11	304038	83
Chi_P06_2	11	304038	99
Chi_P06_2	11	304038	78
Chi_P06_2	11	304038	168
Chi_P06_2	11	304038	101
Chi_P06_2	11	304038	121
Chi_P06_2	11	304038	91
Chi_P06_2	11	304038	154
Chi_P06_2	11	304038	189
Chi_P06_2	11	304038	283
Chi_P06_2	11	304038	98
Chi_P06_2	11	304038	104
Chi_P06_2	11	304038	81
Chi_P06_2	11	304038	160
Chi_P06_2	11	304038	110
Chi_P06_2	11	304038	148
Chi_P06_2	11	304038	181
Chi_P06_2	11	304038	167
Chi_P06_2	11	304038	310
Chi_P06_2	11	304038	124
Chi_P06_2	11	304038	116
Chi_P06_2	11	304038	227
Chi_P06_2	11	304038	233
Chi_P06_2	11	304038	127
Chi_P06_2	11	304038	133
Chi_P06_2	11	304038	170
Chi_P06_2	11	304038	112
Chi_P06_2	11	304038	89
Chi_P06_2	11	304038	155
Chi_P06_2	11	304038	396
Chi_P06_2	11	304038	174
Chi_P06_2	11	304038	74
Chi_P06_2	11	304038	180
Chi_P06_2	11	304038	166
Chi_P06_2	11	304038	110
Chi_P06_2	11	304038	161
Chi_P06_2	11	304038	197
Chi_P06_2	11	304038	189
Chi_P06_2	11	304038	133
Chi_P06_2	11	304038	83
Chi_P06_2	11	304038	153
Chi_P06_2	11	304038	249
Chi_P06_2	11	304038	139
Chi_P06_2	11	304038	136
Chi_P06_2	11	304038	117
Chi_P06_2	11	304038	111
Chi_P06_2	11	304038	286
Chi_P06_2	11	304038	107
Chi_P06_2	11	304038	142
Chi_P06_2	11	304038	82
Chi_P06_2	11	304038	112
Chi_P06_2	11	304038	130
Chi_P06_2	11	304038	219
Chi_P06_2	11	304038	188
Chi_P06_2	11	304038	148
Chi_P06_2	11	304038	139
Chi_P06_2	11	304038	118
Chi_P06_2	11	304038	151
Chi_P06_2	11	304038	348
Chi_P06_2	11	304038	120
Chi_P06_2	11	304038	137
Chi_P06_2	11	304038	168
Chi_P06_2	11	304038	88
Chi_P06_2	11	304038	178
Chi_P06_2	11	304038	178
Chi_P06_2	11	304038	89
Chi_P06_2	11	304038	188
Chi_P06_2	11	304038	133
Chi_P06_2	11	304038	122
Chi_P06_2	11	304038	158
Chi_P06_2	11	304038	133
Chi_P06_2	11	304038	125
Chi_P06_2	11	304038	120
Chi_P06_2	11	304038	155
Chi_P06_2	11	304038	177
Chi_P06_2	11	304038	251
Chi_P06_2	11	304038	119
Chi_P06_2	11	304038	105
Chi_P06_2	11	304038	127
Chi_P06_2	11	304038	145
Chi_P06_2	11	304038	128
Chi_P06_2	11	304038	137
Chi_P06_2	11	304038	219
Chi_P06_2	11	304038	88
Chi_P06_2	11	304038	919
Chi_P06_2	11	304038	116
Chi_P06_2	11	304038	149
Chi_P06_2	11	304038	87
Chi_P06_2	11	304038	235
Chi_P06_2	11	304038	147
Chi_P06_2	11	304038	112
Chi_P06_2	11	304038	101
Chi_P06_2	11	304038	91
Chi_P06_2	11	304038	122
Chi_P06_2	11	304038	63
Chi_P06_2	11	304038	164
Chi_P06_2	11	304038	78
Chi_P06_2	11	304038	143
Chi_P06_2	11	304038	89
Chi_P06_2	11	304038	165
Chi_P06_2	11	304038	144
Chi_P06_2	11	304038	70
Chi_P06_2	11	304038	207
Chi_P06_2	11	304038	11
Chi_P06_2	11	304038	73
Chi_P06_2	11	304038	186
Chi_P06_2	11	304038	80
Chi_P06_2	11	304038	82
Chi_P06_2	11	304038	189
Chi_P06_2	11	304038	77
Chi_P06_2	11	304038	62
Chi_P06_2	11	304038	144
Chi_P06_2	11	304038	82
Chi_P06_2	11	304038	193
Chi_P06_2	11	304038	145
Chi_P06_2	11	304038	64
Chi_P06_2	11	304038	890
Chi_P06_2	11	304038	90
Chi_P06_2	11	304038	86
Chi_P06_2	11	304038	177
Chi_P06_2	11	304038	159
Chi_P06_2	11	304038	168
Chi_P06_2	11	304038	182
Chi_P06_2	12	264978	84
Chi_P06_2	12	264978	111
Chi_P06_2	12	264978	104
Chi_P06_2	12	264978	87
Chi_P06_2	12	264978	117
Chi_P06_2	12	264978	142
Chi_P06_2	12	264978	123
Chi_P06_2	12	264978	85
Chi_P06_2	12	264978	114
Chi_P06_2	12	264978	114
Chi_P06_2	12	264978	98
Chi_P06_2	12	264978	106
Chi_P06_2	12	264978	59
Chi_P06_2	12	264978	90
Chi_P06_2	12	264978	102
Chi_P06_2	12	264978	52
Chi_P06_2	12	264978	114
Chi_P06_2	12	264978	99
Chi_P06_2	12	264978	156
Chi_P06_2	12	264978	113
Chi_P06_2	12	264978	95
Chi_P06_2	12	264978	243
Chi_P06_2	12	264978	110
Chi_P06_2	12	264978	158
Chi_P06_2	12	264978	88
Chi_P06_2	12	264978	212
Chi_P06_2	12	264978	85
Chi_P06_2	12	264978	98
Chi_P06_2	12	264978	143
Chi_P06_2	12	264978	155
Chi_P06_2	12	264978	155
Chi_P06_2	12	264978	162
Chi_P06_2	12	264978	111
Chi_P06_2	12	264978	123
Chi_P06_2	12	264978	94
Chi_P06_2	12	264978	225
Chi_P06_2	12	264978	43
Chi_P06_2	12	264978	148
Chi_P06_2	12	264978	177
Chi_P06_2	12	264978	92
Chi_P06_2	12	264978	132
Chi_P06_2	12	264978	66
Chi_P06_2	12	264978	122
Chi_P06_2	12	264978	87
Chi_P06_2	12	264978	96
Chi_P06_2	12	264978	141
Chi_P06_2	12	264978	200
Chi_P06_2	12	264978	117
Chi_P06_2	12	264978	95
Chi_P06_2	12	264978	181
Chi_P06_2	12	264978	235
Chi_P06_2	12	264978	45
Chi_P06_2	12	264978	17
Chi_P06_2	12	264978	66
Chi_P06_2	12	264978	145
Chi_P06_2	12	264978	269
Chi_P06_2	12	264978	90
Chi_P06_2	12	264978	107
Chi_P06_2	12	264978	183
Chi_P06_2	12	264978	116
Chi_P06_2	12	264978	125
Chi_P06_2	12	264978	170
Chi_P06_2	12	264978	122
Chi_P06_2	12	264978	74
Chi_P06_2	12	264978	118
Chi_P06_2	12	264978	204
Chi_P06_2	12	264978	194
Chi_P06_2	12	264978	102
Chi_P06_2	12	264978	126
Chi_P06_2	12	264978	55
Chi_P06_2	12	264978	153
Chi_P06_2	12	264978	66
Chi_P06_2	12	264978	201
Chi_P06_2	12	264978	108
Chi_P06_2	12	264978	22
Chi_P06_2	12	264978	34
Chi_P06_2	12	264978	43
Chi_P06_2	12	264978	33
Chi_P06_2	12	264978	134
Chi_P06_2	12	264978	91
Chi_P06_2	12	264978	106
Chi_P06_2	12	264978	89
Chi_P06_2	12	264978	82
Chi_P06_2	12	264978	77
Chi_P06_2	12	264978	101
Chi_P06_2	12	264978	58
Chi_P06_2	12	264978	105
Chi_P06_2	12	264978	118
Chi_P06_2	12	264978	103
Chi_P06_2	12	264978	314
Chi_P06_2	12	264978	105
Chi_P06_2	12	264978	87
Chi_P06_2	12	264978	78
Chi_P06_2	12	264978	149
Chi_P06_2	12	264978	187
Chi_P06_2	12	264978	137
Chi_P06_2	12	264978	107
Chi_P06_2	12	264978	177
Chi_P06_2	12	264978	126
Chi_P06_2	12	264978	178
Chi_P06_2	12	264978	65
Chi_P06_2	12	264978	110
Chi_P06_2	12	264978	80
Chi_P06_2	12	264978	126
Chi_P06_2	13	257696	57
Chi_P06_2	13	257696	105
Chi_P06_2	13	257696	109
Chi_P06_2	13	257696	145
Chi_P06_2	13	257696	102
Chi_P06_2	13	257696	97
Chi_P06_2	13	257696	109
Chi_P06_2	13	257696	111
Chi_P06_2	13	257696	152
Chi_P06_2	13	257696	117
Chi_P06_2	13	257696	83
Chi_P06_2	13	257696	71
Chi_P06_2	13	257696	101
Chi_P06_2	13	257696	71
Chi_P06_2	13	257696	49
Chi_P06_2	13	257696	110
Chi_P06_2	13	257696	148
Chi_P06_2	13	257696	106
Chi_P06_2	13	257696	126
Chi_P06_2	13	257696	156
Chi_P06_2	13	257696	159
Chi_P06_2	13	257696	118
Chi_P06_2	13	257696	102
Chi_P06_2	13	257696	163
Chi_P06_2	13	257696	165
Chi_P06_2	13	257696	120
Chi_P06_2	13	257696	140
Chi_P06_2	13	257696	76
Chi_P06_2	13	257696	106
Chi_P06_2	13	257696	162
Chi_P06_2	13	257696	113
Chi_P06_2	13	257696	99
Chi_P06_2	13	257696	104
Chi_P06_2	13	257696	85
Chi_P06_2	13	257696	123
Chi_P06_2	13	257696	125
Chi_P06_2	13	257696	127
Chi_P06_2	13	257696	133
Chi_P06_2	13	257696	87
Chi_P06_2	13	257696	82
Chi_P06_2	13	257696	108
Chi_P06_2	13	257696	89
Chi_P06_2	13	257696	227
Chi_P06_2	13	257696	141
Chi_P06_2	13	257696	109
Chi_P06_2	13	257696	180
Chi_P06_2	13	257696	92
Chi_P06_2	13	257696	87
Chi_P06_2	13	257696	127
Chi_P06_2	13	257696	144
Chi_P06_2	13	257696	102
Chi_P06_2	13	257696	80
Chi_P06_2	13	257696	175
Chi_P06_2	13	257696	163
Chi_P06_2	13	257696	117
Chi_P06_2	13	257696	68
Chi_P06_2	13	257696	125
Chi_P06_2	13	257696	28
Chi_P06_2	13	257696	57
Chi_P06_2	13	257696	23
Chi_P06_2	13	257696	15
Chi_P06_2	13	257696	157
Chi_P06_2	13	257696	96
Chi_P06_2	13	257696	93
Chi_P06_2	13	257696	165
Chi_P06_2	13	257696	151
Chi_P06_2	13	257696	139
Chi_P06_2	13	257696	111
Chi_P06_2	13	257696	138
Chi_P06_2	13	257696	141
Chi_P06_2	13	257696	140
Chi_P06_2	13	257696	130
Chi_P06_2	13	257696	92
Chi_P06_2	13	257696	197
Chi_P06_2	13	257696	397
Chi_P06_2	13	257696	93
Chi_P06_2	13	257696	96
Chi_P06_2	13	257696	64
Chi_P06_2	13	257696	71
Chi_P06_2	14	319151	111
Chi_P06_2	14	319151	122
Chi_P06_2	14	319151	110
Chi_P06_2	14	319151	239
Chi_P06_2	14	319151	223
Chi_P06_2	14	319151	95
Chi_P06_2	14	319151	93
Chi_P06_2	14	319151	159
Chi_P06_2	14	319151	193
Chi_P06_2	14	319151	132
Chi_P06_2	14	319151	121
Chi_P06_2	14	319151	108
Chi_P06_2	14	319151	100
Chi_P06_2	14	319151	131
Chi_P06_2	14	319151	98
Chi_P06_2	14	319151	60
Chi_P06_2	14	319151	120
Chi_P06_2	14	319151	122
Chi_P06_2	14	319151	111
Chi_P06_2	14	319151	50
Chi_P06_2	14	319151	141
Chi_P06_2	14	319151	145
Chi_P06_2	14	319151	120
Chi_P06_2	14	319151	190
Chi_P06_2	14	319151	113
Chi_P06_2	14	319151	176
Chi_P06_2	14	319151	100
Chi_P06_2	14	319151	109
Chi_P06_2	14	319151	118
Chi_P06_2	14	319151	122
Chi_P06_2	14	319151	191
Chi_P06_2	14	319151	41
Chi_P06_2	14	319151	97
Chi_P06_2	14	319151	132
Chi_P06_2	14	319151	198
Chi_P06_2	14	319151	243
Chi_P06_2	14	319151	220
Chi_P06_2	14	319151	121
Chi_P06_2	14	319151	147
Chi_P06_2	14	319151	211
Chi_P06_2	14	319151	145
Chi_P06_2	14	319151	91
Chi_P06_2	14	319151	127
Chi_P06_2	14	319151	95
Chi_P06_2	14	319151	131
Chi_P06_2	14	319151	178
Chi_P06_2	14	319151	134
Chi_P06_2	14	319151	367
Chi_P06_2	14	319151	91
Chi_P06_2	14	319151	144
Chi_P06_2	14	319151	197
Chi_P06_2	14	319151	214
Chi_P06_2	14	319151	125
Chi_P06_2	14	319151	148
Chi_P06_2	14	319151	163
Chi_P06_2	14	319151	278
Chi_P06_2	14	319151	159
Chi_P06_2	14	319151	126
Chi_P06_2	14	319151	201
Chi_P06_2	14	319151	145
Chi_P06_2	14	319151	178
Chi_P06_2	14	319151	107
Chi_P06_2	14	319151	137
Chi_P06_2	14	319151	141
Chi_P06_2	14	319151	287
Chi_P06_2	14	319151	164
Chi_P06_2	14	319151	154
Chi_P06_2	14	319151	98
Chi_P06_2	14	319151	164
Chi_P06_2	14	319151	73
Chi_P06_2	14	319151	158
Chi_P06_2	14	319151	148
Chi_P06_2	14	319151	86
Chi_P06_2	14	319151	23
Chi_P06_2	14	319151	31
Chi_P06_2	14	319151	47
Chi_P06_2	14	319151	247
Chi_P06_2	14	319151	110
Chi_P06_2	14	319151	63
Chi_P06_2	14	319151	174
Chi_P06_2	14	319151	122
Chi_P06_2	14	319151	125
Chi_P06_2	14	319151	309
Chi_P06_2	14	319151	71
Chi_P06_2	14	319151	123
Chi_P06_2	14	319151	142
Chi_P06_2	14	319151	137
Chi_P06_2	14	319151	109
Chi_P06_2	14	319151	74
Chi_P06_2	14	319151	117
Chi_P06_2	14	319151	163
Chi_P06_2	14	319151	100
Chi_P06_2	14	319151	183
Chi_P06_2	14	319151	83
Chi_P06_2	14	319151	258
Chi_P06_2	14	319151	132
Chi_P06_2	14	319151	61
Chi_P06_2	14	319151	163
Chi_P06_2	14	319151	80
Chi_P06_2	14	319151	79
Chi_P06_2	14	319151	110
Chi_P06_2	14	319151	74
Chi_P06_2	14	319151	98
Chi_P06_2	14	319151	98
Chi_P06_2	14	319151	83
Chi_P06_2	15	261953	139
Chi_P06_2	15	261953	116
Chi_P06_2	15	261953	230
Chi_P06_2	15	261953	129
Chi_P06_2	15	261953	107
Chi_P06_2	15	261953	145
Chi_P06_2	15	261953	225
Chi_P06_2	15	261953	135
Chi_P06_2	15	261953	51
Chi_P06_2	15	261953	212
Chi_P06_2	15	261953	143
Chi_P06_2	15	261953	125
Chi_P06_2	15	261953	144
Chi_P06_2	15	261953	150
Chi_P06_2	15	261953	121
Chi_P06_2	15	261953	313
Chi_P06_2	15	261953	142
Chi_P06_2	15	261953	82
Chi_P06_2	15	261953	115
Chi_P06_2	15	261953	122
Chi_P06_2	15	261953	70
Chi_P06_2	15	261953	146
Chi_P06_2	15	261953	194
Chi_P06_2	15	261953	117
Chi_P06_2	15	261953	148
Chi_P06_2	15	261953	188
Chi_P06_2	15	261953	142
Chi_P06_2	15	261953	185
Chi_P06_2	15	261953	104
Chi_P06_2	15	261953	140
Chi_P06_2	15	261953	157
Chi_P06_2	15	261953	123
Chi_P06_2	15	261953	156
Chi_P06_2	15	261953	146
Chi_P06_2	15	261953	127
Chi_P06_2	15	261953	155
Chi_P06_2	15	261953	143
Chi_P06_2	15	261953	112
Chi_P06_2	15	261953	208
Chi_P06_2	15	261953	139
Chi_P06_2	15	261953	141
Chi_P06_2	15	261953	194
Chi_P06_2	15	261953	145
Chi_P06_2	15	261953	128
Chi_P06_2	15	261953	153
Chi_P06_2	15	261953	162
Chi_P06_2	15	261953	492
Chi_P06_2	15	261953	166
Chi_P06_2	15	261953	104
Chi_P06_2	15	261953	203
Chi_P06_2	15	261953	160
Chi_P06_2	15	261953	203
Chi_P06_2	15	261953	143
Chi_P06_2	15	261953	102
Chi_P06_2	15	261953	130
Chi_P06_2	15	261953	91
Chi_P06_2	15	261953	66
Chi_P06_2	15	261953	138
Chi_P06_2	15	261953	104
Chi_P06_2	15	261953	77
Chi_P06_2	15	261953	125
Chi_P06_2	15	261953	129
Chi_P06_2	15	261953	132
Chi_P06_2	15	261953	122
Chi_P06_2	15	261953	104
Chi_P06_2	15	261953	173
Chi_P06_2	15	261953	71
Chi_P06_2	15	261953	80
Chi_P06_2	15	261953	210
Chi_P06_2	15	261953	331
Chi_P06_2	15	261953	234
Chi_P06_2	15	261953	153
Chi_P06_2	15	261953	147
Chi_P06_2	15	261953	134
Chi_P06_2	15	261953	204
Chi_P06_2	15	261953	120
Chi_P06_2	15	261953	120
Chi_P06_2	15	261953	160
Chi_P06_2	15	261953	101
Chi_P06_2	15	261953	247
Chi_P06_2	15	261953	411
Chi_P06_2	15	261953	226
Chi_P06_2	15	261953	297
Chi_P06_2	15	261953	89
Chi_P06_2	15	261953	114
Chi_P06_2	15	261953	149
Chi_P06_2	15	261953	99
Chi_P06_2	15	261953	10
Chi_P06_2	16	288079	101
Chi_P06_2	16	288079	148
Chi_P06_2	16	288079	95
Chi_P06_2	16	288079	104
Chi_P06_2	16	288079	107
Chi_P06_2	16	288079	209
Chi_P06_2	16	288079	150
Chi_P06_2	16	288079	170
Chi_P06_2	16	288079	123
Chi_P06_2	16	288079	119
Chi_P06_2	16	288079	69
Chi_P06_2	16	288079	190
Chi_P06_2	16	288079	257
Chi_P06_2	16	288079	234
Chi_P06_2	16	288079	277
Chi_P06_2	16	288079	132
Chi_P06_2	16	288079	160
Chi_P06_2	16	288079	103
Chi_P06_2	16	288079	116
Chi_P06_2	16	288079	138
Chi_P06_2	16	288079	126
Chi_P06_2	16	288079	143
Chi_P06_2	16	288079	125
Chi_P06_2	16	288079	147
Chi_P06_2	16	288079	129
Chi_P06_2	16	288079	152
Chi_P06_2	16	288079	228
Chi_P06_2	16	288079	104
Chi_P06_2	16	288079	227
Chi_P06_2	16	288079	227
Chi_P06_2	16	288079	103
Chi_P06_2	16	288079	122
Chi_P06_2	16	288079	209
Chi_P06_2	16	288079	201
Chi_P06_2	16	288079	149
Chi_P06_2	16	288079	86
Chi_P06_2	16	288079	140
Chi_P06_2	16	288079	155
Chi_P06_2	16	288079	122
Chi_P06_2	16	288079	162
Chi_P06_2	16	288079	166
Chi_P06_2	16	288079	106
Chi_P06_2	16	288079	110
Chi_P06_2	16	288079	203
Chi_P06_2	16	288079	118
Chi_P06_2	16	288079	102
Chi_P06_2	16	288079	85
Chi_P06_2	16	288079	238
Chi_P06_2	16	288079	185
Chi_P06_2	16	288079	109
Chi_P06_2	16	288079	77
Chi_P06_2	16	288079	113
Chi_P06_2	16	288079	75
Chi_P06_2	16	288079	171
Chi_P06_2	16	288079	102
Chi_P06_2	16	288079	82
Chi_P06_2	16	288079	129
Chi_P06_2	16	288079	162
Chi_P06_2	16	288079	127
Chi_P06_2	16	288079	92
Chi_P06_2	16	288079	86
Chi_P06_2	16	288079	122
Chi_P06_2	16	288079	175
Chi_P06_2	16	288079	127
Chi_P06_2	16	288079	71
Chi_P06_2	16	288079	140
Chi_P06_2	16	288079	42
Chi_P06_2	16	288079	25
Chi_P06_2	16	288079	18
Chi_P06_2	16	288079	46
Chi_P06_2	16	288079	213
Chi_P06_2	16	288079	83
Chi_P06_2	16	288079	181
Chi_P06_2	16	288079	105
Chi_P06_2	16	288079	81
Chi_P06_2	16	288079	326
Chi_P06_2	16	288079	162
Chi_P06_2	16	288079	146
Chi_P06_2	16	288079	113
Chi_P06_2	16	288079	134
Chi_P06_2	16	288079	139
Chi_P06_2	16	288079	134
Chi_P06_2	16	288079	156
Chi_P06_2	16	288079	134
Chi_P06_2	16	288079	13
Chi_P06_2	16	288079	187
Chi_P06_2	16	288079	173
Chi_P06_2	16	288079	211
Chi_P06_2	16	288079	119
Chi_P06_2	16	288079	129
Chi_P06_2	16	288079	83
Chi_P06_2	16	288079	150
Chi_P06_2	16	288079	82
Chi_P06_2	16	288079	184
Chi_P06_2	16	288079	120
Chi_P06_2	16	288079	62
Chi_P06_2	16	288079	13
Chi_P06_2	17	277762	99
Chi_P06_2	17	277762	151
Chi_P06_2	17	277762	159
Chi_P06_2	17	277762	228
Chi_P06_2	17	277762	148
Chi_P06_2	17	277762	171
Chi_P06_2	17	277762	133
Chi_P06_2	17	277762	142
Chi_P06_2	17	277762	138
Chi_P06_2	17	277762	136
Chi_P06_2	17	277762	125
Chi_P06_2	17	277762	110
Chi_P06_2	17	277762	105
Chi_P06_2	17	277762	139
Chi_P06_2	17	277762	106
Chi_P06_2	17	277762	201
Chi_P06_2	17	277762	84
Chi_P06_2	17	277762	161
Chi_P06_2	17	277762	119
Chi_P06_2	17	277762	368
Chi_P06_2	17	277762	90
Chi_P06_2	17	277762	136
Chi_P06_2	17	277762	142
Chi_P06_2	17	277762	190
Chi_P06_2	17	277762	125
Chi_P06_2	17	277762	132
Chi_P06_2	17	277762	118
Chi_P06_2	17	277762	177
Chi_P06_2	17	277762	146
Chi_P06_2	17	277762	124
Chi_P06_2	17	277762	143
Chi_P06_2	17	277762	138
Chi_P06_2	17	277762	174
Chi_P06_2	17	277762	143
Chi_P06_2	17	277762	111
Chi_P06_2	17	277762	114
Chi_P06_2	17	277762	148
Chi_P06_2	17	277762	133
Chi_P06_2	17	277762	113
Chi_P06_2	17	277762	182
Chi_P06_2	17	277762	119
Chi_P06_2	17	277762	86
Chi_P06_2	17	277762	178
Chi_P06_2	17	277762	230
Chi_P06_2	17	277762	104
Chi_P06_2	17	277762	361
Chi_P06_2	17	277762	149
Chi_P06_2	17	277762	128
Chi_P06_2	17	277762	170
Chi_P06_2	17	277762	227
Chi_P06_2	17	277762	125
Chi_P06_2	17	277762	448
Chi_P06_2	17	277762	329
Chi_P06_2	17	277762	101
Chi_P06_2	17	277762	112
Chi_P06_2	17	277762	130
Chi_P06_2	17	277762	133
Chi_P06_2	17	277762	115
Chi_P06_2	17	277762	103
Chi_P06_2	17	277762	195
Chi_P06_2	17	277762	79
Chi_P06_2	17	277762	223
Chi_P06_2	17	277762	66
Chi_P06_2	17	277762	116
Chi_P06_2	17	277762	381
Chi_P06_2	17	277762	158
Chi_P06_2	17	277762	189
Chi_P06_2	17	277762	98
Chi_P06_2	17	277762	127
Chi_P06_2	17	277762	76
Chi_P06_2	18	267833	176
Chi_P06_2	18	267833	119
Chi_P06_2	18	267833	152
Chi_P06_2	18	267833	334
Chi_P06_2	18	267833	105
Chi_P06_2	18	267833	200
Chi_P06_2	18	267833	153
Chi_P06_2	18	267833	164
Chi_P06_2	18	267833	131
Chi_P06_2	18	267833	123
Chi_P06_2	18	267833	128
Chi_P06_2	18	267833	210
Chi_P06_2	18	267833	187
Chi_P06_2	18	267833	160
Chi_P06_2	18	267833	209
Chi_P06_2	18	267833	162
Chi_P06_2	18	267833	123
Chi_P06_2	18	267833	150
Chi_P06_2	18	267833	159
Chi_P06_2	18	267833	348
Chi_P06_2	18	267833	201
Chi_P06_2	18	267833	121
Chi_P06_2	18	267833	203
Chi_P06_2	18	267833	163
Chi_P06_2	18	267833	147
Chi_P06_2	18	267833	199
Chi_P06_2	18	267833	296
Chi_P06_2	18	267833	178
Chi_P06_2	18	267833	187
Chi_P06_2	18	267833	116
Chi_P06_2	18	267833	136
Chi_P06_2	18	267833	238
Chi_P06_2	18	267833	163
Chi_P06_2	18	267833	110
Chi_P06_2	18	267833	188
Chi_P06_2	18	267833	276
Chi_P06_2	18	267833	170
Chi_P06_2	18	267833	354
Chi_P06_2	18	267833	18
Chi_P06_2	18	267833	151
Chi_P06_2	18	267833	216
Chi_P06_2	18	267833	441
Chi_P06_2	18	267833	103
Chi_P06_2	18	267833	163
Chi_P06_2	18	267833	86
Chi_P06_2	18	267833	124
Chi_P06_2	18	267833	149
Chi_P06_2	18	267833	104
Chi_P06_2	18	267833	297
Chi_P06_2	18	267833	332
Chi_P06_2	18	267833	26
Chi_P06_2	18	267833	164
Chi_P06_2	18	267833	141
Chi_P06_2	18	267833	160
Chi_P06_2	18	267833	140
Chi_P06_2	18	267833	327
Chi_P06_2	18	267833	162
Chi_P06_2	18	267833	582
Chi_P06_2	18	267833	23
Chi_P06_2	18	267833	133
Chi_P06_2	18	267833	160
Chi_P06_2	18	267833	167
Chi_P06_2	18	267833	175
Chi_P06_2	18	267833	176
Chi_P06_2	18	267833	135
Chi_P06_2	18	267833	258
Chi_P06_2	18	267833	78
Chi_P06_2	18	267833	144
Chi_P06_2	18	267833	249
Chi_P06_2	18	267833	54
Chi_P06_2	18	267833	106
Chi_P06_2	18	267833	192
Chi_P06_2	18	267833	152
Chi_P06_2	18	267833	164
Chi_P06_2	18	267833	144
Chi_P06_2	18	267833	123
Chi_P06_2	18	267833	155
Chi_P06_2	18	267833	112
Chi_P06_2	18	267833	187
Chi_P06_2	18	267833	243
Chi_P06_2	19	273681	181
Chi_P06_2	19	273681	198
Chi_P06_2	19	273681	292
Chi_P06_2	19	273681	138
Chi_P06_2	19	273681	174
Chi_P06_2	19	273681	83
Chi_P06_2	19	273681	182
Chi_P06_2	19	273681	153
Chi_P06_2	19	273681	131
Chi_P06_2	19	273681	169
Chi_P06_2	19	273681	157
Chi_P06_2	19	273681	68
Chi_P06_2	19	273681	95
Chi_P06_2	19	273681	83
Chi_P06_2	19	273681	102
Chi_P06_2	19	273681	179
Chi_P06_2	19	273681	118
Chi_P06_2	19	273681	205
Chi_P06_2	19	273681	114
Chi_P06_2	19	273681	175
Chi_P06_2	19	273681	137
Chi_P06_2	19	273681	148
Chi_P06_2	19	273681	372
Chi_P06_2	19	273681	157
Chi_P06_2	19	273681	189
Chi_P06_2	19	273681	153
Chi_P06_2	19	273681	141
Chi_P06_2	19	273681	152
Chi_P06_2	19	273681	194
Chi_P06_2	19	273681	151
Chi_P06_2	19	273681	304
Chi_P06_2	19	273681	199
Chi_P06_2	19	273681	149
Chi_P06_2	19	273681	116
Chi_P06_2	19	273681	102
Chi_P06_2	19	273681	202
Chi_P06_2	19	273681	123
Chi_P06_2	19	273681	179
Chi_P06_2	19	273681	63
Chi_P06_2	19	273681	201
Chi_P06_2	19	273681	96
Chi_P06_2	19	273681	134
Chi_P06_2	19	273681	167
Chi_P06_2	19	273681	104
Chi_P06_2	19	273681	209
Chi_P06_2	19	273681	141
Chi_P06_2	19	273681	204
Chi_P06_2	19	273681	232
Chi_P06_2	19	273681	222
Chi_P06_2	19	273681	178
Chi_P06_2	19	273681	177
Chi_P06_2	19	273681	178
Chi_P06_2	19	273681	268
Chi_P06_2	19	273681	220
Chi_P06_2	19	273681	242
Chi_P06_2	19	273681	98
Chi_P06_2	19	273681	81
Chi_P06_2	19	273681	183
Chi_P06_2	19	273681	115
Chi_P06_2	19	273681	79
Chi_P06_2	19	273681	137
Chi_P06_2	19	273681	211
Chi_P06_2	19	273681	255
Chi_P06_2	19	273681	133
Chi_P06_2	19	273681	205
Chi_P06_2	19	273681	158
Chi_P06_2	19	273681	113
Chi_P06_2	19	273681	81
Chi_P06_2	19	273681	589
Chi_P06_2	19	273681	39
Chi_P06_2	19	273681	10
Chi_P06_2	19	273681	145
Chi_P06_2	19	273681	214
Chi_P06_2	19	273681	72
Chi_P06_2	19	273681	18
Chi_P06_2	19	273681	66
Chi_P06_2	19	273681	482
Chi_P06_2	19	273681	75
Chi_P06_2	19	273681	194
Chi_P06_2	19	273681	79
Chi_P06_2	19	273681	144
Chi_P06_2	19	273681	131
Chi_P06_2	19	273681	227
Chi_P06_2	19	273681	91
Chi_P06_2	19	273681	490
Chi_P06_2	19	273681	134
Chi_P06_2	19	273681	117
Chi_P06_2	19	273681	160
Chi_P06_2	19	273681	80
Chi_P06_2	19	273681	78
Chi_P06_2	19	273681	29
Chi_P06_2	19	273681	180
Chi_P06_2	19	273681	174
Chi_P06_2	19	273681	18
Chi_P06_2	19	273681	125
Chi_P06_2	19	273681	100
Chi_P06_2	19	273681	85
Chi_P06_2	19	273681	29
Chi_P06_2	20	207717	63
Chi_P06_2	20	207717	50
Chi_P06_2	20	207717	160
Chi_P06_2	20	207717	71
Chi_P06_2	20	207717	90
Chi_P06_2	20	207717	130
Chi_P06_2	20	207717	127
Chi_P06_2	20	207717	242
Chi_P06_2	20	207717	174
Chi_P06_2	20	207717	182
Chi_P06_2	20	207717	120
Chi_P06_2	20	207717	138
Chi_P06_2	20	207717	152
Chi_P06_2	20	207717	174
Chi_P06_2	20	207717	507
Chi_P06_2	20	207717	170
Chi_P06_2	20	207717	163
Chi_P06_2	20	207717	135
Chi_P06_2	20	207717	176
Chi_P06_2	20	207717	145
Chi_P06_2	20	207717	208
Chi_P06_2	20	207717	303
Chi_P06_2	20	207717	128
Chi_P06_2	20	207717	156
Chi_P06_2	20	207717	172
Chi_P06_2	20	207717	114
Chi_P06_2	20	207717	153
Chi_P06_2	20	207717	211
Chi_P06_2	20	207717	153
Chi_P06_2	20	207717	111
Chi_P06_2	20	207717	193
Chi_P06_2	20	207717	199
Chi_P06_2	20	207717	91
Chi_P06_2	20	207717	140
Chi_P06_2	20	207717	431
Chi_P06_2	20	207717	79
Chi_P06_2	20	207717	113
Chi_P06_2	20	207717	532
Chi_P06_2	20	207717	289
Chi_P06_2	20	207717	158
Chi_P06_2	20	207717	109
Chi_P06_2	20	207717	115
Chi_P06_2	20	207717	135
Chi_P06_2	20	207717	198
Chi_P06_2	20	207717	133
Chi_P06_2	20	207717	160
Chi_P06_2	20	207717	100
Chi_P06_2	20	207717	250
Chi_P06_2	20	207717	434
Chi_P06_2	20	207717	494
Chi_P06_2	20	207717	149
Chi_P06_2	20	207717	69
Chi_P06_2	20	207717	150
Chi_P06_2	20	207717	115
Chi_P06_2	20	207717	252
Chi_P06_2	20	207717	160
Chi_P06_2	20	207717	276
Chi_P06_2	20	207717	54
Chi_P06_2	20	207717	138
Chi_P06_2	20	207717	87
Chi_P06_2	20	207717	139
Chi_P06_2	20	207717	78
Chi_P06_2	20	207717	127
Chi_P06_2	20	207717	421
Chi_P06_2	20	207717	106
Chi_P06_2	20	207717	191
Chi_P06_2	20	207717	146
Chi_P06_2	20	207717	84
Chi_P06_2	20	207717	117
Chi_P06_2	20	207717	148
Chi_P06_2	20	207717	170
Chi_P06_2	20	207717	198
Chi_P06_2	20	207717	85
Chi_P06_2	20	207717	82
Chi_P06_2	20	207717	152
Chi_P06_2	20	207717	138
Chi_P06_2	20	207717	130
Chi_P06_2	20	207717	54
Chi_P06_2	20	207717	40
Chi_P06_2	21	250492	61
Chi_P06_2	21	250492	131
Chi_P06_2	21	250492	132
Chi_P06_2	21	250492	180
Chi_P06_2	21	250492	143
Chi_P06_2	21	250492	189
Chi_P06_2	21	250492	138
Chi_P06_2	21	250492	71
Chi_P06_2	21	250492	132
Chi_P06_2	21	250492	196
Chi_P06_2	21	250492	96
Chi_P06_2	21	250492	104
Chi_P06_2	21	250492	174
Chi_P06_2	21	250492	144
Chi_P06_2	21	250492	170
Chi_P06_2	21	250492	150
Chi_P06_2	21	250492	225
Chi_P06_2	21	250492	245
Chi_P06_2	21	250492	216
Chi_P06_2	21	250492	156
Chi_P06_2	21	250492	171
Chi_P06_2	21	250492	321
Chi_P06_2	21	250492	196
Chi_P06_2	21	250492	146
Chi_P06_2	21	250492	380
Chi_P06_2	21	250492	226
Chi_P06_2	21	250492	159
Chi_P06_2	21	250492	196
Chi_P06_2	21	250492	289
Chi_P06_2	21	250492	363
Chi_P06_2	21	250492	257
Chi_P06_2	21	250492	264
Chi_P06_2	21	250492	169
Chi_P06_2	21	250492	142
Chi_P06_2	21	250492	606
Chi_P06_2	21	250492	261
Chi_P06_2	21	250492	158
Chi_P06_2	21	250492	130
Chi_P06_2	21	250492	190
Chi_P06_2	21	250492	113
Chi_P06_2	21	250492	101
Chi_P06_2	21	250492	299
Chi_P06_2	21	250492	151
Chi_P06_2	21	250492	259
Chi_P06_2	21	250492	161
Chi_P06_2	21	250492	194
Chi_P06_2	21	250492	410
Chi_P06_2	21	250492	18
Chi_P06_2	21	250492	19
Chi_P06_2	21	250492	35
Chi_P06_2	21	250492	151
Chi_P06_2	21	250492	236
Chi_P06_2	21	250492	182
Chi_P06_2	21	250492	333
Chi_P06_2	21	250492	176
Chi_P06_2	21	250492	276
Chi_P06_2	21	250492	163
Chi_P06_2	21	250492	118
Chi_P06_2	21	250492	181
Chi_P06_2	21	250492	266
Chi_P06_2	21	250492	131
Chi_P06_2	21	250492	197
Chi_P06_2	21	250492	397
Chi_P06_2	21	250492	430
Chi_P06_2	21	250492	247
Chi_P06_2	21	250492	179
Chi_P06_2	21	250492	149
Chi_P06_2	21	250492	118
Chi_P06_2	21	250492	274
Chi_P06_2	21	250492	152
Chi_P06_2	21	250492	205
Chi_P06_2	21	250492	153
Chi_P06_2	21	250492	82
Chi_P06_2	22	202496	187
Chi_P06_2	22	202496	144
Chi_P06_2	22	202496	255
Chi_P06_2	22	202496	263
Chi_P06_2	22	202496	112
Chi_P06_2	22	202496	129
Chi_P06_2	22	202496	120
Chi_P06_2	22	202496	132
Chi_P06_2	22	202496	133
Chi_P06_2	22	202496	184
Chi_P06_2	22	202496	114
Chi_P06_2	22	202496	209
Chi_P06_2	22	202496	134
Chi_P06_2	22	202496	121
Chi_P06_2	22	202496	152
Chi_P06_2	22	202496	161
Chi_P06_2	22	202496	162
Chi_P06_2	22	202496	142
Chi_P06_2	22	202496	143
Chi_P06_2	22	202496	158
Chi_P06_2	22	202496	80
Chi_P06_2	22	202496	101
Chi_P06_2	22	202496	131
Chi_P06_2	22	202496	72
Chi_P06_2	22	202496	263
Chi_P06_2	22	202496	82
Chi_P06_2	22	202496	123
Chi_P06_2	22	202496	124
Chi_P06_2	22	202496	91
Chi_P06_2	22	202496	180
Chi_P06_2	22	202496	223
Chi_P06_2	22	202496	127
Chi_P06_2	22	202496	115
Chi_P06_2	22	202496	248
Chi_P06_2	22	202496	66
Chi_P06_2	22	202496	80
Chi_P06_2	22	202496	23
Chi_P06_2	22	202496	95
Chi_P06_2	22	202496	56
Chi_P06_2	22	202496	136
Chi_P06_2	22	202496	147
Chi_P06_2	22	202496	78
Chi_P06_2	22	202496	133
Chi_P06_2	22	202496	97
Chi_P06_2	22	202496	120
Chi_P06_2	22	202496	138
Chi_P06_2	22	202496	182
Chi_P06_2	22	202496	43
Chi_P06_2	22	202496	118
Chi_P06_2	22	202496	182
Chi_P06_2	22	202496	154
Chi_P06_2	22	202496	110
Chi_P06_2	22	202496	257
Chi_P06_2	22	202496	83
Chi_P06_2	22	202496	89
Chi_P06_2	22	202496	198
Chi_P06_2	22	202496	159
Chi_P06_2	22	202496	149
Chi_P06_2	22	202496	430
Chi_P06_2	22	202496	116
Chi_P06_2	22	202496	136
Chi_P06_2	22	202496	142
Chi_P06_2	22	202496	202
Chi_P06_2	22	202496	58
Chi_P06_2	22	202496	64
Chi_P06_2	22	202496	160
Chi_P06_2	22	202496	108
Chi_P06_2	22	202496	147
Chi_P06_2	22	202496	82
Chi_P06_2	22	202496	102
Chi_P06_2	22	202496	154
Chi_P06_2	22	202496	97
Chi_P06_2	22	202496	104
Chi_P06_2	22	202496	228
Chi_P06_2	22	202496	124
Chi_P06_2	22	202496	142
Chi_P06_2	22	202496	137
Chi_P06_2	22	202496	96
Chi_P06_2	22	202496	69
Chi_P06_2	22	202496	95
Chi_P06_2	22	202496	118
Chi_P06_2	22	202496	149
Chi_P06_2	22	202496	148
Chi_P06_2	22	202496	146
Chi_P06_2	22	202496	192
Chi_P06_2	22	202496	86
Chi_P06_2	22	202496	281
Chi_P06_2	22	202496	108
Chi_P06_2	22	202496	173
Chi_P06_2	22	202496	157
Chi_P06_2	23	280450	143
Chi_P06_2	23	280450	344
Chi_P06_2	23	280450	238
Chi_P06_2	23	280450	145
Chi_P06_2	23	280450	179
Chi_P06_2	23	280450	10
Chi_P06_2	23	280450	187
Chi_P06_2	23	280450	481
Chi_P06_2	23	280450	72
Chi_P06_2	23	280450	198
Chi_P06_2	23	280450	182
Chi_P06_2	23	280450	154
Chi_P06_2	23	280450	223
Chi_P06_2	23	280450	172
Chi_P06_2	23	280450	147
Chi_P06_2	23	280450	136
Chi_P06_2	23	280450	160
Chi_P06_2	23	280450	276
Chi_P06_2	23	280450	162
Chi_P06_2	23	280450	150
Chi_P06_2	23	280450	180
Chi_P06_2	23	280450	150
Chi_P06_2	23	280450	104
Chi_P06_2	23	280450	106
Chi_P06_2	23	280450	142
Chi_P06_2	23	280450	308
Chi_P06_2	23	280450	112
Chi_P06_2	23	280450	139
Chi_P06_2	23	280450	144
Chi_P06_2	23	280450	138
Chi_P06_2	23	280450	287
Chi_P06_2	23	280450	235
Chi_P06_2	23	280450	106
Chi_P06_2	23	280450	159
Chi_P06_2	23	280450	163
Chi_P06_2	23	280450	189
Chi_P06_2	23	280450	116
Chi_P06_2	23	280450	104
Chi_P06_2	23	280450	115
Chi_P06_2	23	280450	112
Chi_P06_2	23	280450	122
Chi_P06_2	23	280450	102
Chi_P06_2	23	280450	245
Chi_P06_2	23	280450	197
Chi_P06_2	23	280450	204
Chi_P06_2	23	280450	134
Chi_P06_2	23	280450	103
Chi_P06_2	23	280450	126
Chi_P06_2	23	280450	136
Chi_P06_2	23	280450	122
Chi_P06_2	23	280450	125
Chi_P06_2	23	280450	187
Chi_P06_2	23	280450	191
Chi_P06_2	23	280450	13
Chi_P06_2	23	280450	96
Chi_P06_2	23	280450	97
Chi_P06_2	23	280450	126
Chi_P06_2	23	280450	133
Chi_P06_2	23	280450	222
Chi_P06_2	23	280450	151
Chi_P06_2	23	280450	102
Chi_P06_2	23	280450	285
Chi_P06_2	23	280450	46
Chi_P06_2	23	280450	79
Chi_P06_2	23	280450	115
Chi_P06_2	23	280450	149
Chi_P06_2	23	280450	87
Chi_P06_2	23	280450	142
Chi_P06_2	23	280450	134
Chi_P06_2	23	280450	197
Chi_P06_2	23	280450	123
Chi_P06_2	23	280450	74
Chi_P06_2	23	280450	82
Chi_P06_2	23	280450	33
Chi_P06_2	23	280450	124
Chi_P06_2	23	280450	123
Chi_P06_2	23	280450	185
Chi_P06_2	23	280450	104
Chi_P06_2	23	280450	69
Chi_P06_2	23	280450	364
Chi_P06_2	23	280450	235
Chi_P06_2	23	280450	74
Chi_P06_2	23	280450	148
Chi_P06_2	23	280450	120
Chi_P06_2	23	280450	121
Chi_P06_2	23	280450	306
Chi_P06_2	23	280450	101
Chi_P06_2	23	280450	127
Chi_P06_2	23	280450	183
Chi_P06_2	23	280450	257
Chi_P06_2	23	280450	127
Chi_P06_2	23	280450	180
Chi_P06_2	23	280450	151
Chi_P06_2	23	280450	65
Chi_P06_2	23	280450	199
Chi_P06_2	23	280450	425
Chi_P06_2	23	280450	180
Chi_P06_2	23	280450	226
Chi_P06_2	23	280450	234
Chi_P06_2	23	280450	123
Chi_P06_2	23	280450	156
Chi_P06_2	23	280450	109
Chi_P06_2	23	280450	286
Chi_P06_2	23	280450	176
Chi_P06_2	23	280450	193
Chi_P06_2	23	280450	160
Chi_P06_2	23	280450	127
Chi_P06_2	23	280450	183
Chi_P06_2	23	280450	93
Chi_P06_2	23	280450	159
Chi_P06_2	23	280450	109
Chi_P06_2	23	280450	177
Chi_P06_2	23	280450	56
Chi_P06_2	23	280450	53
Chi_P06_2	23	280450	157
Chi_P06_2	23	280450	123
Chi_P06_2	23	280450	518
Chi_P06_2	23	280450	98
Chi_P06_2	23	280450	85
Chi_P06_2	23	280450	231
Chi_P06_2	23	280450	199
Chi_P06_2	23	280450	111
Chi_P06_2	23	280450	456
Chi_P06_2	23	280450	134
Chi_P06_2	23	280450	343
Chi_P06_2	23	280450	110
Chi_P06_2	23	280450	271
Chi_P06_2	23	280450	245
Chi_P06_2	23	280450	64
Chi_P06_2	23	280450	96
Chi_P06_2	23	280450	151
