fichier	leaf	surfaceLeaf	surfaceLesion
Chi_P01_2	1	270071	55
Chi_P01_2	1	270071	63
Chi_P01_2	1	270071	38
Chi_P01_2	1	270071	88
Chi_P01_2	1	270071	78
Chi_P01_2	1	270071	94
Chi_P01_2	1	270071	45
Chi_P01_2	1	270071	60
Chi_P01_2	1	270071	52
Chi_P01_2	1	270071	132
Chi_P01_2	1	270071	38
Chi_P01_2	1	270071	73
Chi_P01_2	1	270071	63
Chi_P01_2	1	270071	72
Chi_P01_2	1	270071	73
Chi_P01_2	1	270071	128
Chi_P01_2	1	270071	29
Chi_P01_2	1	270071	38
Chi_P01_2	1	270071	105
Chi_P01_2	1	270071	81
Chi_P01_2	1	270071	51
Chi_P01_2	1	270071	56
Chi_P01_2	1	270071	32
Chi_P01_2	1	270071	42
Chi_P01_2	1	270071	74
Chi_P01_2	1	270071	23
Chi_P01_2	1	270071	132
Chi_P01_2	1	270071	11
Chi_P01_2	1	270071	68
Chi_P01_2	1	270071	59
Chi_P01_2	1	270071	107
Chi_P01_2	1	270071	128
Chi_P01_2	1	270071	87
Chi_P01_2	1	270071	69
Chi_P01_2	1	270071	87
Chi_P01_2	1	270071	74
Chi_P01_2	1	270071	154
Chi_P01_2	1	270071	222
Chi_P01_2	1	270071	89
Chi_P01_2	1	270071	233
Chi_P01_2	1	270071	95
Chi_P01_2	1	270071	103
Chi_P01_2	1	270071	40
Chi_P01_2	1	270071	98
Chi_P01_2	1	270071	54
Chi_P01_2	1	270071	88
Chi_P01_2	1	270071	30
Chi_P01_2	1	270071	61
Chi_P01_2	1	270071	52
Chi_P01_2	1	270071	92
Chi_P01_2	1	270071	39
Chi_P01_2	1	270071	40
Chi_P01_2	1	270071	130
Chi_P01_2	1	270071	57
Chi_P01_2	1	270071	78
Chi_P01_2	1	270071	67
Chi_P01_2	1	270071	64
Chi_P01_2	1	270071	96
Chi_P01_2	1	270071	74
Chi_P01_2	1	270071	120
Chi_P01_2	1	270071	88
Chi_P01_2	1	270071	122
Chi_P01_2	1	270071	30
Chi_P01_2	1	270071	62
Chi_P01_2	1	270071	86
Chi_P01_2	1	270071	122
Chi_P01_2	1	270071	38
Chi_P01_2	1	270071	88
Chi_P01_2	1	270071	139
Chi_P01_2	1	270071	45
Chi_P01_2	1	270071	139
Chi_P01_2	1	270071	18
Chi_P01_2	1	270071	28
Chi_P01_2	1	270071	114
Chi_P01_2	1	270071	96
Chi_P01_2	1	270071	118
Chi_P01_2	1	270071	66
Chi_P01_2	1	270071	120
Chi_P01_2	1	270071	61
Chi_P01_2	1	270071	167
Chi_P01_2	1	270071	23
Chi_P01_2	1	270071	38
Chi_P01_2	1	270071	152
Chi_P01_2	1	270071	81
Chi_P01_2	1	270071	48
Chi_P01_2	1	270071	75
Chi_P01_2	1	270071	122
Chi_P01_2	1	270071	204
Chi_P01_2	1	270071	47
Chi_P01_2	1	270071	70
Chi_P01_2	1	270071	27
Chi_P01_2	1	270071	88
Chi_P01_2	1	270071	109
Chi_P01_2	1	270071	192
Chi_P01_2	1	270071	89
Chi_P01_2	1	270071	103
Chi_P01_2	1	270071	180
Chi_P01_2	1	270071	113
Chi_P01_2	1	270071	108
Chi_P01_2	1	270071	66
Chi_P01_2	1	270071	18
Chi_P01_2	1	270071	96
Chi_P01_2	1	270071	46
Chi_P01_2	1	270071	113
Chi_P01_2	2	299540	74
Chi_P01_2	2	299540	135
Chi_P01_2	2	299540	60
Chi_P01_2	2	299540	35
Chi_P01_2	2	299540	91
Chi_P01_2	2	299540	44
Chi_P01_2	2	299540	466
Chi_P01_2	2	299540	32
Chi_P01_2	2	299540	42
Chi_P01_2	2	299540	10
Chi_P01_2	2	299540	147
Chi_P01_2	2	299540	110
Chi_P01_2	2	299540	92
Chi_P01_2	2	299540	88
Chi_P01_2	2	299540	93
Chi_P01_2	2	299540	56
Chi_P01_2	2	299540	52
Chi_P01_2	2	299540	120
Chi_P01_2	2	299540	82
Chi_P01_2	2	299540	109
Chi_P01_2	2	299540	13
Chi_P01_2	2	299540	94
Chi_P01_2	2	299540	105
Chi_P01_2	2	299540	29
Chi_P01_2	2	299540	76
Chi_P01_2	2	299540	138
Chi_P01_2	2	299540	98
Chi_P01_2	2	299540	84
Chi_P01_2	2	299540	83
Chi_P01_2	2	299540	66
Chi_P01_2	2	299540	57
Chi_P01_2	2	299540	39
Chi_P01_2	2	299540	101
Chi_P01_2	2	299540	104
Chi_P01_2	2	299540	113
Chi_P01_2	2	299540	160
Chi_P01_2	2	299540	35
Chi_P01_2	2	299540	106
Chi_P01_2	2	299540	55
Chi_P01_2	2	299540	105
Chi_P01_2	2	299540	59
Chi_P01_2	2	299540	56
Chi_P01_2	2	299540	61
Chi_P01_2	2	299540	94
Chi_P01_2	2	299540	102
Chi_P01_2	2	299540	83
Chi_P01_2	2	299540	25
Chi_P01_2	2	299540	65
Chi_P01_2	2	299540	59
Chi_P01_2	2	299540	108
Chi_P01_2	2	299540	75
Chi_P01_2	2	299540	62
Chi_P01_2	2	299540	80
Chi_P01_2	2	299540	29
Chi_P01_2	2	299540	45
Chi_P01_2	2	299540	98
Chi_P01_2	2	299540	45
Chi_P01_2	2	299540	72
Chi_P01_2	2	299540	13
Chi_P01_2	2	299540	47
Chi_P01_2	2	299540	136
Chi_P01_2	2	299540	30
Chi_P01_2	2	299540	206
Chi_P01_2	2	299540	103
Chi_P01_2	2	299540	191
Chi_P01_2	2	299540	98
Chi_P01_2	2	299540	86
Chi_P01_2	2	299540	53
Chi_P01_2	2	299540	114
Chi_P01_2	2	299540	116
Chi_P01_2	2	299540	76
Chi_P01_2	2	299540	87
Chi_P01_2	2	299540	46
Chi_P01_2	2	299540	89
Chi_P01_2	2	299540	85
Chi_P01_2	2	299540	84
Chi_P01_2	2	299540	114
Chi_P01_2	2	299540	42
Chi_P01_2	2	299540	58
Chi_P01_2	2	299540	69
Chi_P01_2	2	299540	88
Chi_P01_2	2	299540	59
Chi_P01_2	2	299540	69
Chi_P01_2	2	299540	36
Chi_P01_2	3	249158	28
Chi_P01_2	3	249158	67
Chi_P01_2	3	249158	88
Chi_P01_2	3	249158	62
Chi_P01_2	3	249158	72
Chi_P01_2	3	249158	54
Chi_P01_2	3	249158	67
Chi_P01_2	3	249158	13
Chi_P01_2	3	249158	107
Chi_P01_2	3	249158	88
Chi_P01_2	3	249158	62
Chi_P01_2	3	249158	86
Chi_P01_2	3	249158	58
Chi_P01_2	3	249158	96
Chi_P01_2	3	249158	80
Chi_P01_2	3	249158	128
Chi_P01_2	3	249158	268
Chi_P01_2	3	249158	28
Chi_P01_2	3	249158	123
Chi_P01_2	3	249158	45
Chi_P01_2	3	249158	87
Chi_P01_2	3	249158	39
Chi_P01_2	3	249158	80
Chi_P01_2	3	249158	105
Chi_P01_2	3	249158	73
Chi_P01_2	3	249158	68
Chi_P01_2	3	249158	95
Chi_P01_2	3	249158	53
Chi_P01_2	3	249158	109
Chi_P01_2	3	249158	115
Chi_P01_2	3	249158	117
Chi_P01_2	3	249158	133
Chi_P01_2	3	249158	102
Chi_P01_2	3	249158	84
Chi_P01_2	3	249158	32
Chi_P01_2	3	249158	238
Chi_P01_2	3	249158	155
Chi_P01_2	3	249158	90
Chi_P01_2	3	249158	116
Chi_P01_2	3	249158	71
Chi_P01_2	3	249158	79
Chi_P01_2	3	249158	111
Chi_P01_2	3	249158	126
Chi_P01_2	3	249158	69
Chi_P01_2	3	249158	122
Chi_P01_2	3	249158	98
Chi_P01_2	3	249158	90
Chi_P01_2	3	249158	300
Chi_P01_2	3	249158	52
Chi_P01_2	3	249158	134
Chi_P01_2	3	249158	160
Chi_P01_2	3	249158	94
Chi_P01_2	3	249158	61
Chi_P01_2	3	249158	155
Chi_P01_2	3	249158	147
Chi_P01_2	3	249158	142
Chi_P01_2	3	249158	100
Chi_P01_2	3	249158	91
Chi_P01_2	3	249158	57
Chi_P01_2	3	249158	92
Chi_P01_2	3	249158	100
Chi_P01_2	3	249158	124
Chi_P01_2	3	249158	103
Chi_P01_2	3	249158	34
Chi_P01_2	3	249158	151
Chi_P01_2	3	249158	61
Chi_P01_2	3	249158	65
Chi_P01_2	3	249158	91
Chi_P01_2	3	249158	33
Chi_P01_2	3	249158	53
Chi_P01_2	3	249158	92
Chi_P01_2	3	249158	55
Chi_P01_2	3	249158	132
Chi_P01_2	3	249158	127
Chi_P01_2	4	284200	80
Chi_P01_2	4	284200	52
Chi_P01_2	4	284200	14
Chi_P01_2	4	284200	12
Chi_P01_2	4	284200	25
Chi_P01_2	4	284200	36
Chi_P01_2	4	284200	81
Chi_P01_2	4	284200	81
Chi_P01_2	4	284200	43
Chi_P01_2	4	284200	106
Chi_P01_2	4	284200	22
Chi_P01_2	4	284200	48
Chi_P01_2	4	284200	32
Chi_P01_2	4	284200	37
Chi_P01_2	4	284200	94
Chi_P01_2	4	284200	61
Chi_P01_2	4	284200	37
Chi_P01_2	4	284200	51
Chi_P01_2	4	284200	48
Chi_P01_2	4	284200	63
Chi_P01_2	4	284200	33
Chi_P01_2	4	284200	87
Chi_P01_2	4	284200	115
Chi_P01_2	4	284200	95
Chi_P01_2	4	284200	100
Chi_P01_2	4	284200	52
Chi_P01_2	4	284200	72
Chi_P01_2	4	284200	78
Chi_P01_2	4	284200	57
Chi_P01_2	4	284200	149
Chi_P01_2	4	284200	66
Chi_P01_2	4	284200	173
Chi_P01_2	4	284200	130
Chi_P01_2	4	284200	104
Chi_P01_2	4	284200	70
Chi_P01_2	4	284200	84
Chi_P01_2	4	284200	128
Chi_P01_2	4	284200	44
Chi_P01_2	4	284200	100
Chi_P01_2	4	284200	59
Chi_P01_2	4	284200	58
Chi_P01_2	4	284200	75
Chi_P01_2	4	284200	30
Chi_P01_2	4	284200	103
Chi_P01_2	4	284200	51
Chi_P01_2	4	284200	90
Chi_P01_2	4	284200	71
Chi_P01_2	4	284200	102
Chi_P01_2	4	284200	84
Chi_P01_2	4	284200	174
Chi_P01_2	4	284200	94
Chi_P01_2	4	284200	142
Chi_P01_2	4	284200	91
Chi_P01_2	4	284200	133
Chi_P01_2	4	284200	99
Chi_P01_2	4	284200	102
Chi_P01_2	4	284200	137
Chi_P01_2	4	284200	84
Chi_P01_2	4	284200	163
Chi_P01_2	4	284200	42
Chi_P01_2	4	284200	103
Chi_P01_2	4	284200	82
Chi_P01_2	4	284200	107
Chi_P01_2	4	284200	58
Chi_P01_2	4	284200	105
Chi_P01_2	4	284200	72
Chi_P01_2	4	284200	69
Chi_P01_2	4	284200	102
Chi_P01_2	4	284200	118
Chi_P01_2	4	284200	97
Chi_P01_2	4	284200	25
Chi_P01_2	4	284200	52
Chi_P01_2	4	284200	188
Chi_P01_2	4	284200	121
Chi_P01_2	4	284200	87
Chi_P01_2	4	284200	58
Chi_P01_2	4	284200	54
Chi_P01_2	4	284200	27
Chi_P01_2	4	284200	69
Chi_P01_2	4	284200	62
Chi_P01_2	4	284200	42
Chi_P01_2	4	284200	222
Chi_P01_2	4	284200	45
Chi_P01_2	4	284200	42
Chi_P01_2	4	284200	116
Chi_P01_2	4	284200	43
Chi_P01_2	4	284200	124
Chi_P01_2	4	284200	151
Chi_P01_2	4	284200	129
Chi_P01_2	4	284200	75
Chi_P01_2	4	284200	58
Chi_P01_2	4	284200	67
Chi_P01_2	4	284200	40
Chi_P01_2	4	284200	100
Chi_P01_2	4	284200	190
Chi_P01_2	4	284200	93
Chi_P01_2	4	284200	57
Chi_P01_2	4	284200	86
Chi_P01_2	4	284200	44
Chi_P01_2	4	284200	21
Chi_P01_2	4	284200	50
Chi_P01_2	4	284200	40
Chi_P01_2	4	284200	91
Chi_P01_2	4	284200	40
Chi_P01_2	4	284200	67
Chi_P01_2	4	284200	33
Chi_P01_2	4	284200	64
Chi_P01_2	5	211501	46
Chi_P01_2	5	211501	65
Chi_P01_2	5	211501	36
Chi_P01_2	5	211501	39
Chi_P01_2	5	211501	74
Chi_P01_2	5	211501	81
Chi_P01_2	5	211501	40
Chi_P01_2	5	211501	41
Chi_P01_2	5	211501	37
Chi_P01_2	5	211501	44
Chi_P01_2	5	211501	74
Chi_P01_2	5	211501	81
Chi_P01_2	5	211501	46
Chi_P01_2	5	211501	46
Chi_P01_2	5	211501	39
Chi_P01_2	5	211501	73
Chi_P01_2	5	211501	92
Chi_P01_2	5	211501	83
Chi_P01_2	5	211501	76
Chi_P01_2	5	211501	76
Chi_P01_2	5	211501	122
Chi_P01_2	5	211501	63
Chi_P01_2	5	211501	35
Chi_P01_2	5	211501	42
Chi_P01_2	5	211501	15
Chi_P01_2	5	211501	112
Chi_P01_2	5	211501	61
Chi_P01_2	5	211501	85
Chi_P01_2	5	211501	105
Chi_P01_2	5	211501	86
Chi_P01_2	5	211501	63
Chi_P01_2	5	211501	100
Chi_P01_2	5	211501	108
Chi_P01_2	5	211501	73
Chi_P01_2	5	211501	144
Chi_P01_2	5	211501	108
Chi_P01_2	5	211501	87
Chi_P01_2	5	211501	112
Chi_P01_2	5	211501	131
Chi_P01_2	5	211501	59
Chi_P01_2	5	211501	80
Chi_P01_2	5	211501	61
Chi_P01_2	5	211501	94
Chi_P01_2	5	211501	72
Chi_P01_2	5	211501	141
Chi_P01_2	5	211501	96
Chi_P01_2	5	211501	110
Chi_P01_2	5	211501	114
Chi_P01_2	5	211501	112
Chi_P01_2	5	211501	96
Chi_P01_2	5	211501	96
Chi_P01_2	5	211501	92
Chi_P01_2	5	211501	78
Chi_P01_2	5	211501	108
Chi_P01_2	5	211501	182
Chi_P01_2	5	211501	112
Chi_P01_2	5	211501	91
Chi_P01_2	5	211501	84
Chi_P01_2	5	211501	97
Chi_P01_2	5	211501	97
Chi_P01_2	5	211501	80
Chi_P01_2	5	211501	47
Chi_P01_2	5	211501	67
Chi_P01_2	5	211501	92
Chi_P01_2	5	211501	152
Chi_P01_2	5	211501	57
Chi_P01_2	5	211501	198
Chi_P01_2	5	211501	139
Chi_P01_2	5	211501	78
Chi_P01_2	5	211501	170
Chi_P01_2	5	211501	95
Chi_P01_2	5	211501	52
Chi_P01_2	5	211501	155
Chi_P01_2	5	211501	66
Chi_P01_2	5	211501	78
Chi_P01_2	5	211501	72
Chi_P01_2	5	211501	129
Chi_P01_2	5	211501	94
Chi_P01_2	5	211501	46
Chi_P01_2	5	211501	404
Chi_P01_2	5	211501	86
Chi_P01_2	5	211501	41
Chi_P01_2	5	211501	85
Chi_P01_2	5	211501	101
Chi_P01_2	5	211501	54
Chi_P01_2	6	252430	54
Chi_P01_2	6	252430	65
Chi_P01_2	6	252430	68
Chi_P01_2	6	252430	57
Chi_P01_2	6	252430	92
Chi_P01_2	6	252430	38
Chi_P01_2	6	252430	55
Chi_P01_2	6	252430	45
Chi_P01_2	6	252430	90
Chi_P01_2	6	252430	143
Chi_P01_2	6	252430	80
Chi_P01_2	6	252430	62
Chi_P01_2	6	252430	165
Chi_P01_2	6	252430	130
Chi_P01_2	6	252430	63
Chi_P01_2	6	252430	70
Chi_P01_2	6	252430	109
Chi_P01_2	6	252430	129
Chi_P01_2	6	252430	97
Chi_P01_2	6	252430	76
Chi_P01_2	6	252430	82
Chi_P01_2	6	252430	59
Chi_P01_2	6	252430	28
Chi_P01_2	6	252430	114
Chi_P01_2	6	252430	266
Chi_P01_2	6	252430	90
Chi_P01_2	6	252430	83
Chi_P01_2	6	252430	105
Chi_P01_2	6	252430	88
Chi_P01_2	6	252430	161
Chi_P01_2	6	252430	85
Chi_P01_2	6	252430	112
Chi_P01_2	6	252430	105
Chi_P01_2	6	252430	72
Chi_P01_2	6	252430	72
Chi_P01_2	6	252430	96
Chi_P01_2	6	252430	112
Chi_P01_2	6	252430	63
Chi_P01_2	6	252430	105
Chi_P01_2	6	252430	75
Chi_P01_2	6	252430	53
Chi_P01_2	6	252430	46
Chi_P01_2	6	252430	71
Chi_P01_2	6	252430	144
Chi_P01_2	6	252430	71
Chi_P01_2	6	252430	105
Chi_P01_2	6	252430	90
Chi_P01_2	6	252430	147
Chi_P01_2	6	252430	93
Chi_P01_2	6	252430	68
Chi_P01_2	6	252430	181
Chi_P01_2	6	252430	427
Chi_P01_2	6	252430	64
Chi_P01_2	6	252430	88
Chi_P01_2	6	252430	115
Chi_P01_2	6	252430	81
Chi_P01_2	6	252430	72
Chi_P01_2	6	252430	121
Chi_P01_2	6	252430	106
Chi_P01_2	6	252430	105
Chi_P01_2	6	252430	81
Chi_P01_2	6	252430	38
Chi_P01_2	6	252430	122
Chi_P01_2	6	252430	59
Chi_P01_2	6	252430	154
Chi_P01_2	6	252430	78
Chi_P01_2	6	252430	182
Chi_P01_2	6	252430	161
Chi_P01_2	6	252430	86
Chi_P01_2	6	252430	55
Chi_P01_2	6	252430	96
Chi_P01_2	6	252430	268
Chi_P01_2	6	252430	67
Chi_P01_2	6	252430	264
Chi_P01_2	6	252430	65
Chi_P01_2	6	252430	82
Chi_P01_2	6	252430	63
Chi_P01_2	6	252430	112
Chi_P01_2	6	252430	114
Chi_P01_2	6	252430	98
Chi_P01_2	6	252430	92
Chi_P01_2	6	252430	57
Chi_P01_2	6	252430	67
Chi_P01_2	6	252430	79
Chi_P01_2	6	252430	81
Chi_P01_2	6	252430	69
Chi_P01_2	6	252430	116
Chi_P01_2	6	252430	51
Chi_P01_2	6	252430	165
Chi_P01_2	6	252430	232
Chi_P01_2	6	252430	106
Chi_P01_2	6	252430	92
Chi_P01_2	6	252430	46
Chi_P01_2	6	252430	103
Chi_P01_2	6	252430	79
Chi_P01_2	6	252430	107
Chi_P01_2	6	252430	61
Chi_P01_2	6	252430	54
Chi_P01_2	6	252430	52
Chi_P01_2	7	278700	69
Chi_P01_2	7	278700	16
Chi_P01_2	7	278700	138
Chi_P01_2	7	278700	48
Chi_P01_2	7	278700	69
Chi_P01_2	7	278700	64
Chi_P01_2	7	278700	140
Chi_P01_2	7	278700	61
Chi_P01_2	7	278700	84
Chi_P01_2	7	278700	74
Chi_P01_2	7	278700	97
Chi_P01_2	7	278700	127
Chi_P01_2	7	278700	72
Chi_P01_2	7	278700	102
Chi_P01_2	7	278700	106
Chi_P01_2	7	278700	124
Chi_P01_2	7	278700	120
Chi_P01_2	7	278700	99
Chi_P01_2	7	278700	95
Chi_P01_2	7	278700	94
Chi_P01_2	7	278700	133
Chi_P01_2	7	278700	127
Chi_P01_2	7	278700	105
Chi_P01_2	7	278700	108
Chi_P01_2	7	278700	135
Chi_P01_2	7	278700	92
Chi_P01_2	7	278700	102
Chi_P01_2	7	278700	92
Chi_P01_2	7	278700	32
Chi_P01_2	7	278700	56
Chi_P01_2	7	278700	93
Chi_P01_2	7	278700	106
Chi_P01_2	7	278700	95
Chi_P01_2	7	278700	92
Chi_P01_2	7	278700	116
Chi_P01_2	7	278700	75
Chi_P01_2	7	278700	80
Chi_P01_2	7	278700	74
Chi_P01_2	7	278700	127
Chi_P01_2	7	278700	97
Chi_P01_2	7	278700	70
Chi_P01_2	7	278700	99
Chi_P01_2	7	278700	66
Chi_P01_2	7	278700	109
Chi_P01_2	7	278700	90
Chi_P01_2	7	278700	107
Chi_P01_2	7	278700	60
Chi_P01_2	7	278700	86
Chi_P01_2	7	278700	105
Chi_P01_2	7	278700	98
Chi_P01_2	7	278700	174
Chi_P01_2	7	278700	74
Chi_P01_2	7	278700	111
Chi_P01_2	7	278700	91
Chi_P01_2	7	278700	103
Chi_P01_2	7	278700	61
Chi_P01_2	7	278700	76
Chi_P01_2	7	278700	76
Chi_P01_2	7	278700	124
Chi_P01_2	7	278700	103
Chi_P01_2	7	278700	146
Chi_P01_2	7	278700	63
Chi_P01_2	7	278700	101
Chi_P01_2	7	278700	140
Chi_P01_2	7	278700	128
Chi_P01_2	7	278700	111
Chi_P01_2	7	278700	169
Chi_P01_2	7	278700	124
Chi_P01_2	7	278700	90
Chi_P01_2	7	278700	150
Chi_P01_2	7	278700	97
Chi_P01_2	7	278700	91
Chi_P01_2	7	278700	129
Chi_P01_2	7	278700	76
Chi_P01_2	7	278700	126
Chi_P01_2	7	278700	103
Chi_P01_2	7	278700	96
Chi_P01_2	7	278700	146
Chi_P01_2	7	278700	93
Chi_P01_2	7	278700	201
Chi_P01_2	7	278700	139
Chi_P01_2	7	278700	62
Chi_P01_2	7	278700	59
Chi_P01_2	7	278700	110
Chi_P01_2	7	278700	147
Chi_P01_2	7	278700	79
Chi_P01_2	7	278700	114
Chi_P01_2	7	278700	141
Chi_P01_2	7	278700	123
Chi_P01_2	7	278700	71
Chi_P01_2	7	278700	29
Chi_P01_2	8	278827	87
Chi_P01_2	8	278827	10
Chi_P01_2	8	278827	102
Chi_P01_2	8	278827	110
Chi_P01_2	8	278827	109
Chi_P01_2	8	278827	67
Chi_P01_2	8	278827	103
Chi_P01_2	8	278827	68
Chi_P01_2	8	278827	64
Chi_P01_2	8	278827	89
Chi_P01_2	8	278827	33
Chi_P01_2	8	278827	91
Chi_P01_2	8	278827	75
Chi_P01_2	8	278827	103
Chi_P01_2	8	278827	69
Chi_P01_2	8	278827	61
Chi_P01_2	8	278827	107
Chi_P01_2	8	278827	39
Chi_P01_2	8	278827	75
Chi_P01_2	8	278827	85
Chi_P01_2	8	278827	91
Chi_P01_2	8	278827	101
Chi_P01_2	8	278827	190
Chi_P01_2	8	278827	75
Chi_P01_2	8	278827	422
Chi_P01_2	8	278827	100
Chi_P01_2	8	278827	111
Chi_P01_2	8	278827	34
Chi_P01_2	8	278827	65
Chi_P01_2	8	278827	89
Chi_P01_2	8	278827	81
Chi_P01_2	8	278827	126
Chi_P01_2	8	278827	84
Chi_P01_2	8	278827	80
Chi_P01_2	8	278827	159
Chi_P01_2	8	278827	113
Chi_P01_2	8	278827	136
Chi_P01_2	8	278827	177
Chi_P01_2	8	278827	57
Chi_P01_2	8	278827	102
Chi_P01_2	8	278827	152
Chi_P01_2	8	278827	86
Chi_P01_2	8	278827	283
Chi_P01_2	8	278827	62
Chi_P01_2	8	278827	73
Chi_P01_2	8	278827	92
Chi_P01_2	8	278827	112
Chi_P01_2	8	278827	197
Chi_P01_2	8	278827	184
Chi_P01_2	8	278827	84
Chi_P01_2	8	278827	53
Chi_P01_2	8	278827	75
Chi_P01_2	8	278827	112
Chi_P01_2	8	278827	97
Chi_P01_2	8	278827	101
Chi_P01_2	8	278827	92
Chi_P01_2	8	278827	226
Chi_P01_2	8	278827	95
Chi_P01_2	8	278827	69
Chi_P01_2	8	278827	110
Chi_P01_2	8	278827	64
Chi_P01_2	8	278827	313
Chi_P01_2	8	278827	104
Chi_P01_2	8	278827	80
Chi_P01_2	8	278827	98
Chi_P01_2	8	278827	124
Chi_P01_2	8	278827	53
Chi_P01_2	8	278827	23
Chi_P01_2	8	278827	77
Chi_P01_2	8	278827	64
Chi_P01_2	8	278827	74
Chi_P01_2	8	278827	62
Chi_P01_2	8	278827	118
Chi_P01_2	8	278827	78
Chi_P01_2	8	278827	72
Chi_P01_2	8	278827	69
Chi_P01_2	8	278827	106
Chi_P01_2	8	278827	120
Chi_P01_2	8	278827	99
Chi_P01_2	8	278827	174
Chi_P01_2	8	278827	88
Chi_P01_2	8	278827	110
Chi_P01_2	8	278827	117
Chi_P01_2	8	278827	129
Chi_P01_2	8	278827	169
Chi_P01_2	8	278827	81
Chi_P01_2	8	278827	104
Chi_P01_2	8	278827	168
Chi_P01_2	8	278827	130
Chi_P01_2	9	238852	98
Chi_P01_2	9	238852	146
Chi_P01_2	9	238852	130
Chi_P01_2	9	238852	130
Chi_P01_2	9	238852	163
Chi_P01_2	9	238852	46
Chi_P01_2	9	238852	147
Chi_P01_2	9	238852	209
Chi_P01_2	9	238852	116
Chi_P01_2	9	238852	130
Chi_P01_2	9	238852	65
Chi_P01_2	9	238852	14
Chi_P01_2	9	238852	117
Chi_P01_2	9	238852	95
Chi_P01_2	9	238852	99
Chi_P01_2	9	238852	189
Chi_P01_2	9	238852	111
Chi_P01_2	9	238852	106
Chi_P01_2	9	238852	104
Chi_P01_2	9	238852	95
Chi_P01_2	9	238852	98
Chi_P01_2	9	238852	117
Chi_P01_2	9	238852	81
Chi_P01_2	9	238852	120
Chi_P01_2	9	238852	118
Chi_P01_2	9	238852	152
Chi_P01_2	9	238852	138
Chi_P01_2	9	238852	133
Chi_P01_2	9	238852	130
Chi_P01_2	9	238852	129
Chi_P01_2	9	238852	92
Chi_P01_2	9	238852	108
Chi_P01_2	9	238852	150
Chi_P01_2	9	238852	110
Chi_P01_2	9	238852	133
Chi_P01_2	9	238852	25
Chi_P01_2	9	238852	95
Chi_P01_2	9	238852	36
Chi_P01_2	9	238852	99
Chi_P01_2	9	238852	162
Chi_P01_2	9	238852	103
Chi_P01_2	9	238852	111
Chi_P01_2	9	238852	99
Chi_P01_2	9	238852	104
Chi_P01_2	9	238852	181
Chi_P01_2	9	238852	130
Chi_P01_2	9	238852	79
Chi_P01_2	9	238852	63
Chi_P01_2	9	238852	132
Chi_P01_2	9	238852	204
Chi_P01_2	9	238852	58
Chi_P01_2	9	238852	98
Chi_P01_2	9	238852	116
Chi_P01_2	9	238852	128
Chi_P01_2	9	238852	105
Chi_P01_2	9	238852	135
Chi_P01_2	9	238852	117
Chi_P01_2	9	238852	108
Chi_P01_2	9	238852	84
Chi_P01_2	9	238852	109
Chi_P01_2	9	238852	118
Chi_P01_2	9	238852	145
Chi_P01_2	9	238852	120
Chi_P01_2	9	238852	127
Chi_P01_2	9	238852	99
Chi_P01_2	9	238852	236
Chi_P01_2	9	238852	161
Chi_P01_2	9	238852	150
Chi_P01_2	9	238852	108
Chi_P01_2	9	238852	119
Chi_P01_2	9	238852	291
Chi_P01_2	9	238852	147
Chi_P01_2	10	295402	69
Chi_P01_2	10	295402	74
Chi_P01_2	10	295402	85
Chi_P01_2	10	295402	97
Chi_P01_2	10	295402	93
Chi_P01_2	10	295402	18
Chi_P01_2	10	295402	60
Chi_P01_2	10	295402	87
Chi_P01_2	10	295402	184
Chi_P01_2	10	295402	133
Chi_P01_2	10	295402	210
Chi_P01_2	10	295402	128
Chi_P01_2	10	295402	87
Chi_P01_2	10	295402	131
Chi_P01_2	10	295402	136
Chi_P01_2	10	295402	102
Chi_P01_2	10	295402	114
Chi_P01_2	10	295402	91
Chi_P01_2	10	295402	102
Chi_P01_2	10	295402	1560
Chi_P01_2	10	295402	139
Chi_P01_2	10	295402	156
Chi_P01_2	10	295402	53
Chi_P01_2	10	295402	119
Chi_P01_2	10	295402	58
Chi_P01_2	10	295402	92
Chi_P01_2	10	295402	79
Chi_P01_2	10	295402	12
Chi_P01_2	10	295402	116
Chi_P01_2	10	295402	65
Chi_P01_2	10	295402	117
Chi_P01_2	10	295402	90
Chi_P01_2	10	295402	65
Chi_P01_2	10	295402	85
Chi_P01_2	10	295402	88
Chi_P01_2	10	295402	99
Chi_P01_2	10	295402	15
Chi_P01_2	10	295402	140
Chi_P01_2	10	295402	206
Chi_P01_2	10	295402	76
Chi_P01_2	10	295402	234
Chi_P01_2	10	295402	64
Chi_P01_2	10	295402	76
Chi_P01_2	10	295402	65
Chi_P01_2	10	295402	85
Chi_P01_2	10	295402	105
Chi_P01_2	10	295402	106
Chi_P01_2	10	295402	143
Chi_P01_2	10	295402	94
Chi_P01_2	10	295402	91
Chi_P01_2	10	295402	75
Chi_P01_2	10	295402	89
Chi_P01_2	10	295402	55
Chi_P01_2	10	295402	91
Chi_P01_2	10	295402	83
Chi_P01_2	10	295402	27
Chi_P01_2	10	295402	117
Chi_P01_2	10	295402	118
Chi_P01_2	10	295402	82
Chi_P01_2	10	295402	88
Chi_P01_2	10	295402	152
Chi_P01_2	10	295402	115
Chi_P01_2	10	295402	79
Chi_P01_2	10	295402	94
Chi_P01_2	10	295402	326
Chi_P01_2	10	295402	156
Chi_P01_2	10	295402	120
Chi_P01_2	10	295402	108
Chi_P01_2	10	295402	213
Chi_P01_2	10	295402	53
Chi_P01_2	10	295402	58
Chi_P01_2	11	304450	23
Chi_P01_2	11	304450	137
Chi_P01_2	11	304450	55
Chi_P01_2	11	304450	226
Chi_P01_2	11	304450	85
Chi_P01_2	11	304450	140
Chi_P01_2	11	304450	154
Chi_P01_2	11	304450	141
Chi_P01_2	11	304450	147
Chi_P01_2	11	304450	97
Chi_P01_2	11	304450	117
Chi_P01_2	11	304450	186
Chi_P01_2	11	304450	104
Chi_P01_2	11	304450	102
Chi_P01_2	11	304450	137
Chi_P01_2	11	304450	109
Chi_P01_2	11	304450	77
Chi_P01_2	11	304450	75
Chi_P01_2	11	304450	112
Chi_P01_2	11	304450	95
Chi_P01_2	11	304450	126
Chi_P01_2	11	304450	89
Chi_P01_2	11	304450	81
Chi_P01_2	11	304450	113
Chi_P01_2	11	304450	38
Chi_P01_2	11	304450	46
Chi_P01_2	11	304450	102
Chi_P01_2	11	304450	69
Chi_P01_2	11	304450	100
Chi_P01_2	11	304450	128
Chi_P01_2	11	304450	88
Chi_P01_2	11	304450	107
Chi_P01_2	11	304450	120
Chi_P01_2	11	304450	106
Chi_P01_2	11	304450	122
Chi_P01_2	11	304450	120
Chi_P01_2	11	304450	89
Chi_P01_2	11	304450	119
Chi_P01_2	11	304450	71
Chi_P01_2	11	304450	107
Chi_P01_2	11	304450	93
Chi_P01_2	11	304450	189
Chi_P01_2	11	304450	101
Chi_P01_2	11	304450	156
Chi_P01_2	11	304450	85
Chi_P01_2	11	304450	288
Chi_P01_2	11	304450	138
Chi_P01_2	11	304450	86
Chi_P01_2	11	304450	63
Chi_P01_2	11	304450	100
Chi_P01_2	11	304450	71
Chi_P01_2	11	304450	124
Chi_P01_2	11	304450	84
Chi_P01_2	11	304450	82
Chi_P01_2	11	304450	44
Chi_P01_2	11	304450	94
Chi_P01_2	11	304450	121
Chi_P01_2	11	304450	33
Chi_P01_2	11	304450	114
Chi_P01_2	11	304450	113
Chi_P01_2	11	304450	135
Chi_P01_2	11	304450	85
Chi_P01_2	11	304450	69
Chi_P01_2	11	304450	105
Chi_P01_2	11	304450	105
Chi_P01_2	11	304450	138
Chi_P01_2	11	304450	54
Chi_P01_2	11	304450	69
Chi_P01_2	11	304450	13
Chi_P01_2	11	304450	72
Chi_P01_2	11	304450	105
Chi_P01_2	11	304450	153
Chi_P01_2	11	304450	164
Chi_P01_2	11	304450	113
Chi_P01_2	11	304450	90
Chi_P01_2	11	304450	116
Chi_P01_2	11	304450	102
Chi_P01_2	11	304450	115
Chi_P01_2	11	304450	113
Chi_P01_2	11	304450	109
Chi_P01_2	11	304450	119
Chi_P01_2	11	304450	110
Chi_P01_2	11	304450	109
Chi_P01_2	11	304450	113
Chi_P01_2	11	304450	131
Chi_P01_2	11	304450	109
Chi_P01_2	11	304450	271
Chi_P01_2	11	304450	158
Chi_P01_2	11	304450	182
Chi_P01_2	11	304450	105
Chi_P01_2	11	304450	87
Chi_P01_2	11	304450	67
Chi_P01_2	11	304450	54
Chi_P01_2	11	304450	58
Chi_P01_2	11	304450	79
Chi_P01_2	11	304450	62
Chi_P01_2	11	304450	121
Chi_P01_2	11	304450	196
Chi_P01_2	11	304450	104
Chi_P01_2	12	275390	68
Chi_P01_2	12	275390	118
Chi_P01_2	12	275390	112
Chi_P01_2	12	275390	103
Chi_P01_2	12	275390	102
Chi_P01_2	12	275390	129
Chi_P01_2	12	275390	116
Chi_P01_2	12	275390	65
Chi_P01_2	12	275390	87
Chi_P01_2	12	275390	117
Chi_P01_2	12	275390	101
Chi_P01_2	12	275390	115
Chi_P01_2	12	275390	94
Chi_P01_2	12	275390	114
Chi_P01_2	12	275390	140
Chi_P01_2	12	275390	94
Chi_P01_2	12	275390	130
Chi_P01_2	12	275390	293
Chi_P01_2	12	275390	65
Chi_P01_2	12	275390	84
Chi_P01_2	12	275390	80
Chi_P01_2	12	275390	125
Chi_P01_2	12	275390	85
Chi_P01_2	12	275390	32
Chi_P01_2	12	275390	67
Chi_P01_2	12	275390	79
Chi_P01_2	12	275390	107
Chi_P01_2	12	275390	107
Chi_P01_2	12	275390	101
Chi_P01_2	12	275390	174
Chi_P01_2	12	275390	112
Chi_P01_2	12	275390	97
Chi_P01_2	12	275390	255
Chi_P01_2	12	275390	101
Chi_P01_2	12	275390	83
Chi_P01_2	12	275390	98
Chi_P01_2	12	275390	100
Chi_P01_2	12	275390	133
Chi_P01_2	12	275390	65
Chi_P01_2	12	275390	400
Chi_P01_2	12	275390	119
Chi_P01_2	12	275390	165
Chi_P01_2	12	275390	150
Chi_P01_2	12	275390	76
Chi_P01_2	12	275390	147
Chi_P01_2	12	275390	154
Chi_P01_2	12	275390	112
Chi_P01_2	12	275390	172
Chi_P01_2	12	275390	146
Chi_P01_2	12	275390	130
Chi_P01_2	12	275390	119
Chi_P01_2	12	275390	108
Chi_P01_2	12	275390	209
Chi_P01_2	12	275390	98
Chi_P01_2	12	275390	125
Chi_P01_2	12	275390	184
Chi_P01_2	12	275390	274
Chi_P01_2	12	275390	179
Chi_P01_2	12	275390	106
Chi_P01_2	12	275390	145
Chi_P01_2	12	275390	116
Chi_P01_2	12	275390	62
Chi_P01_2	12	275390	153
Chi_P01_2	12	275390	79
Chi_P01_2	12	275390	147
Chi_P01_2	12	275390	82
Chi_P01_2	12	275390	170
Chi_P01_2	12	275390	61
Chi_P01_2	12	275390	129
Chi_P01_2	12	275390	148
Chi_P01_2	12	275390	67
Chi_P01_2	12	275390	63
Chi_P01_2	12	275390	75
Chi_P01_2	12	275390	52
Chi_P01_2	12	275390	82
Chi_P01_2	12	275390	120
Chi_P01_2	12	275390	91
Chi_P01_2	12	275390	80
Chi_P01_2	12	275390	131
Chi_P01_2	12	275390	103
Chi_P01_2	12	275390	107
Chi_P01_2	12	275390	101
Chi_P01_2	12	275390	152
Chi_P01_2	12	275390	117
Chi_P01_2	12	275390	133
Chi_P01_2	12	275390	29
Chi_P01_2	12	275390	199
Chi_P01_2	12	275390	266
Chi_P01_2	12	275390	164
Chi_P01_2	12	275390	115
Chi_P01_2	12	275390	293
Chi_P01_2	12	275390	191
Chi_P01_2	12	275390	91
Chi_P01_2	12	275390	101
Chi_P01_2	12	275390	107
Chi_P01_2	12	275390	90
Chi_P01_2	12	275390	122
Chi_P01_2	12	275390	128
Chi_P01_2	12	275390	224
Chi_P01_2	12	275390	100
Chi_P01_2	12	275390	116
Chi_P01_2	12	275390	108
Chi_P01_2	12	275390	259
Chi_P01_2	12	275390	110
Chi_P01_2	12	275390	154
Chi_P01_2	12	275390	207
Chi_P01_2	12	275390	250
Chi_P01_2	12	275390	153
Chi_P01_2	12	275390	147
Chi_P01_2	12	275390	67
Chi_P01_2	12	275390	100
Chi_P01_2	12	275390	230
Chi_P01_2	12	275390	139
Chi_P01_2	12	275390	65
Chi_P01_2	12	275390	165
Chi_P01_2	12	275390	17
Chi_P01_2	12	275390	168
Chi_P01_2	12	275390	181
Chi_P01_2	12	275390	104
Chi_P01_2	12	275390	148
Chi_P01_2	12	275390	77
Chi_P01_2	12	275390	84
Chi_P01_2	12	275390	135
Chi_P01_2	12	275390	222
Chi_P01_2	13	350968	145
Chi_P01_2	13	350968	128
Chi_P01_2	13	350968	171
Chi_P01_2	13	350968	255
Chi_P01_2	13	350968	93
Chi_P01_2	13	350968	218
Chi_P01_2	13	350968	81
Chi_P01_2	13	350968	78
Chi_P01_2	13	350968	133
Chi_P01_2	13	350968	156
Chi_P01_2	13	350968	87
Chi_P01_2	13	350968	87
Chi_P01_2	13	350968	115
Chi_P01_2	13	350968	116
Chi_P01_2	13	350968	97
Chi_P01_2	13	350968	118
Chi_P01_2	13	350968	87
Chi_P01_2	13	350968	84
Chi_P01_2	13	350968	108
Chi_P01_2	13	350968	87
Chi_P01_2	13	350968	197
Chi_P01_2	13	350968	18
Chi_P01_2	13	350968	126
Chi_P01_2	13	350968	73
Chi_P01_2	13	350968	138
Chi_P01_2	13	350968	86
Chi_P01_2	13	350968	104
Chi_P01_2	13	350968	68
Chi_P01_2	13	350968	92
Chi_P01_2	13	350968	99
Chi_P01_2	13	350968	73
Chi_P01_2	13	350968	62
Chi_P01_2	13	350968	86
Chi_P01_2	13	350968	64
Chi_P01_2	13	350968	79
Chi_P01_2	13	350968	25
Chi_P01_2	13	350968	49
Chi_P01_2	13	350968	75
Chi_P01_2	13	350968	52
Chi_P01_2	13	350968	58
Chi_P01_2	13	350968	173
Chi_P01_2	13	350968	54
Chi_P01_2	13	350968	33
Chi_P01_2	13	350968	58
Chi_P01_2	13	350968	49
Chi_P01_2	13	350968	143
Chi_P01_2	13	350968	25
Chi_P01_2	13	350968	243
Chi_P01_2	13	350968	69
Chi_P01_2	13	350968	25
Chi_P01_2	13	350968	41
Chi_P01_2	13	350968	42
Chi_P01_2	13	350968	190
Chi_P01_2	13	350968	98
Chi_P01_2	13	350968	73
Chi_P01_2	13	350968	105
Chi_P01_2	13	350968	92
Chi_P01_2	13	350968	79
Chi_P01_2	13	350968	66
Chi_P01_2	13	350968	80
Chi_P01_2	13	350968	158
Chi_P01_2	13	350968	109
Chi_P01_2	13	350968	164
Chi_P01_2	13	350968	47
Chi_P01_2	13	350968	52
Chi_P01_2	13	350968	115
Chi_P01_2	13	350968	59
Chi_P01_2	13	350968	57
Chi_P01_2	13	350968	46
Chi_P01_2	13	350968	135
Chi_P01_2	13	350968	282
Chi_P01_2	13	350968	79
Chi_P01_2	13	350968	73
Chi_P01_2	13	350968	96
Chi_P01_2	13	350968	65
Chi_P01_2	13	350968	79
Chi_P01_2	13	350968	57
Chi_P01_2	13	350968	76
Chi_P01_2	13	350968	151
Chi_P01_2	13	350968	91
Chi_P01_2	13	350968	120
Chi_P01_2	13	350968	116
Chi_P01_2	13	350968	83
Chi_P01_2	13	350968	106
Chi_P01_2	13	350968	47
Chi_P01_2	13	350968	151
Chi_P01_2	13	350968	33
Chi_P01_2	13	350968	151
Chi_P01_2	13	350968	62
Chi_P01_2	13	350968	130
Chi_P01_2	13	350968	84
Chi_P01_2	13	350968	15
Chi_P01_2	13	350968	61
Chi_P01_2	13	350968	76
Chi_P01_2	13	350968	95
Chi_P01_2	13	350968	93
Chi_P01_2	13	350968	196
Chi_P01_2	13	350968	147
Chi_P01_2	13	350968	85
Chi_P01_2	13	350968	79
Chi_P01_2	13	350968	91
Chi_P01_2	13	350968	47
Chi_P01_2	13	350968	82
Chi_P01_2	13	350968	63
Chi_P01_2	13	350968	81
Chi_P01_2	13	350968	73
Chi_P01_2	13	350968	97
Chi_P01_2	13	350968	81
Chi_P01_2	13	350968	15
Chi_P01_2	13	350968	104
Chi_P01_2	13	350968	398
Chi_P01_2	13	350968	69
Chi_P01_2	13	350968	77
Chi_P01_2	13	350968	31
Chi_P01_2	13	350968	77
Chi_P01_2	13	350968	366
Chi_P01_2	13	350968	33
Chi_P01_2	13	350968	118
Chi_P01_2	13	350968	64
Chi_P01_2	13	350968	96
Chi_P01_2	13	350968	35
Chi_P01_2	13	350968	303
Chi_P01_2	13	350968	50
Chi_P01_2	13	350968	114
Chi_P01_2	13	350968	67
Chi_P01_2	13	350968	70
Chi_P01_2	13	350968	93
Chi_P01_2	13	350968	104
Chi_P01_2	13	350968	254
Chi_P01_2	13	350968	74
Chi_P01_2	13	350968	31
Chi_P01_2	13	350968	224
Chi_P01_2	13	350968	172
Chi_P01_2	13	350968	501
Chi_P01_2	13	350968	125
Chi_P01_2	13	350968	111
Chi_P01_2	13	350968	113
Chi_P01_2	13	350968	270
Chi_P01_2	13	350968	57
Chi_P01_2	13	350968	81
Chi_P01_2	13	350968	65
Chi_P01_2	13	350968	38
Chi_P01_2	13	350968	53
Chi_P01_2	13	350968	80
Chi_P01_2	13	350968	73
Chi_P01_2	13	350968	58
Chi_P01_2	13	350968	97
Chi_P01_2	13	350968	84
Chi_P01_2	13	350968	283
Chi_P01_2	13	350968	166
Chi_P01_2	13	350968	63
Chi_P01_2	13	350968	100
Chi_P01_2	13	350968	96
Chi_P01_2	13	350968	170
Chi_P01_2	13	350968	50
Chi_P01_2	13	350968	114
Chi_P01_2	13	350968	30
Chi_P01_2	13	350968	153
Chi_P01_2	13	350968	28
Chi_P01_2	13	350968	37
Chi_P01_2	13	350968	98
Chi_P01_2	13	350968	178
Chi_P01_2	13	350968	73
Chi_P01_2	13	350968	83
Chi_P01_2	13	350968	85
Chi_P01_2	13	350968	102
Chi_P01_2	13	350968	94
Chi_P01_2	13	350968	27
Chi_P01_2	13	350968	40
Chi_P01_2	13	350968	93
Chi_P01_2	13	350968	184
Chi_P01_2	13	350968	90
Chi_P01_2	13	350968	34
Chi_P01_2	13	350968	141
Chi_P01_2	13	350968	68
Chi_P01_2	13	350968	82
Chi_P01_2	13	350968	134
Chi_P01_2	13	350968	290
Chi_P01_2	13	350968	108
Chi_P01_2	13	350968	35
Chi_P01_2	13	350968	235
Chi_P01_2	13	350968	123
Chi_P01_2	13	350968	58
Chi_P01_2	13	350968	145
Chi_P01_2	13	350968	103
Chi_P01_2	13	350968	80
Chi_P01_2	13	350968	34
Chi_P01_2	13	350968	221
Chi_P01_2	13	350968	209
Chi_P01_2	13	350968	67
Chi_P01_2	13	350968	99
Chi_P01_2	13	350968	126
Chi_P01_2	13	350968	197
Chi_P01_2	13	350968	100
Chi_P01_2	13	350968	317
Chi_P01_2	13	350968	43
Chi_P01_2	13	350968	44
Chi_P01_2	13	350968	63
Chi_P01_2	13	350968	32
Chi_P01_2	13	350968	94
Chi_P01_2	13	350968	26
Chi_P01_2	13	350968	33
Chi_P01_2	13	350968	148
Chi_P01_2	13	350968	107
Chi_P01_2	13	350968	57
Chi_P01_2	13	350968	186
Chi_P01_2	13	350968	133
Chi_P01_2	13	350968	108
Chi_P01_2	13	350968	46
Chi_P01_2	13	350968	247
Chi_P01_2	13	350968	77
Chi_P01_2	13	350968	25
Chi_P01_2	14	337281	123
Chi_P01_2	14	337281	51
Chi_P01_2	14	337281	67
Chi_P01_2	14	337281	162
Chi_P01_2	14	337281	65
Chi_P01_2	14	337281	80
Chi_P01_2	14	337281	86
Chi_P01_2	14	337281	183
Chi_P01_2	14	337281	109
Chi_P01_2	14	337281	33
Chi_P01_2	14	337281	83
Chi_P01_2	14	337281	99
Chi_P01_2	14	337281	68
Chi_P01_2	14	337281	113
Chi_P01_2	14	337281	75
Chi_P01_2	14	337281	35
Chi_P01_2	14	337281	146
Chi_P01_2	14	337281	46
Chi_P01_2	14	337281	46
Chi_P01_2	14	337281	206
Chi_P01_2	14	337281	38
Chi_P01_2	14	337281	62
Chi_P01_2	14	337281	106
Chi_P01_2	14	337281	202
Chi_P01_2	14	337281	103
Chi_P01_2	14	337281	39
Chi_P01_2	14	337281	57
Chi_P01_2	14	337281	35
Chi_P01_2	14	337281	51
Chi_P01_2	14	337281	82
Chi_P01_2	14	337281	74
Chi_P01_2	14	337281	62
Chi_P01_2	14	337281	145
Chi_P01_2	14	337281	42
Chi_P01_2	14	337281	111
Chi_P01_2	14	337281	79
Chi_P01_2	14	337281	202
Chi_P01_2	14	337281	57
Chi_P01_2	14	337281	225
Chi_P01_2	14	337281	123
Chi_P01_2	14	337281	241
Chi_P01_2	14	337281	136
Chi_P01_2	14	337281	123
Chi_P01_2	14	337281	131
Chi_P01_2	14	337281	133
Chi_P01_2	14	337281	173
Chi_P01_2	14	337281	13
Chi_P01_2	14	337281	82
Chi_P01_2	14	337281	106
Chi_P01_2	14	337281	56
Chi_P01_2	14	337281	88
Chi_P01_2	14	337281	106
Chi_P01_2	14	337281	64
Chi_P01_2	14	337281	101
Chi_P01_2	14	337281	156
Chi_P01_2	14	337281	44
Chi_P01_2	14	337281	102
Chi_P01_2	14	337281	58
Chi_P01_2	14	337281	45
Chi_P01_2	14	337281	48
Chi_P01_2	14	337281	96
Chi_P01_2	14	337281	121
Chi_P01_2	14	337281	159
Chi_P01_2	14	337281	68
Chi_P01_2	14	337281	52
Chi_P01_2	14	337281	81
Chi_P01_2	14	337281	114
Chi_P01_2	14	337281	190
Chi_P01_2	14	337281	107
Chi_P01_2	14	337281	95
Chi_P01_2	14	337281	101
Chi_P01_2	14	337281	85
Chi_P01_2	14	337281	73
Chi_P01_2	14	337281	94
Chi_P01_2	14	337281	130
Chi_P01_2	14	337281	80
Chi_P01_2	14	337281	101
Chi_P01_2	14	337281	117
Chi_P01_2	14	337281	173
Chi_P01_2	14	337281	158
Chi_P01_2	14	337281	53
Chi_P01_2	14	337281	86
Chi_P01_2	14	337281	127
Chi_P01_2	14	337281	221
Chi_P01_2	14	337281	82
Chi_P01_2	14	337281	86
Chi_P01_2	14	337281	85
Chi_P01_2	14	337281	48
Chi_P01_2	14	337281	95
Chi_P01_2	14	337281	88
Chi_P01_2	14	337281	18
Chi_P01_2	14	337281	138
Chi_P01_2	14	337281	68
Chi_P01_2	14	337281	56
Chi_P01_2	14	337281	54
Chi_P01_2	14	337281	145
Chi_P01_2	14	337281	194
Chi_P01_2	14	337281	76
Chi_P01_2	14	337281	140
Chi_P01_2	14	337281	35
Chi_P01_2	14	337281	109
Chi_P01_2	14	337281	91
Chi_P01_2	14	337281	48
Chi_P01_2	14	337281	133
Chi_P01_2	14	337281	77
Chi_P01_2	14	337281	73
Chi_P01_2	14	337281	87
Chi_P01_2	14	337281	94
Chi_P01_2	14	337281	140
Chi_P01_2	14	337281	153
Chi_P01_2	14	337281	93
Chi_P01_2	14	337281	108
Chi_P01_2	14	337281	109
Chi_P01_2	14	337281	94
Chi_P01_2	14	337281	198
Chi_P01_2	14	337281	90
Chi_P01_2	14	337281	128
Chi_P01_2	14	337281	205
Chi_P01_2	14	337281	76
Chi_P01_2	14	337281	112
Chi_P01_2	14	337281	200
Chi_P01_2	14	337281	157
Chi_P01_2	14	337281	54
Chi_P01_2	14	337281	117
Chi_P01_2	14	337281	287
Chi_P01_2	14	337281	136
Chi_P01_2	14	337281	101
Chi_P01_2	14	337281	188
Chi_P01_2	14	337281	167
Chi_P01_2	14	337281	94
Chi_P01_2	14	337281	181
Chi_P01_2	14	337281	120
Chi_P01_2	14	337281	126
Chi_P01_2	14	337281	86
Chi_P01_2	14	337281	67
Chi_P01_2	14	337281	112
Chi_P01_2	14	337281	100
Chi_P01_2	14	337281	65
Chi_P01_2	14	337281	305
Chi_P01_2	14	337281	133
Chi_P01_2	14	337281	137
Chi_P01_2	14	337281	167
Chi_P01_2	14	337281	69
Chi_P01_2	14	337281	112
Chi_P01_2	14	337281	144
Chi_P01_2	14	337281	83
Chi_P01_2	14	337281	70
Chi_P01_2	14	337281	134
Chi_P01_2	14	337281	98
Chi_P01_2	14	337281	378
Chi_P01_2	14	337281	83
Chi_P01_2	14	337281	54
Chi_P01_2	14	337281	76
Chi_P01_2	14	337281	160
Chi_P01_2	14	337281	33
Chi_P01_2	14	337281	98
Chi_P01_2	14	337281	77
Chi_P01_2	14	337281	78
Chi_P01_2	14	337281	50
Chi_P01_2	14	337281	72
Chi_P01_2	14	337281	47
Chi_P01_2	14	337281	93
Chi_P01_2	14	337281	73
Chi_P01_2	14	337281	126
Chi_P01_2	14	337281	92
Chi_P01_2	14	337281	118
Chi_P01_2	14	337281	105
Chi_P01_2	14	337281	130
Chi_P01_2	14	337281	75
Chi_P01_2	14	337281	200
Chi_P01_2	14	337281	69
Chi_P01_2	14	337281	89
Chi_P01_2	14	337281	133
Chi_P01_2	14	337281	57
Chi_P01_2	14	337281	107
Chi_P01_2	14	337281	65
Chi_P01_2	14	337281	77
Chi_P01_2	14	337281	154
Chi_P01_2	14	337281	73
Chi_P01_2	14	337281	80
Chi_P01_2	14	337281	113
Chi_P01_2	14	337281	68
Chi_P01_2	14	337281	180
Chi_P01_2	14	337281	241
Chi_P01_2	14	337281	76
Chi_P01_2	14	337281	52
Chi_P01_2	14	337281	67
Chi_P01_2	14	337281	134
Chi_P01_2	14	337281	50
Chi_P01_2	14	337281	149
Chi_P01_2	14	337281	173
Chi_P01_2	14	337281	95
Chi_P01_2	14	337281	112
Chi_P01_2	14	337281	57
Chi_P01_2	14	337281	199
Chi_P01_2	14	337281	77
Chi_P01_2	14	337281	131
Chi_P01_2	14	337281	63
Chi_P01_2	14	337281	64
Chi_P01_2	14	337281	98
Chi_P01_2	14	337281	96
Chi_P01_2	14	337281	46
Chi_P01_2	15	349903	110
Chi_P01_2	15	349903	109
Chi_P01_2	15	349903	219
Chi_P01_2	15	349903	100
Chi_P01_2	15	349903	88
Chi_P01_2	15	349903	148
Chi_P01_2	15	349903	38
Chi_P01_2	15	349903	72
Chi_P01_2	15	349903	108
Chi_P01_2	15	349903	112
Chi_P01_2	15	349903	97
Chi_P01_2	15	349903	212
Chi_P01_2	15	349903	176
Chi_P01_2	15	349903	114
Chi_P01_2	15	349903	117
Chi_P01_2	15	349903	71
Chi_P01_2	15	349903	197
Chi_P01_2	15	349903	154
Chi_P01_2	15	349903	17
Chi_P01_2	15	349903	75
Chi_P01_2	15	349903	410
Chi_P01_2	15	349903	125
Chi_P01_2	15	349903	138
Chi_P01_2	15	349903	71
Chi_P01_2	15	349903	254
Chi_P01_2	15	349903	89
Chi_P01_2	15	349903	107
Chi_P01_2	15	349903	72
Chi_P01_2	15	349903	121
Chi_P01_2	15	349903	61
Chi_P01_2	15	349903	116
Chi_P01_2	15	349903	100
Chi_P01_2	15	349903	96
Chi_P01_2	15	349903	77
Chi_P01_2	15	349903	74
Chi_P01_2	15	349903	133
Chi_P01_2	15	349903	51
Chi_P01_2	15	349903	72
Chi_P01_2	15	349903	59
Chi_P01_2	15	349903	123
Chi_P01_2	15	349903	134
Chi_P01_2	15	349903	108
Chi_P01_2	15	349903	52
Chi_P01_2	15	349903	108
Chi_P01_2	15	349903	133
Chi_P01_2	15	349903	79
Chi_P01_2	15	349903	96
Chi_P01_2	15	349903	229
Chi_P01_2	15	349903	139
Chi_P01_2	15	349903	65
Chi_P01_2	15	349903	205
Chi_P01_2	15	349903	93
Chi_P01_2	15	349903	182
Chi_P01_2	15	349903	208
Chi_P01_2	15	349903	14
Chi_P01_2	15	349903	178
Chi_P01_2	15	349903	128
Chi_P01_2	15	349903	168
Chi_P01_2	15	349903	72
Chi_P01_2	15	349903	80
Chi_P01_2	15	349903	131
Chi_P01_2	15	349903	199
Chi_P01_2	15	349903	122
Chi_P01_2	15	349903	144
Chi_P01_2	15	349903	84
Chi_P01_2	15	349903	50
Chi_P01_2	15	349903	406
Chi_P01_2	15	349903	101
Chi_P01_2	15	349903	135
Chi_P01_2	15	349903	200
Chi_P01_2	15	349903	130
Chi_P01_2	15	349903	96
Chi_P01_2	15	349903	108
Chi_P01_2	15	349903	77
Chi_P01_2	15	349903	167
Chi_P01_2	15	349903	76
Chi_P01_2	15	349903	291
Chi_P01_2	15	349903	143
Chi_P01_2	15	349903	95
Chi_P01_2	15	349903	100
Chi_P01_2	15	349903	82
Chi_P01_2	15	349903	77
Chi_P01_2	15	349903	112
Chi_P01_2	15	349903	119
Chi_P01_2	15	349903	134
Chi_P01_2	15	349903	70
Chi_P01_2	15	349903	19
Chi_P01_2	15	349903	146
Chi_P01_2	15	349903	72
Chi_P01_2	15	349903	75
Chi_P01_2	15	349903	89
Chi_P01_2	15	349903	96
Chi_P01_2	15	349903	94
Chi_P01_2	15	349903	198
Chi_P01_2	15	349903	78
Chi_P01_2	15	349903	133
Chi_P01_2	15	349903	104
Chi_P01_2	15	349903	29
Chi_P01_2	15	349903	75
Chi_P01_2	15	349903	92
Chi_P01_2	15	349903	86
Chi_P01_2	15	349903	182
Chi_P01_2	15	349903	96
Chi_P01_2	15	349903	101
Chi_P01_2	15	349903	60
Chi_P01_2	15	349903	121
Chi_P01_2	15	349903	149
Chi_P01_2	15	349903	77
Chi_P01_2	15	349903	51
Chi_P01_2	15	349903	12
Chi_P01_2	15	349903	111
Chi_P01_2	15	349903	35
Chi_P01_2	15	349903	70
Chi_P01_2	15	349903	63
Chi_P01_2	15	349903	86
Chi_P01_2	15	349903	107
Chi_P01_2	15	349903	62
Chi_P01_2	15	349903	76
Chi_P01_2	15	349903	85
Chi_P01_2	15	349903	64
Chi_P01_2	15	349903	56
Chi_P01_2	15	349903	68
Chi_P01_2	15	349903	57
Chi_P01_2	15	349903	76
Chi_P01_2	15	349903	79
Chi_P01_2	15	349903	89
Chi_P01_2	15	349903	196
Chi_P01_2	15	349903	67
Chi_P01_2	15	349903	55
Chi_P01_2	15	349903	317
Chi_P01_2	15	349903	96
Chi_P01_2	15	349903	32
Chi_P01_2	15	349903	88
Chi_P01_2	15	349903	63
Chi_P01_2	15	349903	79
Chi_P01_2	15	349903	51
Chi_P01_2	15	349903	44
Chi_P01_2	15	349903	42
Chi_P01_2	15	349903	106
Chi_P01_2	15	349903	70
Chi_P01_2	15	349903	20
Chi_P01_2	15	349903	36
Chi_P01_2	15	349903	49
Chi_P01_2	15	349903	47
Chi_P01_2	15	349903	140
Chi_P01_2	15	349903	59
Chi_P01_2	15	349903	86
Chi_P01_2	15	349903	73
Chi_P01_2	15	349903	126
Chi_P01_2	15	349903	84
Chi_P01_2	15	349903	174
Chi_P01_2	15	349903	85
Chi_P01_2	15	349903	37
Chi_P01_2	15	349903	58
Chi_P01_2	15	349903	68
Chi_P01_2	15	349903	58
Chi_P01_2	15	349903	62
Chi_P01_2	15	349903	126
Chi_P01_2	15	349903	53
Chi_P01_2	15	349903	151
Chi_P01_2	15	349903	113
Chi_P01_2	15	349903	46
Chi_P01_2	15	349903	192
Chi_P01_2	15	349903	80
Chi_P01_2	15	349903	14
Chi_P01_2	15	349903	57
Chi_P01_2	15	349903	80
Chi_P01_2	15	349903	92
Chi_P01_2	15	349903	85
Chi_P01_2	15	349903	114
Chi_P01_2	15	349903	63
Chi_P01_2	15	349903	37
Chi_P01_2	15	349903	30
Chi_P01_2	15	349903	91
Chi_P01_2	15	349903	91
Chi_P01_2	15	349903	78
Chi_P01_2	15	349903	138
Chi_P01_2	15	349903	17
Chi_P01_2	15	349903	111
Chi_P01_2	15	349903	42
Chi_P01_2	15	349903	26
Chi_P01_2	15	349903	86
Chi_P01_2	15	349903	111
Chi_P01_2	15	349903	103
Chi_P01_2	15	349903	93
Chi_P01_2	15	349903	69
Chi_P01_2	15	349903	40
Chi_P01_2	16	302992	108
Chi_P01_2	16	302992	157
Chi_P01_2	16	302992	96
Chi_P01_2	16	302992	96
Chi_P01_2	16	302992	129
Chi_P01_2	16	302992	141
Chi_P01_2	16	302992	85
Chi_P01_2	16	302992	111
Chi_P01_2	16	302992	145
Chi_P01_2	16	302992	181
Chi_P01_2	16	302992	141
Chi_P01_2	16	302992	82
Chi_P01_2	16	302992	212
Chi_P01_2	16	302992	146
Chi_P01_2	16	302992	186
Chi_P01_2	16	302992	281
Chi_P01_2	16	302992	277
Chi_P01_2	16	302992	109
Chi_P01_2	16	302992	123
Chi_P01_2	16	302992	133
Chi_P01_2	16	302992	85
Chi_P01_2	16	302992	160
Chi_P01_2	16	302992	104
Chi_P01_2	16	302992	67
Chi_P01_2	16	302992	101
Chi_P01_2	16	302992	163
Chi_P01_2	16	302992	92
Chi_P01_2	16	302992	246
Chi_P01_2	16	302992	177
Chi_P01_2	16	302992	150
Chi_P01_2	16	302992	137
Chi_P01_2	16	302992	247
Chi_P01_2	16	302992	140
Chi_P01_2	16	302992	129
Chi_P01_2	16	302992	219
Chi_P01_2	16	302992	26
Chi_P01_2	16	302992	94
Chi_P01_2	16	302992	76
Chi_P01_2	16	302992	117
Chi_P01_2	16	302992	107
Chi_P01_2	16	302992	79
Chi_P01_2	16	302992	100
Chi_P01_2	16	302992	143
Chi_P01_2	16	302992	132
Chi_P01_2	16	302992	187
Chi_P01_2	16	302992	121
Chi_P01_2	16	302992	111
Chi_P01_2	16	302992	323
Chi_P01_2	16	302992	126
Chi_P01_2	16	302992	124
Chi_P01_2	16	302992	170
Chi_P01_2	16	302992	227
Chi_P01_2	16	302992	153
Chi_P01_2	16	302992	150
Chi_P01_2	16	302992	13
Chi_P01_2	16	302992	48
Chi_P01_2	16	302992	351
Chi_P01_2	16	302992	129
Chi_P01_2	16	302992	166
Chi_P01_2	16	302992	128
Chi_P01_2	16	302992	160
Chi_P01_2	16	302992	132
Chi_P01_2	16	302992	98
Chi_P01_2	16	302992	207
Chi_P01_2	16	302992	118
Chi_P01_2	16	302992	392
Chi_P01_2	16	302992	89
Chi_P01_2	16	302992	133
Chi_P01_2	16	302992	99
Chi_P01_2	16	302992	193
Chi_P01_2	16	302992	142
Chi_P01_2	16	302992	171
Chi_P01_2	16	302992	110
Chi_P01_2	16	302992	158
Chi_P01_2	16	302992	172
Chi_P01_2	16	302992	89
Chi_P01_2	16	302992	164
Chi_P01_2	16	302992	91
Chi_P01_2	16	302992	323
Chi_P01_2	16	302992	167
Chi_P01_2	16	302992	147
Chi_P01_2	16	302992	80
Chi_P01_2	16	302992	192
Chi_P01_2	16	302992	92
Chi_P01_2	16	302992	175
Chi_P01_2	16	302992	82
Chi_P01_2	16	302992	117
Chi_P01_2	16	302992	26
Chi_P01_2	16	302992	132
Chi_P01_2	16	302992	132
Chi_P01_2	16	302992	185
Chi_P01_2	16	302992	144
Chi_P01_2	16	302992	157
Chi_P01_2	16	302992	147
Chi_P01_2	16	302992	114
Chi_P01_2	16	302992	180
Chi_P01_2	16	302992	123
Chi_P01_2	16	302992	76
Chi_P01_2	16	302992	170
Chi_P01_2	16	302992	92
Chi_P01_2	16	302992	116
Chi_P01_2	16	302992	208
Chi_P01_2	16	302992	101
Chi_P01_2	16	302992	110
Chi_P01_2	16	302992	128
Chi_P01_2	16	302992	215
Chi_P01_2	16	302992	117
Chi_P01_2	16	302992	155
Chi_P01_2	16	302992	130
Chi_P01_2	16	302992	130
Chi_P01_2	16	302992	159
Chi_P01_2	16	302992	227
Chi_P01_2	16	302992	106
Chi_P01_2	16	302992	163
Chi_P01_2	16	302992	138
Chi_P01_2	17	283990	61
Chi_P01_2	17	283990	63
Chi_P01_2	17	283990	42
Chi_P01_2	17	283990	35
Chi_P01_2	17	283990	49
Chi_P01_2	17	283990	67
Chi_P01_2	17	283990	76
Chi_P01_2	17	283990	85
Chi_P01_2	17	283990	84
Chi_P01_2	17	283990	27
Chi_P01_2	17	283990	216
Chi_P01_2	17	283990	40
Chi_P01_2	17	283990	89
Chi_P01_2	17	283990	481
Chi_P01_2	17	283990	119
Chi_P01_2	17	283990	81
Chi_P01_2	17	283990	89
Chi_P01_2	17	283990	92
Chi_P01_2	17	283990	76
Chi_P01_2	17	283990	101
Chi_P01_2	17	283990	106
Chi_P01_2	17	283990	146
Chi_P01_2	17	283990	128
Chi_P01_2	17	283990	47
Chi_P01_2	17	283990	83
Chi_P01_2	17	283990	67
Chi_P01_2	17	283990	234
Chi_P01_2	17	283990	183
Chi_P01_2	17	283990	15
Chi_P01_2	17	283990	38
Chi_P01_2	17	283990	121
Chi_P01_2	17	283990	101
Chi_P01_2	17	283990	99
Chi_P01_2	17	283990	102
Chi_P01_2	17	283990	121
Chi_P01_2	17	283990	117
Chi_P01_2	17	283990	141
Chi_P01_2	17	283990	92
Chi_P01_2	17	283990	226
Chi_P01_2	17	283990	49
Chi_P01_2	17	283990	100
Chi_P01_2	17	283990	73
Chi_P01_2	17	283990	120
Chi_P01_2	17	283990	78
Chi_P01_2	17	283990	116
Chi_P01_2	17	283990	135
Chi_P01_2	17	283990	209
Chi_P01_2	17	283990	105
Chi_P01_2	17	283990	96
Chi_P01_2	17	283990	262
Chi_P01_2	17	283990	253
Chi_P01_2	17	283990	115
Chi_P01_2	17	283990	110
Chi_P01_2	17	283990	98
Chi_P01_2	17	283990	101
Chi_P01_2	17	283990	135
Chi_P01_2	17	283990	143
Chi_P01_2	17	283990	92
Chi_P01_2	17	283990	142
Chi_P01_2	17	283990	100
Chi_P01_2	17	283990	111
Chi_P01_2	17	283990	114
Chi_P01_2	17	283990	104
Chi_P01_2	17	283990	203
Chi_P01_2	17	283990	100
Chi_P01_2	17	283990	240
Chi_P01_2	17	283990	155
Chi_P01_2	17	283990	63
Chi_P01_2	17	283990	70
Chi_P01_2	17	283990	124
Chi_P01_2	17	283990	203
Chi_P01_2	17	283990	91
Chi_P01_2	17	283990	264
Chi_P01_2	17	283990	298
Chi_P01_2	17	283990	146
Chi_P01_2	17	283990	136
Chi_P01_2	17	283990	116
Chi_P01_2	17	283990	136
Chi_P01_2	17	283990	132
Chi_P01_2	17	283990	117
Chi_P01_2	17	283990	126
Chi_P01_2	17	283990	158
Chi_P01_2	17	283990	162
Chi_P01_2	17	283990	202
Chi_P01_2	17	283990	70
Chi_P01_2	17	283990	223
Chi_P01_2	17	283990	101
Chi_P01_2	17	283990	99
Chi_P01_2	17	283990	159
Chi_P01_2	17	283990	284
Chi_P01_2	17	283990	830
Chi_P01_2	17	283990	85
Chi_P01_2	17	283990	69
Chi_P01_2	17	283990	82
Chi_P01_2	17	283990	120
Chi_P01_2	17	283990	157
Chi_P01_2	17	283990	149
Chi_P01_2	17	283990	74
Chi_P01_2	17	283990	136
Chi_P01_2	17	283990	44
Chi_P01_2	17	283990	106
Chi_P01_2	17	283990	88
Chi_P01_2	17	283990	75
Chi_P01_2	17	283990	119
Chi_P01_2	17	283990	143
Chi_P01_2	17	283990	101
Chi_P01_2	17	283990	117
Chi_P01_2	17	283990	51
Chi_P01_2	17	283990	310
Chi_P01_2	17	283990	48
Chi_P01_2	17	283990	71
Chi_P01_2	17	283990	22
Chi_P01_2	17	283990	97
Chi_P01_2	17	283990	89
Chi_P01_2	17	283990	72
Chi_P01_2	17	283990	65
Chi_P01_2	17	283990	35
Chi_P01_2	17	283990	207
Chi_P01_2	17	283990	83
Chi_P01_2	18	323190	99
Chi_P01_2	18	323190	79
Chi_P01_2	18	323190	107
Chi_P01_2	18	323190	83
Chi_P01_2	18	323190	67
Chi_P01_2	18	323190	85
Chi_P01_2	18	323190	13
Chi_P01_2	18	323190	92
Chi_P01_2	18	323190	95
Chi_P01_2	18	323190	78
Chi_P01_2	18	323190	93
Chi_P01_2	18	323190	102
Chi_P01_2	18	323190	68
Chi_P01_2	18	323190	283
Chi_P01_2	18	323190	98
Chi_P01_2	18	323190	155
Chi_P01_2	18	323190	98
Chi_P01_2	18	323190	198
Chi_P01_2	18	323190	131
Chi_P01_2	18	323190	57
Chi_P01_2	18	323190	59
Chi_P01_2	18	323190	149
Chi_P01_2	18	323190	97
Chi_P01_2	18	323190	141
Chi_P01_2	18	323190	226
Chi_P01_2	18	323190	170
Chi_P01_2	18	323190	151
Chi_P01_2	18	323190	91
Chi_P01_2	18	323190	197
Chi_P01_2	18	323190	219
Chi_P01_2	18	323190	183
Chi_P01_2	18	323190	159
Chi_P01_2	18	323190	124
Chi_P01_2	18	323190	315
Chi_P01_2	18	323190	80
Chi_P01_2	18	323190	63
Chi_P01_2	18	323190	157
Chi_P01_2	18	323190	157
Chi_P01_2	18	323190	220
Chi_P01_2	18	323190	100
Chi_P01_2	18	323190	79
Chi_P01_2	18	323190	140
Chi_P01_2	18	323190	143
Chi_P01_2	18	323190	176
Chi_P01_2	18	323190	125
Chi_P01_2	18	323190	155
Chi_P01_2	18	323190	120
Chi_P01_2	18	323190	139
Chi_P01_2	18	323190	113
Chi_P01_2	18	323190	183
Chi_P01_2	18	323190	115
Chi_P01_2	18	323190	89
Chi_P01_2	18	323190	143
Chi_P01_2	18	323190	126
Chi_P01_2	18	323190	83
Chi_P01_2	18	323190	78
Chi_P01_2	18	323190	66
Chi_P01_2	18	323190	164
Chi_P01_2	18	323190	177
Chi_P01_2	18	323190	196
Chi_P01_2	18	323190	110
Chi_P01_2	18	323190	71
Chi_P01_2	18	323190	128
Chi_P01_2	18	323190	135
Chi_P01_2	18	323190	188
Chi_P01_2	18	323190	116
Chi_P01_2	18	323190	103
Chi_P01_2	18	323190	79
Chi_P01_2	18	323190	85
Chi_P01_2	18	323190	48
Chi_P01_2	18	323190	91
Chi_P01_2	18	323190	124
Chi_P01_2	18	323190	90
Chi_P01_2	18	323190	128
Chi_P01_2	18	323190	116
Chi_P01_2	18	323190	108
Chi_P01_2	18	323190	63
Chi_P01_2	18	323190	160
Chi_P01_2	18	323190	47
Chi_P01_2	18	323190	66
Chi_P01_2	18	323190	110
Chi_P01_2	18	323190	66
Chi_P01_2	18	323190	127
Chi_P01_2	18	323190	103
Chi_P01_2	18	323190	107
Chi_P01_2	18	323190	132
Chi_P01_2	18	323190	110
Chi_P01_2	18	323190	200
Chi_P01_2	18	323190	102
Chi_P01_2	18	323190	38
Chi_P01_2	18	323190	145
Chi_P01_2	18	323190	104
Chi_P01_2	18	323190	70
Chi_P01_2	18	323190	163
Chi_P01_2	18	323190	55
Chi_P01_2	18	323190	172
Chi_P01_2	18	323190	114
Chi_P01_2	18	323190	105
Chi_P01_2	18	323190	71
Chi_P01_2	18	323190	104
Chi_P01_2	18	323190	108
Chi_P01_2	18	323190	199
Chi_P01_2	18	323190	27
Chi_P01_2	18	323190	108
Chi_P01_2	18	323190	62
Chi_P01_2	18	323190	101
Chi_P01_2	18	323190	128
Chi_P01_2	18	323190	193
Chi_P01_2	18	323190	119
Chi_P01_2	18	323190	101
Chi_P01_2	18	323190	103
Chi_P01_2	18	323190	162
Chi_P01_2	18	323190	125
Chi_P01_2	18	323190	87
Chi_P01_2	18	323190	174
Chi_P01_2	18	323190	163
Chi_P01_2	18	323190	123
Chi_P01_2	18	323190	104
Chi_P01_2	18	323190	242
Chi_P01_2	18	323190	159
Chi_P01_2	18	323190	98
Chi_P01_2	18	323190	47
Chi_P01_2	18	323190	199
Chi_P01_2	18	323190	78
Chi_P01_2	18	323190	67
Chi_P01_2	18	323190	87
Chi_P01_2	18	323190	22
Chi_P01_2	18	323190	81
Chi_P01_2	18	323190	129
Chi_P01_2	18	323190	164
Chi_P01_2	18	323190	106
Chi_P01_2	18	323190	167
Chi_P01_2	18	323190	48
Chi_P01_2	18	323190	143
Chi_P01_2	19	281198	79
Chi_P01_2	19	281198	102
Chi_P01_2	19	281198	81
Chi_P01_2	19	281198	68
Chi_P01_2	19	281198	113
Chi_P01_2	19	281198	59
Chi_P01_2	19	281198	50
Chi_P01_2	19	281198	82
Chi_P01_2	19	281198	55
Chi_P01_2	19	281198	54
Chi_P01_2	19	281198	89
Chi_P01_2	19	281198	115
Chi_P01_2	19	281198	31
Chi_P01_2	19	281198	77
Chi_P01_2	19	281198	150
Chi_P01_2	19	281198	69
Chi_P01_2	19	281198	270
Chi_P01_2	19	281198	50
Chi_P01_2	19	281198	107
Chi_P01_2	19	281198	84
Chi_P01_2	19	281198	149
Chi_P01_2	19	281198	159
Chi_P01_2	19	281198	111
Chi_P01_2	19	281198	268
Chi_P01_2	19	281198	72
Chi_P01_2	19	281198	119
Chi_P01_2	19	281198	45
Chi_P01_2	19	281198	73
Chi_P01_2	19	281198	71
Chi_P01_2	19	281198	155
Chi_P01_2	19	281198	175
Chi_P01_2	19	281198	97
Chi_P01_2	19	281198	127
Chi_P01_2	19	281198	74
Chi_P01_2	19	281198	118
Chi_P01_2	19	281198	158
Chi_P01_2	19	281198	54
Chi_P01_2	19	281198	140
Chi_P01_2	19	281198	101
Chi_P01_2	19	281198	79
Chi_P01_2	19	281198	64
Chi_P01_2	19	281198	95
Chi_P01_2	19	281198	56
Chi_P01_2	19	281198	87
Chi_P01_2	19	281198	115
Chi_P01_2	19	281198	102
Chi_P01_2	19	281198	40
Chi_P01_2	19	281198	64
Chi_P01_2	19	281198	127
Chi_P01_2	19	281198	116
Chi_P01_2	19	281198	203
Chi_P01_2	19	281198	73
Chi_P01_2	19	281198	230
Chi_P01_2	19	281198	116
Chi_P01_2	19	281198	112
Chi_P01_2	19	281198	86
Chi_P01_2	19	281198	245
Chi_P01_2	19	281198	113
Chi_P01_2	19	281198	205
Chi_P01_2	19	281198	136
Chi_P01_2	19	281198	79
Chi_P01_2	19	281198	12
Chi_P01_2	19	281198	94
Chi_P01_2	19	281198	73
Chi_P01_2	19	281198	74
Chi_P01_2	19	281198	30
Chi_P01_2	19	281198	136
Chi_P01_2	19	281198	121
Chi_P01_2	19	281198	155
Chi_P01_2	19	281198	131
Chi_P01_2	19	281198	113
Chi_P01_2	19	281198	55
Chi_P01_2	19	281198	52
Chi_P01_2	19	281198	95
Chi_P01_2	19	281198	136
Chi_P01_2	19	281198	76
Chi_P01_2	19	281198	315
Chi_P01_2	19	281198	86
Chi_P01_2	19	281198	170
Chi_P01_2	19	281198	125
Chi_P01_2	19	281198	58
Chi_P01_2	19	281198	129
Chi_P01_2	19	281198	126
Chi_P01_2	19	281198	187
Chi_P01_2	19	281198	142
Chi_P01_2	19	281198	135
Chi_P01_2	19	281198	91
Chi_P01_2	19	281198	111
Chi_P01_2	19	281198	95
Chi_P01_2	19	281198	240
Chi_P01_2	19	281198	141
Chi_P01_2	19	281198	144
Chi_P01_2	19	281198	125
Chi_P01_2	19	281198	106
Chi_P01_2	19	281198	103
Chi_P01_2	19	281198	122
Chi_P01_2	19	281198	240
Chi_P01_2	19	281198	113
Chi_P01_2	19	281198	23
Chi_P01_2	19	281198	129
Chi_P01_2	19	281198	116
Chi_P01_2	19	281198	71
Chi_P01_2	19	281198	111
Chi_P01_2	19	281198	138
Chi_P01_2	19	281198	66
Chi_P01_2	19	281198	100
Chi_P01_2	19	281198	226
Chi_P01_2	19	281198	87
Chi_P01_2	19	281198	137
Chi_P01_2	19	281198	96
Chi_P01_2	19	281198	207
Chi_P01_2	19	281198	104
Chi_P01_2	19	281198	106
Chi_P01_2	19	281198	106
Chi_P01_2	19	281198	69
Chi_P01_2	19	281198	232
Chi_P01_2	19	281198	115
Chi_P01_2	19	281198	131
Chi_P01_2	19	281198	64
Chi_P01_2	19	281198	204
Chi_P01_2	19	281198	134
Chi_P01_2	19	281198	90
Chi_P01_2	19	281198	79
Chi_P01_2	19	281198	124
Chi_P01_2	19	281198	123
Chi_P01_2	19	281198	56
Chi_P01_2	19	281198	385
Chi_P01_2	19	281198	196
Chi_P01_2	19	281198	69
Chi_P01_2	19	281198	81
Chi_P01_2	19	281198	160
Chi_P01_2	19	281198	131
Chi_P01_2	19	281198	94
Chi_P01_2	19	281198	116
Chi_P01_2	19	281198	155
Chi_P01_2	19	281198	151
Chi_P01_2	19	281198	131
Chi_P01_2	19	281198	102
Chi_P01_2	19	281198	80
Chi_P01_2	19	281198	102
Chi_P01_2	19	281198	80
Chi_P01_2	19	281198	155
Chi_P01_2	19	281198	126
Chi_P01_2	19	281198	205
Chi_P01_2	19	281198	87
Chi_P01_2	19	281198	202
Chi_P01_2	19	281198	125
Chi_P01_2	19	281198	135
Chi_P01_2	19	281198	124
Chi_P01_2	19	281198	89
Chi_P01_2	19	281198	148
Chi_P01_2	19	281198	74
Chi_P01_2	20	285615	137
Chi_P01_2	20	285615	96
Chi_P01_2	20	285615	85
Chi_P01_2	20	285615	74
Chi_P01_2	20	285615	192
Chi_P01_2	20	285615	12
Chi_P01_2	20	285615	54
Chi_P01_2	20	285615	10
Chi_P01_2	20	285615	28
Chi_P01_2	20	285615	73
Chi_P01_2	20	285615	65
Chi_P01_2	20	285615	73
Chi_P01_2	20	285615	130
Chi_P01_2	20	285615	98
Chi_P01_2	20	285615	75
Chi_P01_2	20	285615	127
Chi_P01_2	20	285615	121
Chi_P01_2	20	285615	61
Chi_P01_2	20	285615	52
Chi_P01_2	20	285615	35
Chi_P01_2	20	285615	65
Chi_P01_2	20	285615	74
Chi_P01_2	20	285615	126
Chi_P01_2	20	285615	104
Chi_P01_2	20	285615	110
Chi_P01_2	20	285615	102
Chi_P01_2	20	285615	289
Chi_P01_2	20	285615	55
Chi_P01_2	20	285615	36
Chi_P01_2	20	285615	113
Chi_P01_2	20	285615	169
Chi_P01_2	20	285615	112
Chi_P01_2	20	285615	112
Chi_P01_2	20	285615	68
Chi_P01_2	20	285615	109
Chi_P01_2	20	285615	54
Chi_P01_2	20	285615	52
Chi_P01_2	20	285615	94
Chi_P01_2	20	285615	190
Chi_P01_2	20	285615	45
Chi_P01_2	20	285615	88
Chi_P01_2	20	285615	54
Chi_P01_2	20	285615	114
Chi_P01_2	20	285615	88
Chi_P01_2	20	285615	151
Chi_P01_2	20	285615	68
Chi_P01_2	20	285615	67
Chi_P01_2	20	285615	99
Chi_P01_2	20	285615	79
Chi_P01_2	20	285615	59
Chi_P01_2	20	285615	105
Chi_P01_2	20	285615	65
Chi_P01_2	20	285615	69
Chi_P01_2	20	285615	59
Chi_P01_2	20	285615	84
Chi_P01_2	20	285615	133
Chi_P01_2	20	285615	70
Chi_P01_2	20	285615	97
Chi_P01_2	20	285615	123
Chi_P01_2	20	285615	111
Chi_P01_2	20	285615	136
Chi_P01_2	20	285615	77
Chi_P01_2	20	285615	48
Chi_P01_2	20	285615	118
Chi_P01_2	20	285615	91
Chi_P01_2	20	285615	179
Chi_P01_2	20	285615	52
Chi_P01_2	20	285615	63
Chi_P01_2	20	285615	53
Chi_P01_2	20	285615	51
Chi_P01_2	20	285615	64
Chi_P01_2	20	285615	60
Chi_P01_2	20	285615	65
Chi_P01_2	20	285615	125
Chi_P01_2	20	285615	203
Chi_P01_2	20	285615	180
Chi_P01_2	20	285615	81
Chi_P01_2	20	285615	96
Chi_P01_2	20	285615	86
Chi_P01_2	20	285615	77
Chi_P01_2	20	285615	169
Chi_P01_2	20	285615	157
Chi_P01_2	20	285615	51
Chi_P01_2	20	285615	105
Chi_P01_2	20	285615	137
Chi_P01_2	20	285615	99
Chi_P01_2	20	285615	73
Chi_P01_2	20	285615	168
Chi_P01_2	20	285615	112
Chi_P01_2	20	285615	183
Chi_P01_2	20	285615	117
Chi_P01_2	20	285615	91
Chi_P01_2	20	285615	152
Chi_P01_2	20	285615	132
Chi_P01_2	20	285615	85
Chi_P01_2	20	285615	150
Chi_P01_2	20	285615	96
Chi_P01_2	20	285615	270
Chi_P01_2	20	285615	74
Chi_P01_2	20	285615	58
Chi_P01_2	20	285615	92
Chi_P01_2	20	285615	128
Chi_P01_2	20	285615	45
Chi_P01_2	20	285615	159
Chi_P01_2	20	285615	109
Chi_P01_2	20	285615	118
Chi_P01_2	20	285615	68
Chi_P01_2	20	285615	84
Chi_P01_2	20	285615	99
Chi_P01_2	20	285615	82
Chi_P01_2	20	285615	74
Chi_P01_2	20	285615	114
Chi_P01_2	20	285615	67
Chi_P01_2	20	285615	97
Chi_P01_2	20	285615	182
Chi_P01_2	20	285615	66
Chi_P01_2	20	285615	202
Chi_P01_2	20	285615	87
Chi_P01_2	20	285615	34
Chi_P01_2	20	285615	54
Chi_P01_2	20	285615	154
Chi_P01_2	20	285615	43
Chi_P01_2	20	285615	56
Chi_P01_2	20	285615	42
Chi_P01_2	20	285615	73
Chi_P01_2	20	285615	120
Chi_P01_2	20	285615	66
Chi_P01_2	20	285615	34
Chi_P01_2	20	285615	69
Chi_P01_2	20	285615	194
Chi_P01_2	20	285615	137
Chi_P01_2	20	285615	90
Chi_P01_2	20	285615	132
Chi_P01_2	20	285615	127
Chi_P01_2	20	285615	134
Chi_P01_2	20	285615	103
Chi_P01_2	20	285615	118
Chi_P01_2	20	285615	80
Chi_P01_2	20	285615	110
Chi_P01_2	20	285615	103
Chi_P01_2	20	285615	119
Chi_P01_2	20	285615	136
Chi_P01_2	20	285615	118
Chi_P01_2	20	285615	127
Chi_P01_2	20	285615	67
Chi_P01_2	20	285615	85
Chi_P01_2	20	285615	59
Chi_P01_2	20	285615	96
Chi_P01_2	20	285615	83
Chi_P01_2	20	285615	96
Chi_P01_2	20	285615	114
Chi_P01_2	20	285615	102
Chi_P01_2	20	285615	82
Chi_P01_2	21	331819	57
Chi_P01_2	21	331819	186
Chi_P01_2	21	331819	92
Chi_P01_2	21	331819	49
Chi_P01_2	21	331819	67
Chi_P01_2	21	331819	95
Chi_P01_2	21	331819	157
Chi_P01_2	21	331819	84
Chi_P01_2	21	331819	133
Chi_P01_2	21	331819	220
Chi_P01_2	21	331819	168
Chi_P01_2	21	331819	94
Chi_P01_2	21	331819	150
Chi_P01_2	21	331819	143
Chi_P01_2	21	331819	86
Chi_P01_2	21	331819	155
Chi_P01_2	21	331819	178
Chi_P01_2	21	331819	168
Chi_P01_2	21	331819	107
Chi_P01_2	21	331819	80
Chi_P01_2	21	331819	47
Chi_P01_2	21	331819	105
Chi_P01_2	21	331819	125
Chi_P01_2	21	331819	121
Chi_P01_2	21	331819	249
Chi_P01_2	21	331819	81
Chi_P01_2	21	331819	120
Chi_P01_2	21	331819	107
Chi_P01_2	21	331819	360
Chi_P01_2	21	331819	94
Chi_P01_2	21	331819	86
Chi_P01_2	21	331819	72
Chi_P01_2	21	331819	112
Chi_P01_2	21	331819	238
Chi_P01_2	21	331819	127
Chi_P01_2	21	331819	116
Chi_P01_2	21	331819	111
Chi_P01_2	21	331819	145
Chi_P01_2	21	331819	195
Chi_P01_2	21	331819	109
Chi_P01_2	21	331819	145
Chi_P01_2	21	331819	169
Chi_P01_2	21	331819	19
Chi_P01_2	21	331819	123
Chi_P01_2	21	331819	66
Chi_P01_2	21	331819	178
Chi_P01_2	21	331819	85
Chi_P01_2	21	331819	258
Chi_P01_2	21	331819	60
Chi_P01_2	21	331819	77
Chi_P01_2	21	331819	128
Chi_P01_2	21	331819	106
Chi_P01_2	21	331819	113
Chi_P01_2	21	331819	109
Chi_P01_2	21	331819	90
Chi_P01_2	21	331819	95
Chi_P01_2	21	331819	115
Chi_P01_2	21	331819	117
Chi_P01_2	21	331819	107
Chi_P01_2	21	331819	88
Chi_P01_2	21	331819	116
Chi_P01_2	21	331819	99
Chi_P01_2	21	331819	104
Chi_P01_2	21	331819	87
Chi_P01_2	21	331819	104
Chi_P01_2	21	331819	85
Chi_P01_2	21	331819	104
Chi_P01_2	21	331819	88
Chi_P01_2	21	331819	43
Chi_P01_2	21	331819	44
Chi_P01_2	21	331819	196
Chi_P01_2	21	331819	83
Chi_P01_2	21	331819	94
Chi_P01_2	21	331819	98
Chi_P01_2	21	331819	113
Chi_P01_2	21	331819	135
Chi_P01_2	21	331819	21
Chi_P01_2	21	331819	134
Chi_P01_2	21	331819	264
Chi_P01_2	21	331819	100
Chi_P01_2	21	331819	141
Chi_P01_2	21	331819	123
Chi_P01_2	21	331819	27
Chi_P01_2	21	331819	162
Chi_P01_2	21	331819	85
Chi_P01_2	21	331819	148
Chi_P01_2	21	331819	228
Chi_P01_2	21	331819	148
Chi_P01_2	21	331819	88
Chi_P01_2	21	331819	129
Chi_P01_2	21	331819	141
Chi_P01_2	21	331819	111
Chi_P01_2	21	331819	191
Chi_P01_2	21	331819	114
Chi_P01_2	21	331819	136
Chi_P01_2	21	331819	147
Chi_P01_2	21	331819	117
Chi_P01_2	21	331819	117
Chi_P01_2	21	331819	111
Chi_P01_2	21	331819	109
Chi_P01_2	21	331819	141
Chi_P01_2	21	331819	38
Chi_P01_2	21	331819	104
Chi_P01_2	21	331819	104
Chi_P01_2	21	331819	179
Chi_P01_2	21	331819	101
Chi_P01_2	21	331819	74
Chi_P01_2	21	331819	78
Chi_P01_2	21	331819	53
Chi_P01_2	21	331819	112
Chi_P01_2	21	331819	145
Chi_P01_2	21	331819	106
Chi_P01_2	21	331819	94
Chi_P01_2	21	331819	218
Chi_P01_2	21	331819	65
Chi_P01_2	21	331819	149
Chi_P01_2	21	331819	24
Chi_P01_2	21	331819	131
Chi_P01_2	21	331819	102
Chi_P01_2	21	331819	96
Chi_P01_2	21	331819	136
Chi_P01_2	21	331819	96
Chi_P01_2	21	331819	125
Chi_P01_2	21	331819	189
Chi_P01_2	21	331819	213
Chi_P01_2	21	331819	159
Chi_P01_2	21	331819	146
Chi_P01_2	21	331819	138
Chi_P01_2	21	331819	176
Chi_P01_2	21	331819	96
Chi_P01_2	21	331819	195
Chi_P01_2	21	331819	122
Chi_P01_2	21	331819	67
Chi_P01_2	21	331819	123
Chi_P01_2	21	331819	90
Chi_P01_2	21	331819	152
Chi_P01_2	21	331819	160
Chi_P01_2	21	331819	163
Chi_P01_2	21	331819	125
Chi_P01_2	21	331819	136
Chi_P01_2	21	331819	47
Chi_P01_2	21	331819	163
Chi_P01_2	21	331819	61
Chi_P01_2	21	331819	22
Chi_P01_2	22	320607	121
Chi_P01_2	22	320607	76
Chi_P01_2	22	320607	80
Chi_P01_2	22	320607	51
Chi_P01_2	22	320607	204
Chi_P01_2	22	320607	226
Chi_P01_2	22	320607	73
Chi_P01_2	22	320607	257
Chi_P01_2	22	320607	86
Chi_P01_2	22	320607	111
Chi_P01_2	22	320607	220
Chi_P01_2	22	320607	12
Chi_P01_2	22	320607	70
Chi_P01_2	22	320607	64
Chi_P01_2	22	320607	161
Chi_P01_2	22	320607	180
Chi_P01_2	22	320607	96
Chi_P01_2	22	320607	60
Chi_P01_2	22	320607	204
Chi_P01_2	22	320607	86
Chi_P01_2	22	320607	280
Chi_P01_2	22	320607	170
Chi_P01_2	22	320607	145
Chi_P01_2	22	320607	211
Chi_P01_2	22	320607	149
Chi_P01_2	22	320607	52
Chi_P01_2	22	320607	157
Chi_P01_2	22	320607	171
Chi_P01_2	22	320607	320
Chi_P01_2	22	320607	162
Chi_P01_2	22	320607	205
Chi_P01_2	22	320607	153
Chi_P01_2	22	320607	267
Chi_P01_2	22	320607	119
Chi_P01_2	22	320607	145
Chi_P01_2	22	320607	148
Chi_P01_2	22	320607	401
Chi_P01_2	22	320607	182
Chi_P01_2	22	320607	104
Chi_P01_2	22	320607	144
Chi_P01_2	22	320607	707
Chi_P01_2	22	320607	143
Chi_P01_2	22	320607	139
Chi_P01_2	22	320607	167
Chi_P01_2	22	320607	104
Chi_P01_2	22	320607	549
Chi_P01_2	22	320607	126
Chi_P01_2	22	320607	140
Chi_P01_2	22	320607	198
Chi_P01_2	22	320607	207
Chi_P01_2	22	320607	105
Chi_P01_2	22	320607	118
Chi_P01_2	22	320607	103
Chi_P01_2	22	320607	76
Chi_P01_2	22	320607	196
Chi_P01_2	22	320607	120
Chi_P01_2	22	320607	156
Chi_P01_2	22	320607	113
Chi_P01_2	22	320607	312
Chi_P01_2	22	320607	145
Chi_P01_2	22	320607	97
Chi_P01_2	22	320607	120
Chi_P01_2	22	320607	158
Chi_P01_2	22	320607	122
Chi_P01_2	22	320607	105
Chi_P01_2	22	320607	117
Chi_P01_2	22	320607	330
Chi_P01_2	22	320607	166
Chi_P01_2	22	320607	230
Chi_P01_2	22	320607	85
Chi_P01_2	22	320607	66
Chi_P01_2	22	320607	180
Chi_P01_2	22	320607	108
Chi_P01_2	22	320607	160
Chi_P01_2	22	320607	125
Chi_P01_2	22	320607	323
Chi_P01_2	22	320607	30
Chi_P01_2	22	320607	152
Chi_P01_2	22	320607	86
Chi_P01_2	22	320607	185
Chi_P01_2	22	320607	225
Chi_P01_2	22	320607	139
Chi_P01_2	22	320607	169
Chi_P01_2	22	320607	224
Chi_P01_2	22	320607	127
Chi_P01_2	22	320607	214
Chi_P01_2	22	320607	128
Chi_P01_2	22	320607	130
Chi_P01_2	22	320607	189
Chi_P01_2	22	320607	163
Chi_P01_2	22	320607	152
Chi_P01_2	22	320607	122
Chi_P01_2	22	320607	113
Chi_P01_2	22	320607	98
Chi_P01_2	22	320607	185
Chi_P01_2	22	320607	154
Chi_P01_2	22	320607	174
Chi_P01_2	22	320607	221
Chi_P01_2	22	320607	156
Chi_P01_2	22	320607	164
Chi_P01_2	22	320607	178
Chi_P01_2	22	320607	120
Chi_P01_2	22	320607	97
Chi_P01_2	22	320607	170
Chi_P01_2	22	320607	165
Chi_P01_2	22	320607	240
Chi_P01_2	22	320607	70
Chi_P01_2	22	320607	85
Chi_P01_2	22	320607	199
Chi_P01_2	22	320607	92
Chi_P01_2	22	320607	125
Chi_P01_2	22	320607	96
Chi_P01_2	22	320607	155
Chi_P01_2	22	320607	110
Chi_P01_2	22	320607	104
Chi_P01_2	22	320607	51
Chi_P01_2	22	320607	194
Chi_P01_2	22	320607	116
Chi_P01_2	22	320607	151
Chi_P01_2	22	320607	106
Chi_P01_2	22	320607	126
Chi_P01_2	22	320607	138
Chi_P01_2	22	320607	111
Chi_P01_2	22	320607	105
Chi_P01_2	22	320607	45
Chi_P01_2	22	320607	110
Chi_P01_2	22	320607	123
Chi_P01_2	22	320607	134
Chi_P01_2	22	320607	600
Chi_P01_2	22	320607	94
Chi_P01_2	22	320607	59
Chi_P01_2	22	320607	103
Chi_P01_2	22	320607	98
Chi_P01_2	22	320607	319
Chi_P01_2	22	320607	114
Chi_P01_2	22	320607	103
Chi_P01_2	22	320607	228
Chi_P01_2	22	320607	147
Chi_P01_2	22	320607	70
Chi_P01_2	22	320607	127
Chi_P01_2	22	320607	81
Chi_P01_2	22	320607	179
Chi_P01_2	22	320607	98
Chi_P01_2	22	320607	198
Chi_P01_2	22	320607	99
Chi_P01_2	22	320607	73
Chi_P01_2	22	320607	142
Chi_P01_2	22	320607	12
Chi_P01_2	22	320607	105
Chi_P01_2	22	320607	149
Chi_P01_2	22	320607	75
Chi_P01_2	22	320607	199
Chi_P01_2	22	320607	60
Chi_P01_2	22	320607	97
Chi_P01_2	22	320607	73
Chi_P01_2	22	320607	131
Chi_P01_2	22	320607	38
Chi_P01_2	23	333624	59
Chi_P01_2	23	333624	140
Chi_P01_2	23	333624	57
Chi_P01_2	23	333624	99
Chi_P01_2	23	333624	86
Chi_P01_2	23	333624	85
Chi_P01_2	23	333624	115
Chi_P01_2	23	333624	101
Chi_P01_2	23	333624	132
Chi_P01_2	23	333624	222
Chi_P01_2	23	333624	121
Chi_P01_2	23	333624	79
Chi_P01_2	23	333624	110
Chi_P01_2	23	333624	106
Chi_P01_2	23	333624	42
Chi_P01_2	23	333624	101
Chi_P01_2	23	333624	176
Chi_P01_2	23	333624	218
Chi_P01_2	23	333624	87
Chi_P01_2	23	333624	100
Chi_P01_2	23	333624	511
Chi_P01_2	23	333624	123
Chi_P01_2	23	333624	120
Chi_P01_2	23	333624	116
Chi_P01_2	23	333624	92
Chi_P01_2	23	333624	131
Chi_P01_2	23	333624	126
Chi_P01_2	23	333624	144
Chi_P01_2	23	333624	67
Chi_P01_2	23	333624	133
Chi_P01_2	23	333624	103
Chi_P01_2	23	333624	133
Chi_P01_2	23	333624	118
Chi_P01_2	23	333624	118
Chi_P01_2	23	333624	119
Chi_P01_2	23	333624	155
Chi_P01_2	23	333624	282
Chi_P01_2	23	333624	217
Chi_P01_2	23	333624	100
Chi_P01_2	23	333624	112
Chi_P01_2	23	333624	99
Chi_P01_2	23	333624	189
Chi_P01_2	23	333624	160
Chi_P01_2	23	333624	196
Chi_P01_2	23	333624	118
Chi_P01_2	23	333624	158
Chi_P01_2	23	333624	128
Chi_P01_2	23	333624	172
Chi_P01_2	23	333624	189
Chi_P01_2	23	333624	132
Chi_P01_2	23	333624	48
Chi_P01_2	23	333624	196
Chi_P01_2	23	333624	174
Chi_P01_2	23	333624	257
Chi_P01_2	23	333624	148
Chi_P01_2	23	333624	132
Chi_P01_2	23	333624	151
Chi_P01_2	23	333624	49
Chi_P01_2	23	333624	161
Chi_P01_2	23	333624	164
Chi_P01_2	23	333624	61
Chi_P01_2	23	333624	91
Chi_P01_2	23	333624	49
Chi_P01_2	23	333624	153
Chi_P01_2	23	333624	133
Chi_P01_2	23	333624	166
Chi_P01_2	23	333624	121
Chi_P01_2	23	333624	102
Chi_P01_2	23	333624	162
Chi_P01_2	23	333624	139
Chi_P01_2	23	333624	66
Chi_P01_2	23	333624	134
Chi_P01_2	23	333624	200
Chi_P01_2	23	333624	105
Chi_P01_2	23	333624	71
Chi_P01_2	23	333624	130
Chi_P01_2	23	333624	465
Chi_P01_2	23	333624	332
Chi_P01_2	23	333624	93
Chi_P01_2	23	333624	140
Chi_P01_2	23	333624	71
Chi_P01_2	23	333624	276
Chi_P01_2	23	333624	83
Chi_P01_2	23	333624	312
Chi_P01_2	23	333624	66
Chi_P01_2	23	333624	191
Chi_P01_2	23	333624	138
Chi_P01_2	23	333624	41
Chi_P01_2	23	333624	79
Chi_P01_2	23	333624	127
Chi_P01_2	23	333624	106
Chi_P01_2	23	333624	30
Chi_P01_2	23	333624	125
Chi_P01_2	23	333624	200
Chi_P01_2	23	333624	460
Chi_P01_2	23	333624	89
Chi_P01_2	23	333624	124
Chi_P01_2	23	333624	105
Chi_P01_2	23	333624	128
Chi_P01_2	23	333624	106
Chi_P01_2	23	333624	71
Chi_P01_2	23	333624	57
Chi_P01_2	23	333624	120
Chi_P01_2	23	333624	212
Chi_P01_2	23	333624	119
Chi_P01_2	23	333624	108
Chi_P01_2	23	333624	66
Chi_P01_2	23	333624	77
Chi_P01_2	23	333624	243
Chi_P01_2	23	333624	112
Chi_P01_2	23	333624	89
Chi_P01_2	23	333624	123
Chi_P01_2	23	333624	134
Chi_P01_2	23	333624	100
Chi_P01_2	23	333624	67
Chi_P01_2	23	333624	142
Chi_P01_2	23	333624	230
Chi_P01_2	23	333624	110
Chi_P01_2	23	333624	110
Chi_P01_2	23	333624	74
Chi_P01_2	23	333624	67
Chi_P01_2	23	333624	12
Chi_P01_2	23	333624	84
Chi_P01_2	23	333624	195
Chi_P01_2	23	333624	341
Chi_P01_2	23	333624	15
Chi_P01_2	23	333624	150
Chi_P01_2	23	333624	93
Chi_P01_2	23	333624	84
Chi_P01_2	23	333624	187
Chi_P01_2	23	333624	73
Chi_P01_2	23	333624	66
Chi_P01_2	23	333624	91
Chi_P01_2	23	333624	76
Chi_P01_2	24	310520	15
Chi_P01_2	24	310520	113
Chi_P01_2	24	310520	48
Chi_P01_2	24	310520	33
Chi_P01_2	24	310520	41
Chi_P01_2	24	310520	99
Chi_P01_2	24	310520	92
Chi_P01_2	24	310520	57
Chi_P01_2	24	310520	53
Chi_P01_2	24	310520	162
Chi_P01_2	24	310520	49
Chi_P01_2	24	310520	77
Chi_P01_2	24	310520	82
Chi_P01_2	24	310520	78
Chi_P01_2	24	310520	15
Chi_P01_2	24	310520	164
Chi_P01_2	24	310520	45
Chi_P01_2	24	310520	145
Chi_P01_2	24	310520	110
Chi_P01_2	24	310520	131
Chi_P01_2	24	310520	79
Chi_P01_2	24	310520	70
Chi_P01_2	24	310520	85
Chi_P01_2	24	310520	209
Chi_P01_2	24	310520	73
Chi_P01_2	24	310520	98
Chi_P01_2	24	310520	93
Chi_P01_2	24	310520	19
Chi_P01_2	24	310520	57
Chi_P01_2	24	310520	151
Chi_P01_2	24	310520	87
Chi_P01_2	24	310520	61
Chi_P01_2	24	310520	97
Chi_P01_2	24	310520	44
Chi_P01_2	24	310520	115
Chi_P01_2	24	310520	99
Chi_P01_2	24	310520	32
Chi_P01_2	24	310520	70
Chi_P01_2	24	310520	210
Chi_P01_2	24	310520	60
Chi_P01_2	24	310520	72
Chi_P01_2	24	310520	108
Chi_P01_2	24	310520	85
Chi_P01_2	24	310520	93
Chi_P01_2	24	310520	20
Chi_P01_2	24	310520	140
Chi_P01_2	24	310520	174
Chi_P01_2	24	310520	113
Chi_P01_2	24	310520	70
Chi_P01_2	24	310520	46
Chi_P01_2	24	310520	71
Chi_P01_2	24	310520	102
Chi_P01_2	24	310520	139
Chi_P01_2	24	310520	46
Chi_P01_2	24	310520	120
Chi_P01_2	24	310520	97
Chi_P01_2	24	310520	322
Chi_P01_2	24	310520	91
Chi_P01_2	24	310520	84
Chi_P01_2	24	310520	64
Chi_P01_2	24	310520	62
Chi_P01_2	24	310520	62
Chi_P01_2	24	310520	86
Chi_P01_2	24	310520	75
Chi_P01_2	24	310520	81
Chi_P01_2	24	310520	96
Chi_P01_2	24	310520	134
Chi_P01_2	24	310520	67
Chi_P01_2	24	310520	64
Chi_P01_2	24	310520	150
Chi_P01_2	24	310520	109
Chi_P01_2	24	310520	118
Chi_P01_2	24	310520	73
Chi_P01_2	24	310520	50
Chi_P01_2	24	310520	82
Chi_P01_2	24	310520	112
Chi_P01_2	24	310520	105
Chi_P01_2	24	310520	93
Chi_P01_2	24	310520	126
Chi_P01_2	24	310520	130
Chi_P01_2	24	310520	216
Chi_P01_2	24	310520	84
Chi_P01_2	24	310520	96
Chi_P01_2	24	310520	110
Chi_P01_2	24	310520	138
Chi_P01_2	24	310520	100
Chi_P01_2	24	310520	216
Chi_P01_2	24	310520	90
Chi_P01_2	24	310520	128
Chi_P01_2	24	310520	80
Chi_P01_2	24	310520	204
Chi_P01_2	24	310520	73
Chi_P01_2	24	310520	148
Chi_P01_2	24	310520	215
Chi_P01_2	24	310520	99
Chi_P01_2	24	310520	165
Chi_P01_2	24	310520	153
Chi_P01_2	24	310520	110
Chi_P01_2	24	310520	118
Chi_P01_2	24	310520	84
Chi_P01_2	24	310520	130
Chi_P01_2	24	310520	59
Chi_P01_2	24	310520	116
Chi_P01_2	24	310520	28
Chi_P01_2	24	310520	162
Chi_P01_2	24	310520	121
Chi_P01_2	24	310520	121
Chi_P01_2	24	310520	191
Chi_P01_2	24	310520	145
Chi_P01_2	24	310520	84
Chi_P01_2	24	310520	148
Chi_P01_2	24	310520	107
Chi_P01_2	24	310520	122
Chi_P01_2	24	310520	83
Chi_P01_2	24	310520	201
Chi_P01_2	24	310520	228
Chi_P01_2	24	310520	108
Chi_P01_2	24	310520	195
Chi_P01_2	24	310520	150
Chi_P01_2	24	310520	174
Chi_P01_2	24	310520	263
Chi_P01_2	24	310520	493
Chi_P01_2	24	310520	68
Chi_P01_2	24	310520	351
Chi_P01_2	24	310520	496
Chi_P01_2	24	310520	79
Chi_P01_2	24	310520	141
Chi_P01_2	24	310520	419
Chi_P01_2	24	310520	120
Chi_P01_2	24	310520	148
Chi_P01_2	24	310520	210
Chi_P01_2	24	310520	99
Chi_P01_2	24	310520	98
Chi_P01_2	24	310520	301
Chi_P01_2	24	310520	89
Chi_P01_2	24	310520	89
Chi_P01_2	24	310520	160
Chi_P01_2	24	310520	124
Chi_P01_2	24	310520	135
Chi_P01_2	24	310520	88
Chi_P01_2	24	310520	150
Chi_P01_2	24	310520	217
Chi_P01_2	24	310520	145
Chi_P01_2	24	310520	93
Chi_P01_2	24	310520	147
Chi_P01_2	24	310520	100
Chi_P01_2	24	310520	96
Chi_P01_2	24	310520	87
Chi_P01_2	24	310520	134
Chi_P01_2	24	310520	131
Chi_P01_2	24	310520	39
Chi_P01_2	24	310520	139
Chi_P01_2	24	310520	154
Chi_P01_2	24	310520	85
Chi_P01_2	24	310520	62
Chi_P01_2	24	310520	179
Chi_P01_2	24	310520	97
Chi_P01_2	24	310520	309
Chi_P01_2	24	310520	36
Chi_P01_2	24	310520	96
Chi_P01_2	24	310520	18
Chi_P01_2	24	310520	133
Chi_P01_2	24	310520	27
