fichier	leaf	surfaceLeaf	surfaceLesion
Chi_P02_2	1	282700	92
Chi_P02_2	1	282700	38
Chi_P02_2	1	282700	116
Chi_P02_2	1	282700	194
Chi_P02_2	1	282700	92
Chi_P02_2	1	282700	47
Chi_P02_2	1	282700	128
Chi_P02_2	1	282700	56
Chi_P02_2	1	282700	144
Chi_P02_2	1	282700	59
Chi_P02_2	1	282700	113
Chi_P02_2	1	282700	90
Chi_P02_2	1	282700	71
Chi_P02_2	1	282700	95
Chi_P02_2	1	282700	127
Chi_P02_2	1	282700	74
Chi_P02_2	1	282700	85
Chi_P02_2	1	282700	125
Chi_P02_2	1	282700	91
Chi_P02_2	1	282700	126
Chi_P02_2	1	282700	78
Chi_P02_2	1	282700	100
Chi_P02_2	1	282700	53
Chi_P02_2	1	282700	61
Chi_P02_2	1	282700	107
Chi_P02_2	1	282700	122
Chi_P02_2	1	282700	67
Chi_P02_2	1	282700	117
Chi_P02_2	1	282700	59
Chi_P02_2	1	282700	146
Chi_P02_2	1	282700	92
Chi_P02_2	1	282700	58
Chi_P02_2	1	282700	91
Chi_P02_2	1	282700	169
Chi_P02_2	1	282700	43
Chi_P02_2	1	282700	67
Chi_P02_2	1	282700	109
Chi_P02_2	1	282700	113
Chi_P02_2	1	282700	150
Chi_P02_2	1	282700	141
Chi_P02_2	1	282700	63
Chi_P02_2	1	282700	76
Chi_P02_2	1	282700	202
Chi_P02_2	1	282700	67
Chi_P02_2	1	282700	91
Chi_P02_2	1	282700	117
Chi_P02_2	1	282700	71
Chi_P02_2	1	282700	84
Chi_P02_2	1	282700	113
Chi_P02_2	1	282700	73
Chi_P02_2	1	282700	156
Chi_P02_2	1	282700	112
Chi_P02_2	1	282700	195
Chi_P02_2	1	282700	69
Chi_P02_2	1	282700	70
Chi_P02_2	1	282700	11
Chi_P02_2	1	282700	66
Chi_P02_2	1	282700	191
Chi_P02_2	1	282700	215
Chi_P02_2	1	282700	71
Chi_P02_2	1	282700	67
Chi_P02_2	1	282700	41
Chi_P02_2	1	282700	68
Chi_P02_2	1	282700	71
Chi_P02_2	1	282700	67
Chi_P02_2	1	282700	80
Chi_P02_2	1	282700	94
Chi_P02_2	1	282700	149
Chi_P02_2	1	282700	98
Chi_P02_2	1	282700	82
Chi_P02_2	1	282700	78
Chi_P02_2	1	282700	111
Chi_P02_2	1	282700	123
Chi_P02_2	1	282700	94
Chi_P02_2	1	282700	95
Chi_P02_2	1	282700	83
Chi_P02_2	1	282700	59
Chi_P02_2	1	282700	109
Chi_P02_2	1	282700	136
Chi_P02_2	1	282700	80
Chi_P02_2	1	282700	77
Chi_P02_2	1	282700	85
Chi_P02_2	1	282700	145
Chi_P02_2	1	282700	125
Chi_P02_2	1	282700	71
Chi_P02_2	1	282700	61
Chi_P02_2	1	282700	121
Chi_P02_2	1	282700	102
Chi_P02_2	1	282700	148
Chi_P02_2	1	282700	60
Chi_P02_2	1	282700	56
Chi_P02_2	1	282700	91
Chi_P02_2	1	282700	205
Chi_P02_2	1	282700	70
Chi_P02_2	1	282700	87
Chi_P02_2	1	282700	129
Chi_P02_2	1	282700	59
Chi_P02_2	1	282700	82
Chi_P02_2	1	282700	30
Chi_P02_2	1	282700	80
Chi_P02_2	1	282700	124
Chi_P02_2	1	282700	95
Chi_P02_2	1	282700	77
Chi_P02_2	1	282700	104
Chi_P02_2	1	282700	44
Chi_P02_2	1	282700	103
Chi_P02_2	1	282700	171
Chi_P02_2	1	282700	115
Chi_P02_2	1	282700	64
Chi_P02_2	2	315412	47
Chi_P02_2	2	315412	56
Chi_P02_2	2	315412	75
Chi_P02_2	2	315412	167
Chi_P02_2	2	315412	100
Chi_P02_2	2	315412	83
Chi_P02_2	2	315412	53
Chi_P02_2	2	315412	22
Chi_P02_2	2	315412	141
Chi_P02_2	2	315412	72
Chi_P02_2	2	315412	81
Chi_P02_2	2	315412	71
Chi_P02_2	2	315412	35
Chi_P02_2	2	315412	181
Chi_P02_2	2	315412	49
Chi_P02_2	2	315412	118
Chi_P02_2	2	315412	127
Chi_P02_2	2	315412	110
Chi_P02_2	2	315412	74
Chi_P02_2	2	315412	93
Chi_P02_2	2	315412	88
Chi_P02_2	2	315412	125
Chi_P02_2	2	315412	73
Chi_P02_2	2	315412	59
Chi_P02_2	2	315412	125
Chi_P02_2	2	315412	59
Chi_P02_2	2	315412	80
Chi_P02_2	2	315412	82
Chi_P02_2	2	315412	104
Chi_P02_2	2	315412	126
Chi_P02_2	2	315412	78
Chi_P02_2	2	315412	177
Chi_P02_2	2	315412	47
Chi_P02_2	2	315412	27
Chi_P02_2	2	315412	35
Chi_P02_2	2	315412	133
Chi_P02_2	2	315412	73
Chi_P02_2	2	315412	104
Chi_P02_2	2	315412	89
Chi_P02_2	2	315412	111
Chi_P02_2	2	315412	125
Chi_P02_2	2	315412	91
Chi_P02_2	2	315412	96
Chi_P02_2	2	315412	105
Chi_P02_2	2	315412	23
Chi_P02_2	2	315412	56
Chi_P02_2	2	315412	81
Chi_P02_2	2	315412	106
Chi_P02_2	2	315412	163
Chi_P02_2	2	315412	60
Chi_P02_2	2	315412	152
Chi_P02_2	2	315412	148
Chi_P02_2	2	315412	207
Chi_P02_2	2	315412	134
Chi_P02_2	2	315412	93
Chi_P02_2	2	315412	114
Chi_P02_2	2	315412	72
Chi_P02_2	2	315412	129
Chi_P02_2	2	315412	84
Chi_P02_2	2	315412	124
Chi_P02_2	2	315412	97
Chi_P02_2	2	315412	133
Chi_P02_2	2	315412	58
Chi_P02_2	2	315412	126
Chi_P02_2	2	315412	82
Chi_P02_2	2	315412	91
Chi_P02_2	2	315412	122
Chi_P02_2	2	315412	97
Chi_P02_2	2	315412	197
Chi_P02_2	2	315412	200
Chi_P02_2	2	315412	135
Chi_P02_2	2	315412	102
Chi_P02_2	2	315412	78
Chi_P02_2	2	315412	90
Chi_P02_2	2	315412	90
Chi_P02_2	2	315412	105
Chi_P02_2	2	315412	131
Chi_P02_2	2	315412	85
Chi_P02_2	2	315412	86
Chi_P02_2	2	315412	188
Chi_P02_2	2	315412	184
Chi_P02_2	2	315412	57
Chi_P02_2	2	315412	141
Chi_P02_2	2	315412	181
Chi_P02_2	2	315412	141
Chi_P02_2	2	315412	155
Chi_P02_2	2	315412	55
Chi_P02_2	2	315412	97
Chi_P02_2	2	315412	91
Chi_P02_2	2	315412	186
Chi_P02_2	2	315412	52
Chi_P02_2	2	315412	106
Chi_P02_2	2	315412	98
Chi_P02_2	2	315412	144
Chi_P02_2	2	315412	105
Chi_P02_2	2	315412	59
Chi_P02_2	2	315412	370
Chi_P02_2	2	315412	201
Chi_P02_2	2	315412	76
Chi_P02_2	2	315412	58
Chi_P02_2	2	315412	237
Chi_P02_2	2	315412	66
Chi_P02_2	2	315412	120
Chi_P02_2	2	315412	86
Chi_P02_2	2	315412	40
Chi_P02_2	2	315412	45
Chi_P02_2	2	315412	107
Chi_P02_2	2	315412	25
Chi_P02_2	2	315412	144
Chi_P02_2	2	315412	79
Chi_P02_2	2	315412	113
Chi_P02_2	2	315412	146
Chi_P02_2	2	315412	98
Chi_P02_2	2	315412	173
Chi_P02_2	2	315412	66
Chi_P02_2	2	315412	110
Chi_P02_2	2	315412	59
Chi_P02_2	2	315412	92
Chi_P02_2	2	315412	82
Chi_P02_2	3	289095	55
Chi_P02_2	3	289095	33
Chi_P02_2	3	289095	89
Chi_P02_2	3	289095	121
Chi_P02_2	3	289095	117
Chi_P02_2	3	289095	81
Chi_P02_2	3	289095	24
Chi_P02_2	3	289095	36
Chi_P02_2	3	289095	66
Chi_P02_2	3	289095	126
Chi_P02_2	3	289095	74
Chi_P02_2	3	289095	92
Chi_P02_2	3	289095	60
Chi_P02_2	3	289095	78
Chi_P02_2	3	289095	90
Chi_P02_2	3	289095	139
Chi_P02_2	3	289095	133
Chi_P02_2	3	289095	221
Chi_P02_2	3	289095	19
Chi_P02_2	3	289095	62
Chi_P02_2	3	289095	125
Chi_P02_2	3	289095	181
Chi_P02_2	3	289095	62
Chi_P02_2	3	289095	117
Chi_P02_2	3	289095	45
Chi_P02_2	3	289095	134
Chi_P02_2	3	289095	114
Chi_P02_2	3	289095	79
Chi_P02_2	3	289095	89
Chi_P02_2	3	289095	69
Chi_P02_2	3	289095	54
Chi_P02_2	3	289095	45
Chi_P02_2	3	289095	74
Chi_P02_2	3	289095	78
Chi_P02_2	3	289095	67
Chi_P02_2	3	289095	75
Chi_P02_2	3	289095	80
Chi_P02_2	3	289095	118
Chi_P02_2	3	289095	107
Chi_P02_2	3	289095	61
Chi_P02_2	3	289095	166
Chi_P02_2	3	289095	209
Chi_P02_2	3	289095	114
Chi_P02_2	3	289095	102
Chi_P02_2	3	289095	16
Chi_P02_2	3	289095	155
Chi_P02_2	3	289095	89
Chi_P02_2	3	289095	104
Chi_P02_2	3	289095	96
Chi_P02_2	3	289095	117
Chi_P02_2	3	289095	135
Chi_P02_2	3	289095	94
Chi_P02_2	3	289095	127
Chi_P02_2	3	289095	187
Chi_P02_2	3	289095	112
Chi_P02_2	3	289095	78
Chi_P02_2	3	289095	95
Chi_P02_2	3	289095	219
Chi_P02_2	3	289095	86
Chi_P02_2	3	289095	133
Chi_P02_2	3	289095	87
Chi_P02_2	3	289095	85
Chi_P02_2	3	289095	129
Chi_P02_2	3	289095	88
Chi_P02_2	3	289095	99
Chi_P02_2	3	289095	79
Chi_P02_2	3	289095	97
Chi_P02_2	3	289095	179
Chi_P02_2	3	289095	79
Chi_P02_2	3	289095	85
Chi_P02_2	3	289095	114
Chi_P02_2	3	289095	89
Chi_P02_2	3	289095	118
Chi_P02_2	3	289095	84
Chi_P02_2	3	289095	120
Chi_P02_2	3	289095	90
Chi_P02_2	3	289095	58
Chi_P02_2	3	289095	74
Chi_P02_2	3	289095	45
Chi_P02_2	3	289095	94
Chi_P02_2	3	289095	74
Chi_P02_2	3	289095	72
Chi_P02_2	3	289095	270
Chi_P02_2	3	289095	127
Chi_P02_2	3	289095	135
Chi_P02_2	3	289095	101
Chi_P02_2	3	289095	70
Chi_P02_2	3	289095	91
Chi_P02_2	3	289095	110
Chi_P02_2	3	289095	107
Chi_P02_2	3	289095	56
Chi_P02_2	3	289095	253
Chi_P02_2	3	289095	97
Chi_P02_2	3	289095	245
Chi_P02_2	3	289095	220
Chi_P02_2	4	330240	159
Chi_P02_2	4	330240	52
Chi_P02_2	4	330240	38
Chi_P02_2	4	330240	107
Chi_P02_2	4	330240	72
Chi_P02_2	4	330240	65
Chi_P02_2	4	330240	69
Chi_P02_2	4	330240	102
Chi_P02_2	4	330240	99
Chi_P02_2	4	330240	96
Chi_P02_2	4	330240	237
Chi_P02_2	4	330240	49
Chi_P02_2	4	330240	77
Chi_P02_2	4	330240	86
Chi_P02_2	4	330240	98
Chi_P02_2	4	330240	170
Chi_P02_2	4	330240	56
Chi_P02_2	4	330240	132
Chi_P02_2	4	330240	44
Chi_P02_2	4	330240	67
Chi_P02_2	4	330240	169
Chi_P02_2	4	330240	103
Chi_P02_2	4	330240	22
Chi_P02_2	4	330240	24
Chi_P02_2	4	330240	59
Chi_P02_2	4	330240	71
Chi_P02_2	4	330240	94
Chi_P02_2	4	330240	59
Chi_P02_2	4	330240	107
Chi_P02_2	4	330240	62
Chi_P02_2	4	330240	100
Chi_P02_2	4	330240	74
Chi_P02_2	4	330240	65
Chi_P02_2	4	330240	87
Chi_P02_2	4	330240	79
Chi_P02_2	4	330240	113
Chi_P02_2	4	330240	60
Chi_P02_2	4	330240	121
Chi_P02_2	4	330240	120
Chi_P02_2	4	330240	96
Chi_P02_2	4	330240	110
Chi_P02_2	4	330240	77
Chi_P02_2	4	330240	36
Chi_P02_2	4	330240	73
Chi_P02_2	4	330240	81
Chi_P02_2	4	330240	89
Chi_P02_2	4	330240	66
Chi_P02_2	4	330240	154
Chi_P02_2	4	330240	103
Chi_P02_2	4	330240	93
Chi_P02_2	4	330240	79
Chi_P02_2	5	300802	12
Chi_P02_2	5	300802	65
Chi_P02_2	5	300802	93
Chi_P02_2	5	300802	111
Chi_P02_2	5	300802	128
Chi_P02_2	5	300802	62
Chi_P02_2	5	300802	88
Chi_P02_2	5	300802	103
Chi_P02_2	5	300802	91
Chi_P02_2	5	300802	106
Chi_P02_2	5	300802	88
Chi_P02_2	5	300802	60
Chi_P02_2	5	300802	60
Chi_P02_2	5	300802	78
Chi_P02_2	5	300802	77
Chi_P02_2	5	300802	87
Chi_P02_2	5	300802	77
Chi_P02_2	5	300802	71
Chi_P02_2	5	300802	42
Chi_P02_2	5	300802	132
Chi_P02_2	5	300802	56
Chi_P02_2	5	300802	81
Chi_P02_2	5	300802	75
Chi_P02_2	5	300802	34
Chi_P02_2	5	300802	103
Chi_P02_2	5	300802	75
Chi_P02_2	5	300802	86
Chi_P02_2	5	300802	110
Chi_P02_2	5	300802	48
Chi_P02_2	5	300802	39
Chi_P02_2	5	300802	86
Chi_P02_2	5	300802	92
Chi_P02_2	5	300802	72
Chi_P02_2	5	300802	32
Chi_P02_2	5	300802	93
Chi_P02_2	5	300802	76
Chi_P02_2	5	300802	133
Chi_P02_2	5	300802	113
Chi_P02_2	5	300802	76
Chi_P02_2	5	300802	100
Chi_P02_2	5	300802	67
Chi_P02_2	5	300802	135
Chi_P02_2	5	300802	77
Chi_P02_2	5	300802	113
Chi_P02_2	5	300802	49
Chi_P02_2	5	300802	69
Chi_P02_2	5	300802	95
Chi_P02_2	5	300802	137
Chi_P02_2	5	300802	149
Chi_P02_2	5	300802	77
Chi_P02_2	5	300802	31
Chi_P02_2	6	279026	52
Chi_P02_2	6	279026	31
Chi_P02_2	6	279026	50
Chi_P02_2	6	279026	56
Chi_P02_2	6	279026	54
Chi_P02_2	6	279026	50
Chi_P02_2	6	279026	48
Chi_P02_2	6	279026	25
Chi_P02_2	6	279026	47
Chi_P02_2	6	279026	15
Chi_P02_2	6	279026	25
Chi_P02_2	6	279026	101
Chi_P02_2	6	279026	90
Chi_P02_2	6	279026	78
Chi_P02_2	6	279026	46
Chi_P02_2	6	279026	50
Chi_P02_2	6	279026	22
Chi_P02_2	6	279026	76
Chi_P02_2	6	279026	20
Chi_P02_2	6	279026	72
Chi_P02_2	6	279026	72
Chi_P02_2	6	279026	107
Chi_P02_2	6	279026	35
Chi_P02_2	6	279026	43
Chi_P02_2	6	279026	72
Chi_P02_2	6	279026	88
Chi_P02_2	6	279026	44
Chi_P02_2	6	279026	13
Chi_P02_2	6	279026	107
Chi_P02_2	6	279026	79
Chi_P02_2	6	279026	17
Chi_P02_2	6	279026	66
Chi_P02_2	6	279026	135
Chi_P02_2	6	279026	129
Chi_P02_2	6	279026	83
Chi_P02_2	6	279026	106
Chi_P02_2	6	279026	247
Chi_P02_2	6	279026	73
Chi_P02_2	6	279026	78
Chi_P02_2	6	279026	55
Chi_P02_2	6	279026	54
Chi_P02_2	6	279026	116
Chi_P02_2	6	279026	192
Chi_P02_2	6	279026	69
Chi_P02_2	6	279026	78
Chi_P02_2	6	279026	99
Chi_P02_2	6	279026	112
Chi_P02_2	6	279026	85
Chi_P02_2	6	279026	105
Chi_P02_2	6	279026	285
Chi_P02_2	6	279026	110
Chi_P02_2	6	279026	94
Chi_P02_2	6	279026	201
Chi_P02_2	6	279026	75
Chi_P02_2	6	279026	80
Chi_P02_2	6	279026	103
Chi_P02_2	6	279026	98
Chi_P02_2	6	279026	72
Chi_P02_2	6	279026	120
Chi_P02_2	6	279026	84
Chi_P02_2	6	279026	165
Chi_P02_2	6	279026	111
Chi_P02_2	6	279026	90
Chi_P02_2	6	279026	75
Chi_P02_2	6	279026	95
Chi_P02_2	6	279026	54
Chi_P02_2	6	279026	91
Chi_P02_2	6	279026	35
Chi_P02_2	6	279026	73
Chi_P02_2	6	279026	62
Chi_P02_2	6	279026	59
Chi_P02_2	6	279026	101
Chi_P02_2	6	279026	115
Chi_P02_2	6	279026	75
Chi_P02_2	6	279026	75
Chi_P02_2	6	279026	112
Chi_P02_2	6	279026	111
Chi_P02_2	6	279026	90
Chi_P02_2	6	279026	74
Chi_P02_2	6	279026	130
Chi_P02_2	6	279026	80
Chi_P02_2	6	279026	93
Chi_P02_2	6	279026	103
Chi_P02_2	6	279026	54
Chi_P02_2	6	279026	59
Chi_P02_2	6	279026	99
Chi_P02_2	6	279026	40
Chi_P02_2	6	279026	55
Chi_P02_2	6	279026	120
Chi_P02_2	6	279026	99
Chi_P02_2	6	279026	101
Chi_P02_2	6	279026	91
Chi_P02_2	6	279026	74
Chi_P02_2	6	279026	132
Chi_P02_2	6	279026	73
Chi_P02_2	6	279026	74
Chi_P02_2	6	279026	99
Chi_P02_2	6	279026	60
Chi_P02_2	6	279026	89
Chi_P02_2	6	279026	137
Chi_P02_2	6	279026	267
Chi_P02_2	6	279026	65
Chi_P02_2	6	279026	130
Chi_P02_2	6	279026	177
Chi_P02_2	6	279026	41
Chi_P02_2	6	279026	95
Chi_P02_2	6	279026	157
Chi_P02_2	6	279026	94
Chi_P02_2	6	279026	37
Chi_P02_2	6	279026	82
Chi_P02_2	6	279026	123
Chi_P02_2	6	279026	151
Chi_P02_2	6	279026	40
Chi_P02_2	7	210618	100
Chi_P02_2	7	210618	69
Chi_P02_2	7	210618	73
Chi_P02_2	7	210618	225
Chi_P02_2	7	210618	108
Chi_P02_2	7	210618	79
Chi_P02_2	7	210618	229
Chi_P02_2	7	210618	139
Chi_P02_2	7	210618	85
Chi_P02_2	7	210618	101
Chi_P02_2	7	210618	105
Chi_P02_2	7	210618	208
Chi_P02_2	7	210618	16
Chi_P02_2	7	210618	98
Chi_P02_2	7	210618	126
Chi_P02_2	7	210618	86
Chi_P02_2	7	210618	102
Chi_P02_2	7	210618	69
Chi_P02_2	7	210618	40
Chi_P02_2	7	210618	115
Chi_P02_2	7	210618	137
Chi_P02_2	7	210618	132
Chi_P02_2	7	210618	96
Chi_P02_2	7	210618	180
Chi_P02_2	7	210618	89
Chi_P02_2	7	210618	148
Chi_P02_2	7	210618	133
Chi_P02_2	7	210618	106
Chi_P02_2	7	210618	96
Chi_P02_2	7	210618	123
Chi_P02_2	7	210618	439
Chi_P02_2	7	210618	162
Chi_P02_2	7	210618	23
Chi_P02_2	7	210618	246
Chi_P02_2	7	210618	124
Chi_P02_2	7	210618	135
Chi_P02_2	7	210618	167
Chi_P02_2	7	210618	208
Chi_P02_2	7	210618	158
Chi_P02_2	7	210618	166
Chi_P02_2	7	210618	72
Chi_P02_2	7	210618	176
Chi_P02_2	7	210618	70
Chi_P02_2	7	210618	204
Chi_P02_2	7	210618	157
Chi_P02_2	7	210618	135
Chi_P02_2	7	210618	183
Chi_P02_2	7	210618	135
Chi_P02_2	7	210618	161
Chi_P02_2	7	210618	154
Chi_P02_2	7	210618	229
Chi_P02_2	7	210618	87
Chi_P02_2	7	210618	102
Chi_P02_2	7	210618	154
Chi_P02_2	7	210618	138
Chi_P02_2	7	210618	141
Chi_P02_2	7	210618	113
Chi_P02_2	7	210618	133
Chi_P02_2	7	210618	130
Chi_P02_2	7	210618	133
Chi_P02_2	7	210618	308
Chi_P02_2	7	210618	191
Chi_P02_2	7	210618	129
Chi_P02_2	7	210618	244
Chi_P02_2	7	210618	193
Chi_P02_2	7	210618	100
Chi_P02_2	7	210618	217
Chi_P02_2	8	321885	95
Chi_P02_2	8	321885	83
Chi_P02_2	8	321885	88
Chi_P02_2	8	321885	105
Chi_P02_2	8	321885	54
Chi_P02_2	8	321885	108
Chi_P02_2	8	321885	80
Chi_P02_2	8	321885	118
Chi_P02_2	8	321885	190
Chi_P02_2	8	321885	155
Chi_P02_2	8	321885	127
Chi_P02_2	8	321885	107
Chi_P02_2	8	321885	126
Chi_P02_2	8	321885	50
Chi_P02_2	8	321885	139
Chi_P02_2	8	321885	175
Chi_P02_2	8	321885	192
Chi_P02_2	8	321885	70
Chi_P02_2	8	321885	153
Chi_P02_2	8	321885	274
Chi_P02_2	8	321885	70
Chi_P02_2	8	321885	63
Chi_P02_2	8	321885	343
Chi_P02_2	8	321885	202
Chi_P02_2	8	321885	150
Chi_P02_2	8	321885	157
Chi_P02_2	8	321885	119
Chi_P02_2	8	321885	141
Chi_P02_2	8	321885	182
Chi_P02_2	8	321885	284
Chi_P02_2	8	321885	92
Chi_P02_2	8	321885	113
Chi_P02_2	8	321885	62
Chi_P02_2	8	321885	75
Chi_P02_2	8	321885	85
Chi_P02_2	8	321885	126
Chi_P02_2	8	321885	126
Chi_P02_2	8	321885	121
Chi_P02_2	8	321885	124
Chi_P02_2	8	321885	88
Chi_P02_2	8	321885	34
Chi_P02_2	8	321885	114
Chi_P02_2	8	321885	190
Chi_P02_2	8	321885	78
Chi_P02_2	8	321885	169
Chi_P02_2	8	321885	113
Chi_P02_2	8	321885	274
Chi_P02_2	8	321885	99
Chi_P02_2	8	321885	117
Chi_P02_2	8	321885	20
Chi_P02_2	8	321885	101
Chi_P02_2	8	321885	55
Chi_P02_2	8	321885	108
Chi_P02_2	8	321885	161
Chi_P02_2	8	321885	40
Chi_P02_2	8	321885	67
Chi_P02_2	8	321885	96
Chi_P02_2	8	321885	97
Chi_P02_2	8	321885	39
Chi_P02_2	8	321885	92
Chi_P02_2	8	321885	137
Chi_P02_2	8	321885	156
Chi_P02_2	8	321885	26
Chi_P02_2	8	321885	97
Chi_P02_2	8	321885	58
Chi_P02_2	8	321885	151
Chi_P02_2	8	321885	232
Chi_P02_2	8	321885	105
Chi_P02_2	8	321885	49
Chi_P02_2	8	321885	78
Chi_P02_2	8	321885	165
Chi_P02_2	8	321885	137
Chi_P02_2	8	321885	104
Chi_P02_2	8	321885	96
Chi_P02_2	8	321885	166
Chi_P02_2	8	321885	102
Chi_P02_2	8	321885	171
Chi_P02_2	8	321885	50
Chi_P02_2	8	321885	91
Chi_P02_2	8	321885	79
Chi_P02_2	8	321885	57
Chi_P02_2	8	321885	52
Chi_P02_2	8	321885	144
Chi_P02_2	8	321885	21
Chi_P02_2	8	321885	79
Chi_P02_2	8	321885	55
Chi_P02_2	8	321885	67
Chi_P02_2	8	321885	72
Chi_P02_2	8	321885	74
Chi_P02_2	8	321885	103
Chi_P02_2	8	321885	74
Chi_P02_2	8	321885	61
Chi_P02_2	8	321885	80
Chi_P02_2	8	321885	75
Chi_P02_2	8	321885	220
Chi_P02_2	8	321885	74
Chi_P02_2	8	321885	36
Chi_P02_2	8	321885	117
Chi_P02_2	8	321885	98
Chi_P02_2	8	321885	86
Chi_P02_2	8	321885	86
Chi_P02_2	8	321885	82
Chi_P02_2	8	321885	75
Chi_P02_2	8	321885	63
Chi_P02_2	8	321885	90
Chi_P02_2	8	321885	134
Chi_P02_2	8	321885	100
Chi_P02_2	8	321885	95
Chi_P02_2	8	321885	84
Chi_P02_2	8	321885	80
Chi_P02_2	8	321885	48
Chi_P02_2	8	321885	92
Chi_P02_2	8	321885	58
Chi_P02_2	8	321885	138
Chi_P02_2	8	321885	103
Chi_P02_2	8	321885	66
Chi_P02_2	8	321885	110
Chi_P02_2	8	321885	58
Chi_P02_2	8	321885	63
Chi_P02_2	8	321885	122
Chi_P02_2	8	321885	70
Chi_P02_2	8	321885	85
Chi_P02_2	8	321885	134
Chi_P02_2	8	321885	181
Chi_P02_2	8	321885	159
Chi_P02_2	8	321885	139
Chi_P02_2	8	321885	113
Chi_P02_2	8	321885	169
Chi_P02_2	8	321885	93
Chi_P02_2	8	321885	35
Chi_P02_2	8	321885	83
Chi_P02_2	8	321885	47
Chi_P02_2	8	321885	56
Chi_P02_2	8	321885	74
Chi_P02_2	8	321885	60
Chi_P02_2	8	321885	53
Chi_P02_2	8	321885	99
Chi_P02_2	8	321885	82
Chi_P02_2	8	321885	51
Chi_P02_2	8	321885	60
Chi_P02_2	8	321885	65
Chi_P02_2	8	321885	97
Chi_P02_2	8	321885	116
Chi_P02_2	8	321885	73
Chi_P02_2	8	321885	74
Chi_P02_2	8	321885	129
Chi_P02_2	8	321885	135
Chi_P02_2	8	321885	73
Chi_P02_2	8	321885	121
Chi_P02_2	8	321885	29
Chi_P02_2	8	321885	56
Chi_P02_2	8	321885	57
Chi_P02_2	8	321885	123
Chi_P02_2	8	321885	135
Chi_P02_2	8	321885	128
Chi_P02_2	8	321885	137
Chi_P02_2	8	321885	71
Chi_P02_2	8	321885	47
Chi_P02_2	8	321885	58
Chi_P02_2	8	321885	117
Chi_P02_2	8	321885	226
Chi_P02_2	8	321885	155
Chi_P02_2	8	321885	90
Chi_P02_2	8	321885	82
Chi_P02_2	8	321885	154
Chi_P02_2	8	321885	37
Chi_P02_2	9	314120	43
Chi_P02_2	9	314120	117
Chi_P02_2	9	314120	228
Chi_P02_2	9	314120	166
Chi_P02_2	9	314120	70
Chi_P02_2	9	314120	140
Chi_P02_2	9	314120	110
Chi_P02_2	9	314120	110
Chi_P02_2	9	314120	323
Chi_P02_2	9	314120	306
Chi_P02_2	9	314120	73
Chi_P02_2	9	314120	160
Chi_P02_2	9	314120	57
Chi_P02_2	9	314120	129
Chi_P02_2	9	314120	189
Chi_P02_2	9	314120	77
Chi_P02_2	9	314120	129
Chi_P02_2	9	314120	129
Chi_P02_2	9	314120	130
Chi_P02_2	9	314120	102
Chi_P02_2	9	314120	342
Chi_P02_2	9	314120	149
Chi_P02_2	9	314120	87
Chi_P02_2	9	314120	136
Chi_P02_2	9	314120	236
Chi_P02_2	9	314120	118
Chi_P02_2	9	314120	305
Chi_P02_2	9	314120	164
Chi_P02_2	9	314120	135
Chi_P02_2	9	314120	187
Chi_P02_2	9	314120	306
Chi_P02_2	9	314120	253
Chi_P02_2	9	314120	122
Chi_P02_2	9	314120	103
Chi_P02_2	9	314120	116
Chi_P02_2	9	314120	105
Chi_P02_2	9	314120	159
Chi_P02_2	9	314120	208
Chi_P02_2	9	314120	231
Chi_P02_2	9	314120	103
Chi_P02_2	9	314120	143
Chi_P02_2	9	314120	57
Chi_P02_2	9	314120	146
Chi_P02_2	9	314120	113
Chi_P02_2	9	314120	76
Chi_P02_2	9	314120	146
Chi_P02_2	9	314120	135
Chi_P02_2	9	314120	538
Chi_P02_2	9	314120	119
Chi_P02_2	9	314120	114
Chi_P02_2	9	314120	146
Chi_P02_2	9	314120	178
Chi_P02_2	9	314120	157
Chi_P02_2	9	314120	83
Chi_P02_2	9	314120	155
Chi_P02_2	9	314120	191
Chi_P02_2	9	314120	112
Chi_P02_2	9	314120	485
Chi_P02_2	9	314120	126
Chi_P02_2	9	314120	96
Chi_P02_2	9	314120	84
Chi_P02_2	9	314120	122
Chi_P02_2	9	314120	76
Chi_P02_2	9	314120	86
Chi_P02_2	9	314120	42
Chi_P02_2	9	314120	119
Chi_P02_2	9	314120	116
Chi_P02_2	9	314120	75
Chi_P02_2	9	314120	480
Chi_P02_2	9	314120	162
Chi_P02_2	9	314120	100
Chi_P02_2	9	314120	163
Chi_P02_2	9	314120	47
Chi_P02_2	9	314120	44
Chi_P02_2	9	314120	91
Chi_P02_2	9	314120	90
Chi_P02_2	9	314120	76
Chi_P02_2	9	314120	96
Chi_P02_2	9	314120	111
Chi_P02_2	9	314120	126
Chi_P02_2	9	314120	142
Chi_P02_2	9	314120	74
Chi_P02_2	9	314120	171
Chi_P02_2	9	314120	69
Chi_P02_2	9	314120	108
Chi_P02_2	9	314120	134
Chi_P02_2	9	314120	139
Chi_P02_2	9	314120	114
Chi_P02_2	9	314120	92
Chi_P02_2	9	314120	163
Chi_P02_2	9	314120	224
Chi_P02_2	9	314120	137
Chi_P02_2	9	314120	120
Chi_P02_2	9	314120	204
Chi_P02_2	9	314120	156
Chi_P02_2	9	314120	135
Chi_P02_2	9	314120	123
Chi_P02_2	9	314120	266
Chi_P02_2	9	314120	98
Chi_P02_2	9	314120	114
Chi_P02_2	9	314120	107
Chi_P02_2	9	314120	109
Chi_P02_2	9	314120	118
Chi_P02_2	9	314120	21
Chi_P02_2	9	314120	83
Chi_P02_2	9	314120	106
Chi_P02_2	9	314120	116
Chi_P02_2	9	314120	131
Chi_P02_2	9	314120	88
Chi_P02_2	9	314120	87
Chi_P02_2	9	314120	104
Chi_P02_2	9	314120	115
Chi_P02_2	9	314120	137
Chi_P02_2	9	314120	78
Chi_P02_2	9	314120	86
Chi_P02_2	9	314120	103
Chi_P02_2	9	314120	116
Chi_P02_2	9	314120	90
Chi_P02_2	9	314120	99
Chi_P02_2	9	314120	90
Chi_P02_2	9	314120	77
Chi_P02_2	9	314120	116
Chi_P02_2	10	322219	57
Chi_P02_2	10	322219	47
Chi_P02_2	10	322219	101
Chi_P02_2	10	322219	80
Chi_P02_2	10	322219	43
Chi_P02_2	10	322219	17
Chi_P02_2	10	322219	92
Chi_P02_2	10	322219	42
Chi_P02_2	10	322219	52
Chi_P02_2	10	322219	66
Chi_P02_2	10	322219	84
Chi_P02_2	10	322219	86
Chi_P02_2	10	322219	62
Chi_P02_2	10	322219	62
Chi_P02_2	10	322219	217
Chi_P02_2	10	322219	53
Chi_P02_2	10	322219	62
Chi_P02_2	10	322219	34
Chi_P02_2	10	322219	58
Chi_P02_2	10	322219	73
Chi_P02_2	10	322219	66
Chi_P02_2	10	322219	105
Chi_P02_2	10	322219	71
Chi_P02_2	10	322219	133
Chi_P02_2	10	322219	48
Chi_P02_2	10	322219	156
Chi_P02_2	10	322219	271
Chi_P02_2	10	322219	59
Chi_P02_2	10	322219	85
Chi_P02_2	10	322219	11
Chi_P02_2	10	322219	66
Chi_P02_2	10	322219	92
Chi_P02_2	10	322219	68
Chi_P02_2	10	322219	61
Chi_P02_2	10	322219	101
Chi_P02_2	10	322219	93
Chi_P02_2	10	322219	305
Chi_P02_2	10	322219	92
Chi_P02_2	10	322219	38
Chi_P02_2	10	322219	101
Chi_P02_2	10	322219	73
Chi_P02_2	10	322219	63
Chi_P02_2	10	322219	139
Chi_P02_2	10	322219	110
Chi_P02_2	10	322219	47
Chi_P02_2	10	322219	83
Chi_P02_2	10	322219	130
Chi_P02_2	10	322219	111
Chi_P02_2	10	322219	100
Chi_P02_2	10	322219	96
Chi_P02_2	10	322219	152
Chi_P02_2	10	322219	55
Chi_P02_2	10	322219	64
Chi_P02_2	10	322219	61
Chi_P02_2	10	322219	88
Chi_P02_2	10	322219	127
Chi_P02_2	10	322219	83
Chi_P02_2	10	322219	82
Chi_P02_2	10	322219	124
Chi_P02_2	10	322219	72
Chi_P02_2	10	322219	77
Chi_P02_2	10	322219	70
Chi_P02_2	10	322219	143
Chi_P02_2	10	322219	70
Chi_P02_2	10	322219	48
Chi_P02_2	10	322219	194
Chi_P02_2	10	322219	144
Chi_P02_2	10	322219	118
Chi_P02_2	10	322219	124
Chi_P02_2	10	322219	274
Chi_P02_2	10	322219	119
Chi_P02_2	10	322219	124
Chi_P02_2	10	322219	105
Chi_P02_2	10	322219	51
Chi_P02_2	10	322219	104
Chi_P02_2	10	322219	26
Chi_P02_2	10	322219	105
Chi_P02_2	10	322219	70
Chi_P02_2	10	322219	119
Chi_P02_2	10	322219	79
Chi_P02_2	10	322219	126
Chi_P02_2	10	322219	120
Chi_P02_2	10	322219	244
Chi_P02_2	10	322219	84
Chi_P02_2	10	322219	116
Chi_P02_2	10	322219	47
Chi_P02_2	10	322219	51
Chi_P02_2	10	322219	22
Chi_P02_2	10	322219	84
Chi_P02_2	10	322219	42
Chi_P02_2	11	269049	76
Chi_P02_2	11	269049	105
Chi_P02_2	11	269049	81
Chi_P02_2	11	269049	65
Chi_P02_2	11	269049	93
Chi_P02_2	11	269049	105
Chi_P02_2	11	269049	165
Chi_P02_2	11	269049	132
Chi_P02_2	11	269049	84
Chi_P02_2	11	269049	142
Chi_P02_2	11	269049	112
Chi_P02_2	11	269049	144
Chi_P02_2	11	269049	66
Chi_P02_2	11	269049	68
Chi_P02_2	11	269049	194
Chi_P02_2	11	269049	92
Chi_P02_2	11	269049	240
Chi_P02_2	11	269049	99
Chi_P02_2	11	269049	60
Chi_P02_2	11	269049	57
Chi_P02_2	11	269049	185
Chi_P02_2	11	269049	68
Chi_P02_2	11	269049	75
Chi_P02_2	11	269049	118
Chi_P02_2	11	269049	29
Chi_P02_2	11	269049	175
Chi_P02_2	11	269049	163
Chi_P02_2	11	269049	105
Chi_P02_2	11	269049	288
Chi_P02_2	11	269049	69
Chi_P02_2	11	269049	93
Chi_P02_2	11	269049	576
Chi_P02_2	11	269049	190
Chi_P02_2	11	269049	117
Chi_P02_2	11	269049	153
Chi_P02_2	11	269049	222
Chi_P02_2	11	269049	80
Chi_P02_2	11	269049	377
Chi_P02_2	11	269049	67
Chi_P02_2	11	269049	159
Chi_P02_2	11	269049	96
Chi_P02_2	11	269049	127
Chi_P02_2	11	269049	134
Chi_P02_2	11	269049	80
Chi_P02_2	11	269049	211
Chi_P02_2	11	269049	154
Chi_P02_2	11	269049	180
Chi_P02_2	11	269049	95
Chi_P02_2	11	269049	99
Chi_P02_2	11	269049	107
Chi_P02_2	11	269049	105
Chi_P02_2	11	269049	150
Chi_P02_2	11	269049	153
Chi_P02_2	11	269049	113
Chi_P02_2	11	269049	200
Chi_P02_2	11	269049	112
Chi_P02_2	11	269049	91
Chi_P02_2	11	269049	111
Chi_P02_2	11	269049	51
Chi_P02_2	11	269049	119
Chi_P02_2	11	269049	138
Chi_P02_2	11	269049	197
Chi_P02_2	11	269049	174
Chi_P02_2	11	269049	120
Chi_P02_2	11	269049	97
Chi_P02_2	11	269049	218
Chi_P02_2	11	269049	148
Chi_P02_2	11	269049	232
Chi_P02_2	11	269049	133
Chi_P02_2	11	269049	176
Chi_P02_2	11	269049	103
Chi_P02_2	11	269049	88
Chi_P02_2	11	269049	106
Chi_P02_2	11	269049	165
Chi_P02_2	11	269049	264
Chi_P02_2	11	269049	168
Chi_P02_2	11	269049	13
Chi_P02_2	11	269049	137
Chi_P02_2	11	269049	116
Chi_P02_2	11	269049	241
Chi_P02_2	12	289064	36
Chi_P02_2	12	289064	95
Chi_P02_2	12	289064	80
Chi_P02_2	12	289064	39
Chi_P02_2	12	289064	84
Chi_P02_2	12	289064	98
Chi_P02_2	12	289064	107
Chi_P02_2	12	289064	156
Chi_P02_2	12	289064	72
Chi_P02_2	12	289064	104
Chi_P02_2	12	289064	143
Chi_P02_2	12	289064	103
Chi_P02_2	12	289064	87
Chi_P02_2	12	289064	143
Chi_P02_2	12	289064	212
Chi_P02_2	12	289064	86
Chi_P02_2	12	289064	144
Chi_P02_2	12	289064	117
Chi_P02_2	12	289064	97
Chi_P02_2	12	289064	323
Chi_P02_2	12	289064	121
Chi_P02_2	12	289064	90
Chi_P02_2	12	289064	202
Chi_P02_2	12	289064	59
Chi_P02_2	12	289064	69
Chi_P02_2	12	289064	164
Chi_P02_2	12	289064	148
Chi_P02_2	12	289064	112
Chi_P02_2	12	289064	170
Chi_P02_2	12	289064	98
Chi_P02_2	12	289064	138
Chi_P02_2	12	289064	40
Chi_P02_2	12	289064	180
Chi_P02_2	12	289064	126
Chi_P02_2	12	289064	92
Chi_P02_2	12	289064	179
Chi_P02_2	12	289064	134
Chi_P02_2	12	289064	153
Chi_P02_2	12	289064	103
Chi_P02_2	12	289064	131
Chi_P02_2	12	289064	152
Chi_P02_2	12	289064	163
Chi_P02_2	12	289064	107
Chi_P02_2	12	289064	178
Chi_P02_2	12	289064	127
Chi_P02_2	12	289064	93
Chi_P02_2	12	289064	144
Chi_P02_2	12	289064	496
Chi_P02_2	12	289064	90
Chi_P02_2	12	289064	126
Chi_P02_2	12	289064	175
Chi_P02_2	12	289064	506
Chi_P02_2	12	289064	97
Chi_P02_2	12	289064	318
Chi_P02_2	12	289064	110
Chi_P02_2	12	289064	53
Chi_P02_2	12	289064	75
Chi_P02_2	12	289064	67
Chi_P02_2	12	289064	102
Chi_P02_2	12	289064	119
Chi_P02_2	12	289064	118
Chi_P02_2	12	289064	92
Chi_P02_2	12	289064	120
Chi_P02_2	12	289064	121
Chi_P02_2	12	289064	154
Chi_P02_2	12	289064	111
Chi_P02_2	12	289064	169
Chi_P02_2	12	289064	284
Chi_P02_2	12	289064	35
Chi_P02_2	12	289064	118
Chi_P02_2	12	289064	101
Chi_P02_2	12	289064	72
Chi_P02_2	12	289064	268
Chi_P02_2	12	289064	100
Chi_P02_2	12	289064	112
Chi_P02_2	12	289064	111
Chi_P02_2	12	289064	152
Chi_P02_2	12	289064	97
Chi_P02_2	12	289064	94
Chi_P02_2	12	289064	97
Chi_P02_2	12	289064	122
Chi_P02_2	12	289064	106
Chi_P02_2	12	289064	174
Chi_P02_2	12	289064	125
Chi_P02_2	12	289064	104
Chi_P02_2	12	289064	113
Chi_P02_2	12	289064	88
Chi_P02_2	12	289064	157
Chi_P02_2	12	289064	77
Chi_P02_2	12	289064	137
Chi_P02_2	12	289064	151
Chi_P02_2	12	289064	94
Chi_P02_2	12	289064	128
Chi_P02_2	12	289064	382
Chi_P02_2	12	289064	58
Chi_P02_2	13	245026	78
Chi_P02_2	13	245026	79
Chi_P02_2	13	245026	115
Chi_P02_2	13	245026	151
Chi_P02_2	13	245026	55
Chi_P02_2	13	245026	119
Chi_P02_2	13	245026	125
Chi_P02_2	13	245026	121
Chi_P02_2	13	245026	87
Chi_P02_2	13	245026	104
Chi_P02_2	13	245026	100
Chi_P02_2	13	245026	77
Chi_P02_2	13	245026	119
Chi_P02_2	13	245026	116
Chi_P02_2	13	245026	101
Chi_P02_2	13	245026	77
Chi_P02_2	13	245026	82
Chi_P02_2	13	245026	91
Chi_P02_2	13	245026	76
Chi_P02_2	13	245026	68
Chi_P02_2	13	245026	118
Chi_P02_2	13	245026	247
Chi_P02_2	13	245026	106
Chi_P02_2	13	245026	298
Chi_P02_2	13	245026	109
Chi_P02_2	13	245026	68
Chi_P02_2	13	245026	188
Chi_P02_2	13	245026	116
Chi_P02_2	13	245026	94
Chi_P02_2	13	245026	134
Chi_P02_2	13	245026	99
Chi_P02_2	13	245026	118
Chi_P02_2	13	245026	131
Chi_P02_2	13	245026	254
Chi_P02_2	13	245026	102
Chi_P02_2	13	245026	111
Chi_P02_2	13	245026	160
Chi_P02_2	13	245026	119
Chi_P02_2	13	245026	98
Chi_P02_2	13	245026	116
Chi_P02_2	13	245026	78
Chi_P02_2	13	245026	192
Chi_P02_2	13	245026	207
Chi_P02_2	13	245026	100
Chi_P02_2	13	245026	64
Chi_P02_2	13	245026	99
Chi_P02_2	13	245026	148
Chi_P02_2	13	245026	76
Chi_P02_2	13	245026	196
Chi_P02_2	13	245026	97
Chi_P02_2	13	245026	172
Chi_P02_2	13	245026	270
Chi_P02_2	13	245026	80
Chi_P02_2	13	245026	81
Chi_P02_2	13	245026	155
Chi_P02_2	13	245026	82
Chi_P02_2	13	245026	108
Chi_P02_2	13	245026	236
Chi_P02_2	13	245026	173
Chi_P02_2	13	245026	136
Chi_P02_2	13	245026	191
Chi_P02_2	13	245026	130
Chi_P02_2	13	245026	61
Chi_P02_2	13	245026	138
Chi_P02_2	13	245026	84
Chi_P02_2	13	245026	53
Chi_P02_2	13	245026	90
Chi_P02_2	13	245026	168
Chi_P02_2	13	245026	69
Chi_P02_2	13	245026	79
Chi_P02_2	13	245026	90
Chi_P02_2	13	245026	216
Chi_P02_2	13	245026	257
Chi_P02_2	13	245026	107
Chi_P02_2	13	245026	288
Chi_P02_2	13	245026	125
Chi_P02_2	13	245026	141
Chi_P02_2	13	245026	141
Chi_P02_2	13	245026	105
Chi_P02_2	13	245026	104
Chi_P02_2	13	245026	228
Chi_P02_2	13	245026	101
Chi_P02_2	13	245026	154
Chi_P02_2	13	245026	81
Chi_P02_2	13	245026	118
Chi_P02_2	13	245026	102
Chi_P02_2	13	245026	117
Chi_P02_2	13	245026	402
Chi_P02_2	13	245026	140
Chi_P02_2	13	245026	136
Chi_P02_2	13	245026	135
Chi_P02_2	14	297040	50
Chi_P02_2	14	297040	32
Chi_P02_2	14	297040	52
Chi_P02_2	14	297040	68
Chi_P02_2	14	297040	59
Chi_P02_2	14	297040	54
Chi_P02_2	14	297040	35
Chi_P02_2	14	297040	78
Chi_P02_2	14	297040	96
Chi_P02_2	14	297040	75
Chi_P02_2	14	297040	143
Chi_P02_2	14	297040	66
Chi_P02_2	14	297040	108
Chi_P02_2	14	297040	63
Chi_P02_2	14	297040	29
Chi_P02_2	14	297040	77
Chi_P02_2	14	297040	82
Chi_P02_2	14	297040	94
Chi_P02_2	14	297040	36
Chi_P02_2	14	297040	77
Chi_P02_2	14	297040	111
Chi_P02_2	14	297040	46
Chi_P02_2	14	297040	49
Chi_P02_2	14	297040	34
Chi_P02_2	14	297040	78
Chi_P02_2	14	297040	218
Chi_P02_2	14	297040	76
Chi_P02_2	14	297040	111
Chi_P02_2	14	297040	143
Chi_P02_2	14	297040	215
Chi_P02_2	14	297040	254
Chi_P02_2	14	297040	102
Chi_P02_2	14	297040	94
Chi_P02_2	14	297040	147
Chi_P02_2	14	297040	76
Chi_P02_2	14	297040	194
Chi_P02_2	14	297040	154
Chi_P02_2	14	297040	47
Chi_P02_2	14	297040	120
Chi_P02_2	14	297040	25
Chi_P02_2	14	297040	112
Chi_P02_2	14	297040	133
Chi_P02_2	14	297040	60
Chi_P02_2	14	297040	206
Chi_P02_2	14	297040	86
Chi_P02_2	14	297040	73
Chi_P02_2	14	297040	38
Chi_P02_2	14	297040	76
Chi_P02_2	14	297040	98
Chi_P02_2	14	297040	21
Chi_P02_2	14	297040	91
Chi_P02_2	14	297040	63
Chi_P02_2	14	297040	103
Chi_P02_2	14	297040	105
Chi_P02_2	14	297040	58
Chi_P02_2	14	297040	106
Chi_P02_2	14	297040	193
Chi_P02_2	14	297040	97
Chi_P02_2	14	297040	107
Chi_P02_2	14	297040	80
Chi_P02_2	14	297040	31
Chi_P02_2	14	297040	180
Chi_P02_2	14	297040	139
Chi_P02_2	14	297040	111
Chi_P02_2	14	297040	65
Chi_P02_2	14	297040	38
Chi_P02_2	14	297040	111
Chi_P02_2	14	297040	157
Chi_P02_2	14	297040	181
Chi_P02_2	14	297040	57
Chi_P02_2	14	297040	108
Chi_P02_2	14	297040	41
Chi_P02_2	14	297040	176
Chi_P02_2	14	297040	71
Chi_P02_2	14	297040	154
Chi_P02_2	14	297040	55
Chi_P02_2	14	297040	174
Chi_P02_2	14	297040	44
Chi_P02_2	14	297040	131
Chi_P02_2	14	297040	126
Chi_P02_2	14	297040	34
Chi_P02_2	14	297040	89
Chi_P02_2	14	297040	83
Chi_P02_2	14	297040	84
Chi_P02_2	14	297040	92
Chi_P02_2	14	297040	143
Chi_P02_2	14	297040	123
Chi_P02_2	14	297040	76
Chi_P02_2	14	297040	107
Chi_P02_2	14	297040	126
Chi_P02_2	14	297040	70
Chi_P02_2	14	297040	119
Chi_P02_2	14	297040	63
Chi_P02_2	14	297040	28
Chi_P02_2	14	297040	154
Chi_P02_2	14	297040	112
Chi_P02_2	14	297040	46
Chi_P02_2	14	297040	80
Chi_P02_2	14	297040	33
Chi_P02_2	14	297040	137
Chi_P02_2	14	297040	168
Chi_P02_2	14	297040	218
Chi_P02_2	14	297040	134
Chi_P02_2	14	297040	64
Chi_P02_2	14	297040	95
Chi_P02_2	14	297040	67
Chi_P02_2	14	297040	416
Chi_P02_2	14	297040	458
Chi_P02_2	14	297040	130
Chi_P02_2	14	297040	279
Chi_P02_2	14	297040	43
Chi_P02_2	14	297040	192
Chi_P02_2	14	297040	114
Chi_P02_2	14	297040	116
Chi_P02_2	14	297040	53
Chi_P02_2	14	297040	99
Chi_P02_2	14	297040	123
Chi_P02_2	14	297040	127
Chi_P02_2	14	297040	152
Chi_P02_2	14	297040	318
Chi_P02_2	14	297040	83
Chi_P02_2	15	293657	40
Chi_P02_2	15	293657	67
Chi_P02_2	15	293657	38
Chi_P02_2	15	293657	57
Chi_P02_2	15	293657	78
Chi_P02_2	15	293657	86
Chi_P02_2	15	293657	48
Chi_P02_2	15	293657	71
Chi_P02_2	15	293657	119
Chi_P02_2	15	293657	78
Chi_P02_2	15	293657	89
Chi_P02_2	15	293657	31
Chi_P02_2	15	293657	71
Chi_P02_2	15	293657	56
Chi_P02_2	15	293657	87
Chi_P02_2	15	293657	142
Chi_P02_2	15	293657	78
Chi_P02_2	15	293657	167
Chi_P02_2	15	293657	83
Chi_P02_2	15	293657	89
Chi_P02_2	15	293657	241
Chi_P02_2	15	293657	175
Chi_P02_2	15	293657	59
Chi_P02_2	15	293657	59
Chi_P02_2	15	293657	53
Chi_P02_2	15	293657	26
Chi_P02_2	15	293657	64
Chi_P02_2	15	293657	79
Chi_P02_2	15	293657	120
Chi_P02_2	15	293657	75
Chi_P02_2	15	293657	54
Chi_P02_2	15	293657	81
Chi_P02_2	15	293657	89
Chi_P02_2	15	293657	197
Chi_P02_2	15	293657	64
Chi_P02_2	15	293657	101
Chi_P02_2	15	293657	54
Chi_P02_2	15	293657	29
Chi_P02_2	15	293657	121
Chi_P02_2	15	293657	51
Chi_P02_2	15	293657	34
Chi_P02_2	15	293657	64
Chi_P02_2	15	293657	109
Chi_P02_2	15	293657	36
Chi_P02_2	15	293657	66
Chi_P02_2	15	293657	99
Chi_P02_2	15	293657	226
Chi_P02_2	15	293657	51
Chi_P02_2	15	293657	180
Chi_P02_2	15	293657	50
Chi_P02_2	15	293657	164
Chi_P02_2	15	293657	40
Chi_P02_2	15	293657	136
Chi_P02_2	15	293657	143
Chi_P02_2	15	293657	109
Chi_P02_2	15	293657	66
Chi_P02_2	15	293657	224
Chi_P02_2	15	293657	217
Chi_P02_2	15	293657	231
Chi_P02_2	15	293657	76
Chi_P02_2	15	293657	182
Chi_P02_2	15	293657	79
Chi_P02_2	15	293657	172
Chi_P02_2	15	293657	10
Chi_P02_2	15	293657	55
Chi_P02_2	15	293657	90
Chi_P02_2	15	293657	153
Chi_P02_2	15	293657	82
Chi_P02_2	15	293657	375
Chi_P02_2	15	293657	82
Chi_P02_2	15	293657	195
Chi_P02_2	15	293657	89
Chi_P02_2	15	293657	55
Chi_P02_2	15	293657	156
Chi_P02_2	15	293657	115
Chi_P02_2	15	293657	92
Chi_P02_2	15	293657	15
Chi_P02_2	15	293657	102
Chi_P02_2	15	293657	74
Chi_P02_2	15	293657	147
Chi_P02_2	15	293657	63
Chi_P02_2	15	293657	114
Chi_P02_2	15	293657	78
Chi_P02_2	15	293657	400
Chi_P02_2	15	293657	118
Chi_P02_2	15	293657	66
Chi_P02_2	15	293657	192
Chi_P02_2	15	293657	162
Chi_P02_2	15	293657	67
Chi_P02_2	15	293657	127
Chi_P02_2	15	293657	69
Chi_P02_2	15	293657	154
Chi_P02_2	15	293657	236
Chi_P02_2	15	293657	348
Chi_P02_2	15	293657	167
Chi_P02_2	15	293657	107
Chi_P02_2	15	293657	136
Chi_P02_2	15	293657	206
Chi_P02_2	15	293657	217
Chi_P02_2	15	293657	89
Chi_P02_2	15	293657	92
Chi_P02_2	15	293657	76
Chi_P02_2	15	293657	135
Chi_P02_2	15	293657	131
Chi_P02_2	15	293657	12
Chi_P02_2	15	293657	137
Chi_P02_2	15	293657	40
Chi_P02_2	15	293657	16
Chi_P02_2	15	293657	71
Chi_P02_2	15	293657	48
Chi_P02_2	15	293657	115
Chi_P02_2	15	293657	114
Chi_P02_2	15	293657	88
Chi_P02_2	15	293657	209
Chi_P02_2	15	293657	391
Chi_P02_2	15	293657	125
Chi_P02_2	15	293657	71
Chi_P02_2	15	293657	256
Chi_P02_2	15	293657	121
Chi_P02_2	15	293657	193
Chi_P02_2	15	293657	114
Chi_P02_2	15	293657	82
Chi_P02_2	15	293657	129
Chi_P02_2	15	293657	124
Chi_P02_2	15	293657	146
Chi_P02_2	15	293657	81
Chi_P02_2	15	293657	89
Chi_P02_2	15	293657	85
Chi_P02_2	15	293657	101
Chi_P02_2	15	293657	16
Chi_P02_2	15	293657	13
Chi_P02_2	15	293657	66
Chi_P02_2	15	293657	38
Chi_P02_2	15	293657	163
Chi_P02_2	15	293657	52
Chi_P02_2	15	293657	112
Chi_P02_2	15	293657	17
Chi_P02_2	15	293657	54
Chi_P02_2	15	293657	64
Chi_P02_2	15	293657	52
Chi_P02_2	15	293657	74
Chi_P02_2	15	293657	66
Chi_P02_2	16	252599	41
Chi_P02_2	16	252599	74
Chi_P02_2	16	252599	49
Chi_P02_2	16	252599	149
Chi_P02_2	16	252599	133
Chi_P02_2	16	252599	155
Chi_P02_2	16	252599	73
Chi_P02_2	16	252599	22
Chi_P02_2	16	252599	137
Chi_P02_2	16	252599	161
Chi_P02_2	16	252599	96
Chi_P02_2	16	252599	77
Chi_P02_2	16	252599	159
Chi_P02_2	16	252599	137
Chi_P02_2	16	252599	114
Chi_P02_2	16	252599	178
Chi_P02_2	16	252599	68
Chi_P02_2	16	252599	197
Chi_P02_2	16	252599	80
Chi_P02_2	16	252599	99
Chi_P02_2	16	252599	140
Chi_P02_2	16	252599	138
Chi_P02_2	16	252599	28
Chi_P02_2	16	252599	68
Chi_P02_2	16	252599	117
Chi_P02_2	16	252599	119
Chi_P02_2	16	252599	197
Chi_P02_2	16	252599	124
Chi_P02_2	16	252599	78
Chi_P02_2	16	252599	73
Chi_P02_2	16	252599	197
Chi_P02_2	16	252599	145
Chi_P02_2	16	252599	89
Chi_P02_2	16	252599	109
Chi_P02_2	16	252599	115
Chi_P02_2	16	252599	69
Chi_P02_2	16	252599	87
Chi_P02_2	16	252599	96
Chi_P02_2	16	252599	64
Chi_P02_2	16	252599	49
Chi_P02_2	16	252599	16
Chi_P02_2	16	252599	88
Chi_P02_2	16	252599	102
Chi_P02_2	16	252599	105
Chi_P02_2	16	252599	65
Chi_P02_2	16	252599	126
Chi_P02_2	16	252599	131
Chi_P02_2	16	252599	107
Chi_P02_2	16	252599	90
Chi_P02_2	16	252599	57
Chi_P02_2	16	252599	45
Chi_P02_2	16	252599	151
Chi_P02_2	16	252599	101
Chi_P02_2	16	252599	196
Chi_P02_2	16	252599	190
Chi_P02_2	16	252599	85
Chi_P02_2	16	252599	64
Chi_P02_2	16	252599	82
Chi_P02_2	16	252599	43
Chi_P02_2	16	252599	91
Chi_P02_2	16	252599	121
Chi_P02_2	16	252599	113
Chi_P02_2	16	252599	134
Chi_P02_2	16	252599	94
Chi_P02_2	16	252599	146
Chi_P02_2	16	252599	116
Chi_P02_2	16	252599	91
Chi_P02_2	16	252599	297
Chi_P02_2	16	252599	84
Chi_P02_2	16	252599	112
Chi_P02_2	16	252599	103
Chi_P02_2	16	252599	233
Chi_P02_2	16	252599	134
Chi_P02_2	16	252599	94
Chi_P02_2	16	252599	167
Chi_P02_2	16	252599	178
Chi_P02_2	16	252599	76
Chi_P02_2	16	252599	113
Chi_P02_2	16	252599	90
Chi_P02_2	16	252599	78
Chi_P02_2	16	252599	113
Chi_P02_2	16	252599	116
Chi_P02_2	16	252599	52
Chi_P02_2	16	252599	110
Chi_P02_2	16	252599	114
Chi_P02_2	16	252599	60
Chi_P02_2	16	252599	66
Chi_P02_2	16	252599	119
Chi_P02_2	16	252599	44
Chi_P02_2	16	252599	159
Chi_P02_2	16	252599	156
Chi_P02_2	16	252599	167
Chi_P02_2	16	252599	75
Chi_P02_2	16	252599	113
Chi_P02_2	16	252599	87
Chi_P02_2	16	252599	115
Chi_P02_2	16	252599	93
Chi_P02_2	16	252599	86
Chi_P02_2	16	252599	108
Chi_P02_2	16	252599	93
Chi_P02_2	16	252599	52
Chi_P02_2	17	313674	119
Chi_P02_2	17	313674	69
Chi_P02_2	17	313674	66
Chi_P02_2	17	313674	56
Chi_P02_2	17	313674	89
Chi_P02_2	17	313674	78
Chi_P02_2	17	313674	81
Chi_P02_2	17	313674	145
Chi_P02_2	17	313674	105
Chi_P02_2	17	313674	49
Chi_P02_2	17	313674	75
Chi_P02_2	17	313674	110
Chi_P02_2	17	313674	176
Chi_P02_2	17	313674	94
Chi_P02_2	17	313674	64
Chi_P02_2	17	313674	112
Chi_P02_2	17	313674	116
Chi_P02_2	17	313674	79
Chi_P02_2	17	313674	123
Chi_P02_2	17	313674	143
Chi_P02_2	17	313674	61
Chi_P02_2	17	313674	76
Chi_P02_2	17	313674	65
Chi_P02_2	17	313674	77
Chi_P02_2	17	313674	87
Chi_P02_2	17	313674	102
Chi_P02_2	17	313674	96
Chi_P02_2	17	313674	117
Chi_P02_2	17	313674	118
Chi_P02_2	17	313674	128
Chi_P02_2	17	313674	90
Chi_P02_2	17	313674	43
Chi_P02_2	17	313674	164
Chi_P02_2	17	313674	121
Chi_P02_2	17	313674	171
Chi_P02_2	17	313674	94
Chi_P02_2	17	313674	125
Chi_P02_2	17	313674	146
Chi_P02_2	17	313674	47
Chi_P02_2	17	313674	35
Chi_P02_2	17	313674	123
Chi_P02_2	17	313674	49
Chi_P02_2	17	313674	36
Chi_P02_2	17	313674	89
Chi_P02_2	17	313674	201
Chi_P02_2	17	313674	54
Chi_P02_2	17	313674	104
Chi_P02_2	17	313674	101
Chi_P02_2	17	313674	63
Chi_P02_2	17	313674	89
Chi_P02_2	17	313674	170
Chi_P02_2	17	313674	82
Chi_P02_2	17	313674	55
Chi_P02_2	17	313674	53
Chi_P02_2	17	313674	129
Chi_P02_2	17	313674	33
Chi_P02_2	17	313674	154
Chi_P02_2	17	313674	122
Chi_P02_2	17	313674	141
Chi_P02_2	17	313674	98
Chi_P02_2	17	313674	129
Chi_P02_2	17	313674	135
Chi_P02_2	17	313674	64
Chi_P02_2	17	313674	102
Chi_P02_2	17	313674	175
Chi_P02_2	17	313674	87
Chi_P02_2	17	313674	71
Chi_P02_2	17	313674	176
Chi_P02_2	17	313674	121
Chi_P02_2	17	313674	110
Chi_P02_2	17	313674	35
Chi_P02_2	17	313674	64
Chi_P02_2	17	313674	143
Chi_P02_2	17	313674	73
Chi_P02_2	17	313674	149
Chi_P02_2	17	313674	109
Chi_P02_2	17	313674	118
Chi_P02_2	17	313674	150
Chi_P02_2	17	313674	108
Chi_P02_2	17	313674	97
Chi_P02_2	17	313674	137
Chi_P02_2	17	313674	108
Chi_P02_2	17	313674	254
Chi_P02_2	17	313674	163
Chi_P02_2	17	313674	145
Chi_P02_2	17	313674	115
Chi_P02_2	17	313674	102
Chi_P02_2	17	313674	83
Chi_P02_2	17	313674	103
Chi_P02_2	17	313674	133
Chi_P02_2	17	313674	155
Chi_P02_2	17	313674	89
Chi_P02_2	17	313674	180
Chi_P02_2	17	313674	43
Chi_P02_2	17	313674	170
Chi_P02_2	17	313674	129
Chi_P02_2	17	313674	106
Chi_P02_2	18	306700	94
Chi_P02_2	18	306700	138
Chi_P02_2	18	306700	70
Chi_P02_2	18	306700	74
Chi_P02_2	18	306700	59
Chi_P02_2	18	306700	128
Chi_P02_2	18	306700	309
Chi_P02_2	18	306700	114
Chi_P02_2	18	306700	88
Chi_P02_2	18	306700	278
Chi_P02_2	18	306700	95
Chi_P02_2	18	306700	141
Chi_P02_2	18	306700	155
Chi_P02_2	18	306700	101
Chi_P02_2	18	306700	128
Chi_P02_2	18	306700	118
Chi_P02_2	18	306700	67
Chi_P02_2	18	306700	72
Chi_P02_2	18	306700	148
Chi_P02_2	18	306700	85
Chi_P02_2	18	306700	104
Chi_P02_2	18	306700	162
Chi_P02_2	18	306700	110
Chi_P02_2	18	306700	128
Chi_P02_2	18	306700	108
Chi_P02_2	18	306700	135
Chi_P02_2	18	306700	150
Chi_P02_2	18	306700	97
Chi_P02_2	18	306700	282
Chi_P02_2	18	306700	210
Chi_P02_2	18	306700	147
Chi_P02_2	18	306700	152
Chi_P02_2	18	306700	194
Chi_P02_2	18	306700	137
Chi_P02_2	18	306700	278
Chi_P02_2	18	306700	160
Chi_P02_2	18	306700	156
Chi_P02_2	18	306700	86
Chi_P02_2	18	306700	383
Chi_P02_2	18	306700	141
Chi_P02_2	18	306700	228
Chi_P02_2	18	306700	160
Chi_P02_2	18	306700	81
Chi_P02_2	18	306700	163
Chi_P02_2	18	306700	114
Chi_P02_2	18	306700	95
Chi_P02_2	18	306700	110
Chi_P02_2	18	306700	221
Chi_P02_2	18	306700	148
Chi_P02_2	18	306700	11
Chi_P02_2	18	306700	226
Chi_P02_2	18	306700	169
Chi_P02_2	18	306700	158
Chi_P02_2	18	306700	157
Chi_P02_2	18	306700	111
Chi_P02_2	18	306700	109
Chi_P02_2	18	306700	319
Chi_P02_2	18	306700	80
Chi_P02_2	18	306700	149
Chi_P02_2	18	306700	137
Chi_P02_2	18	306700	164
Chi_P02_2	18	306700	109
Chi_P02_2	18	306700	145
Chi_P02_2	18	306700	77
Chi_P02_2	18	306700	166
Chi_P02_2	18	306700	93
Chi_P02_2	18	306700	122
Chi_P02_2	18	306700	100
Chi_P02_2	18	306700	259
Chi_P02_2	18	306700	127
Chi_P02_2	18	306700	145
Chi_P02_2	18	306700	258
Chi_P02_2	18	306700	190
Chi_P02_2	18	306700	139
Chi_P02_2	18	306700	39
Chi_P02_2	18	306700	112
Chi_P02_2	18	306700	183
Chi_P02_2	18	306700	117
Chi_P02_2	18	306700	128
Chi_P02_2	18	306700	132
Chi_P02_2	18	306700	104
Chi_P02_2	18	306700	377
Chi_P02_2	18	306700	130
Chi_P02_2	18	306700	182
Chi_P02_2	18	306700	158
Chi_P02_2	18	306700	119
Chi_P02_2	18	306700	118
Chi_P02_2	18	306700	101
Chi_P02_2	18	306700	149
Chi_P02_2	18	306700	103
Chi_P02_2	18	306700	190
Chi_P02_2	18	306700	120
Chi_P02_2	18	306700	187
Chi_P02_2	18	306700	160
Chi_P02_2	18	306700	126
Chi_P02_2	18	306700	227
Chi_P02_2	18	306700	114
Chi_P02_2	18	306700	134
Chi_P02_2	18	306700	130
Chi_P02_2	18	306700	196
Chi_P02_2	18	306700	115
Chi_P02_2	18	306700	62
Chi_P02_2	18	306700	139
Chi_P02_2	18	306700	208
Chi_P02_2	18	306700	79
Chi_P02_2	18	306700	129
Chi_P02_2	18	306700	94
Chi_P02_2	18	306700	80
Chi_P02_2	18	306700	100
Chi_P02_2	18	306700	121
Chi_P02_2	18	306700	65
Chi_P02_2	18	306700	146
Chi_P02_2	18	306700	206
Chi_P02_2	18	306700	79
Chi_P02_2	18	306700	44
Chi_P02_2	18	306700	129
Chi_P02_2	18	306700	156
Chi_P02_2	18	306700	89
Chi_P02_2	18	306700	129
Chi_P02_2	18	306700	125
Chi_P02_2	18	306700	62
Chi_P02_2	18	306700	99
Chi_P02_2	18	306700	121
Chi_P02_2	18	306700	74
Chi_P02_2	19	259860	315
Chi_P02_2	19	259860	112
Chi_P02_2	19	259860	114
Chi_P02_2	19	259860	208
Chi_P02_2	19	259860	55
Chi_P02_2	19	259860	247
Chi_P02_2	19	259860	90
Chi_P02_2	19	259860	114
Chi_P02_2	19	259860	87
Chi_P02_2	19	259860	198
Chi_P02_2	19	259860	121
Chi_P02_2	19	259860	165
Chi_P02_2	19	259860	65
Chi_P02_2	19	259860	214
Chi_P02_2	19	259860	143
Chi_P02_2	19	259860	94
Chi_P02_2	19	259860	107
Chi_P02_2	19	259860	56
Chi_P02_2	19	259860	109
Chi_P02_2	19	259860	55
Chi_P02_2	19	259860	67
Chi_P02_2	19	259860	77
Chi_P02_2	19	259860	32
Chi_P02_2	19	259860	87
Chi_P02_2	19	259860	70
Chi_P02_2	19	259860	169
Chi_P02_2	19	259860	130
Chi_P02_2	19	259860	122
Chi_P02_2	19	259860	69
Chi_P02_2	19	259860	97
Chi_P02_2	19	259860	108
Chi_P02_2	19	259860	94
Chi_P02_2	19	259860	101
Chi_P02_2	19	259860	98
Chi_P02_2	19	259860	122
Chi_P02_2	19	259860	82
Chi_P02_2	19	259860	293
Chi_P02_2	19	259860	98
Chi_P02_2	19	259860	114
Chi_P02_2	19	259860	102
Chi_P02_2	19	259860	49
Chi_P02_2	19	259860	94
Chi_P02_2	19	259860	410
Chi_P02_2	19	259860	103
Chi_P02_2	19	259860	103
Chi_P02_2	19	259860	143
Chi_P02_2	19	259860	203
Chi_P02_2	19	259860	266
Chi_P02_2	19	259860	153
Chi_P02_2	19	259860	104
Chi_P02_2	19	259860	130
Chi_P02_2	19	259860	119
Chi_P02_2	19	259860	109
Chi_P02_2	19	259860	88
Chi_P02_2	19	259860	163
Chi_P02_2	19	259860	159
Chi_P02_2	19	259860	212
Chi_P02_2	19	259860	73
Chi_P02_2	19	259860	77
Chi_P02_2	19	259860	53
Chi_P02_2	19	259860	116
Chi_P02_2	19	259860	106
Chi_P02_2	19	259860	137
Chi_P02_2	19	259860	143
Chi_P02_2	19	259860	161
Chi_P02_2	19	259860	89
Chi_P02_2	19	259860	65
Chi_P02_2	19	259860	103
Chi_P02_2	19	259860	94
Chi_P02_2	19	259860	349
Chi_P02_2	19	259860	125
Chi_P02_2	19	259860	174
Chi_P02_2	19	259860	114
Chi_P02_2	19	259860	108
Chi_P02_2	19	259860	120
Chi_P02_2	19	259860	65
Chi_P02_2	19	259860	163
Chi_P02_2	19	259860	104
Chi_P02_2	19	259860	113
Chi_P02_2	19	259860	345
Chi_P02_2	19	259860	81
Chi_P02_2	19	259860	113
Chi_P02_2	19	259860	158
Chi_P02_2	19	259860	125
Chi_P02_2	19	259860	122
Chi_P02_2	19	259860	78
Chi_P02_2	19	259860	56
Chi_P02_2	19	259860	108
Chi_P02_2	19	259860	130
Chi_P02_2	19	259860	106
Chi_P02_2	19	259860	157
Chi_P02_2	19	259860	98
Chi_P02_2	19	259860	116
Chi_P02_2	19	259860	129
Chi_P02_2	19	259860	197
Chi_P02_2	19	259860	116
Chi_P02_2	19	259860	176
Chi_P02_2	19	259860	56
Chi_P02_2	19	259860	160
Chi_P02_2	19	259860	145
Chi_P02_2	19	259860	121
Chi_P02_2	19	259860	147
Chi_P02_2	19	259860	116
Chi_P02_2	19	259860	160
Chi_P02_2	19	259860	142
Chi_P02_2	19	259860	122
Chi_P02_2	19	259860	134
Chi_P02_2	20	337665	114
Chi_P02_2	20	337665	132
Chi_P02_2	20	337665	107
Chi_P02_2	20	337665	55
Chi_P02_2	20	337665	85
Chi_P02_2	20	337665	147
Chi_P02_2	20	337665	133
Chi_P02_2	20	337665	48
Chi_P02_2	20	337665	139
Chi_P02_2	20	337665	134
Chi_P02_2	20	337665	135
Chi_P02_2	20	337665	85
Chi_P02_2	20	337665	281
Chi_P02_2	20	337665	79
Chi_P02_2	20	337665	89
Chi_P02_2	20	337665	78
Chi_P02_2	20	337665	135
Chi_P02_2	20	337665	91
Chi_P02_2	20	337665	115
Chi_P02_2	20	337665	66
Chi_P02_2	20	337665	94
Chi_P02_2	20	337665	142
Chi_P02_2	20	337665	183
Chi_P02_2	20	337665	102
Chi_P02_2	20	337665	143
Chi_P02_2	20	337665	41
Chi_P02_2	20	337665	51
Chi_P02_2	20	337665	23
Chi_P02_2	20	337665	101
Chi_P02_2	20	337665	100
Chi_P02_2	20	337665	127
Chi_P02_2	20	337665	83
Chi_P02_2	20	337665	305
Chi_P02_2	20	337665	91
Chi_P02_2	20	337665	98
Chi_P02_2	20	337665	95
Chi_P02_2	20	337665	45
Chi_P02_2	20	337665	108
Chi_P02_2	20	337665	109
Chi_P02_2	20	337665	80
Chi_P02_2	20	337665	137
Chi_P02_2	20	337665	62
Chi_P02_2	20	337665	114
Chi_P02_2	20	337665	104
Chi_P02_2	20	337665	133
Chi_P02_2	20	337665	76
Chi_P02_2	20	337665	103
Chi_P02_2	20	337665	83
Chi_P02_2	20	337665	87
Chi_P02_2	20	337665	80
Chi_P02_2	20	337665	90
Chi_P02_2	20	337665	154
Chi_P02_2	20	337665	80
Chi_P02_2	20	337665	109
Chi_P02_2	20	337665	81
Chi_P02_2	20	337665	222
Chi_P02_2	20	337665	219
Chi_P02_2	20	337665	95
Chi_P02_2	20	337665	104
Chi_P02_2	20	337665	120
Chi_P02_2	20	337665	114
Chi_P02_2	20	337665	123
Chi_P02_2	20	337665	107
Chi_P02_2	20	337665	84
Chi_P02_2	20	337665	53
Chi_P02_2	20	337665	101
Chi_P02_2	20	337665	17
Chi_P02_2	20	337665	65
Chi_P02_2	20	337665	152
Chi_P02_2	20	337665	137
Chi_P02_2	20	337665	100
Chi_P02_2	20	337665	139
Chi_P02_2	20	337665	172
Chi_P02_2	20	337665	36
Chi_P02_2	20	337665	144
Chi_P02_2	20	337665	69
Chi_P02_2	20	337665	64
Chi_P02_2	20	337665	154
Chi_P02_2	20	337665	84
Chi_P02_2	20	337665	49
Chi_P02_2	20	337665	39
Chi_P02_2	20	337665	159
Chi_P02_2	20	337665	92
Chi_P02_2	20	337665	101
Chi_P02_2	20	337665	123
Chi_P02_2	20	337665	123
Chi_P02_2	20	337665	129
Chi_P02_2	20	337665	69
Chi_P02_2	20	337665	86
Chi_P02_2	20	337665	43
Chi_P02_2	20	337665	34
Chi_P02_2	20	337665	216
Chi_P02_2	20	337665	154
Chi_P02_2	20	337665	111
Chi_P02_2	20	337665	50
Chi_P02_2	20	337665	58
Chi_P02_2	20	337665	214
Chi_P02_2	20	337665	35
Chi_P02_2	20	337665	100
Chi_P02_2	20	337665	60
Chi_P02_2	20	337665	96
Chi_P02_2	20	337665	58
Chi_P02_2	20	337665	54
Chi_P02_2	20	337665	182
Chi_P02_2	20	337665	15
Chi_P02_2	20	337665	90
Chi_P02_2	20	337665	182
Chi_P02_2	20	337665	116
Chi_P02_2	20	337665	144
Chi_P02_2	20	337665	92
Chi_P02_2	20	337665	95
Chi_P02_2	20	337665	84
Chi_P02_2	20	337665	98
Chi_P02_2	20	337665	112
Chi_P02_2	20	337665	85
Chi_P02_2	20	337665	113
Chi_P02_2	20	337665	80
Chi_P02_2	20	337665	104
Chi_P02_2	20	337665	127
Chi_P02_2	20	337665	117
Chi_P02_2	20	337665	85
Chi_P02_2	20	337665	98
Chi_P02_2	20	337665	113
Chi_P02_2	20	337665	37
Chi_P02_2	20	337665	112
Chi_P02_2	20	337665	82
Chi_P02_2	20	337665	102
Chi_P02_2	20	337665	126
Chi_P02_2	20	337665	80
Chi_P02_2	20	337665	172
Chi_P02_2	20	337665	226
Chi_P02_2	20	337665	236
Chi_P02_2	20	337665	128
Chi_P02_2	20	337665	38
Chi_P02_2	20	337665	94
Chi_P02_2	20	337665	52
Chi_P02_2	20	337665	109
Chi_P02_2	20	337665	152
Chi_P02_2	20	337665	108
Chi_P02_2	20	337665	178
Chi_P02_2	20	337665	93
Chi_P02_2	20	337665	145
Chi_P02_2	20	337665	196
Chi_P02_2	20	337665	66
Chi_P02_2	20	337665	100
Chi_P02_2	20	337665	10
Chi_P02_2	20	337665	13
Chi_P02_2	20	337665	68
Chi_P02_2	20	337665	50
Chi_P02_2	20	337665	287
Chi_P02_2	20	337665	34
Chi_P02_2	20	337665	40
Chi_P02_2	20	337665	116
Chi_P02_2	20	337665	115
Chi_P02_2	20	337665	107
Chi_P02_2	20	337665	122
Chi_P02_2	20	337665	95
Chi_P02_2	20	337665	84
Chi_P02_2	21	226138	184
Chi_P02_2	21	226138	147
Chi_P02_2	21	226138	12
Chi_P02_2	21	226138	90
Chi_P02_2	21	226138	135
Chi_P02_2	21	226138	122
Chi_P02_2	21	226138	103
Chi_P02_2	21	226138	155
Chi_P02_2	21	226138	113
Chi_P02_2	21	226138	126
Chi_P02_2	21	226138	149
Chi_P02_2	21	226138	103
Chi_P02_2	21	226138	111
Chi_P02_2	21	226138	131
Chi_P02_2	21	226138	216
Chi_P02_2	21	226138	166
Chi_P02_2	21	226138	129
Chi_P02_2	21	226138	91
Chi_P02_2	21	226138	285
Chi_P02_2	21	226138	134
Chi_P02_2	21	226138	167
Chi_P02_2	21	226138	104
Chi_P02_2	21	226138	195
Chi_P02_2	21	226138	123
Chi_P02_2	21	226138	111
Chi_P02_2	21	226138	231
Chi_P02_2	21	226138	119
Chi_P02_2	21	226138	172
Chi_P02_2	21	226138	262
Chi_P02_2	21	226138	130
Chi_P02_2	21	226138	111
Chi_P02_2	21	226138	156
Chi_P02_2	21	226138	311
Chi_P02_2	21	226138	121
Chi_P02_2	21	226138	144
Chi_P02_2	21	226138	259
Chi_P02_2	21	226138	142
Chi_P02_2	21	226138	157
Chi_P02_2	21	226138	98
Chi_P02_2	21	226138	269
Chi_P02_2	21	226138	136
Chi_P02_2	21	226138	295
Chi_P02_2	21	226138	214
Chi_P02_2	21	226138	185
Chi_P02_2	21	226138	220
Chi_P02_2	21	226138	143
Chi_P02_2	21	226138	120
Chi_P02_2	21	226138	309
Chi_P02_2	21	226138	71
Chi_P02_2	21	226138	148
Chi_P02_2	21	226138	235
Chi_P02_2	21	226138	143
Chi_P02_2	21	226138	231
Chi_P02_2	21	226138	26
Chi_P02_2	21	226138	180
Chi_P02_2	21	226138	30
Chi_P02_2	21	226138	72
Chi_P02_2	21	226138	130
Chi_P02_2	21	226138	81
Chi_P02_2	21	226138	114
Chi_P02_2	21	226138	103
Chi_P02_2	21	226138	81
Chi_P02_2	21	226138	101
Chi_P02_2	21	226138	182
Chi_P02_2	21	226138	147
Chi_P02_2	21	226138	54
Chi_P02_2	21	226138	203
Chi_P02_2	21	226138	144
Chi_P02_2	21	226138	127
Chi_P02_2	21	226138	123
Chi_P02_2	21	226138	149
Chi_P02_2	21	226138	130
Chi_P02_2	21	226138	208
Chi_P02_2	21	226138	198
Chi_P02_2	21	226138	155
Chi_P02_2	21	226138	110
Chi_P02_2	21	226138	154
Chi_P02_2	21	226138	89
Chi_P02_2	21	226138	252
Chi_P02_2	21	226138	64
Chi_P02_2	21	226138	120
Chi_P02_2	21	226138	137
Chi_P02_2	21	226138	234
Chi_P02_2	21	226138	21
Chi_P02_2	21	226138	199
Chi_P02_2	21	226138	242
Chi_P02_2	21	226138	124
Chi_P02_2	21	226138	104
Chi_P02_2	21	226138	155
Chi_P02_2	21	226138	231
Chi_P02_2	21	226138	39
Chi_P02_2	21	226138	21
Chi_P02_2	22	335968	123
Chi_P02_2	22	335968	55
Chi_P02_2	22	335968	85
Chi_P02_2	22	335968	78
Chi_P02_2	22	335968	214
Chi_P02_2	22	335968	165
Chi_P02_2	22	335968	161
Chi_P02_2	22	335968	141
Chi_P02_2	22	335968	334
Chi_P02_2	22	335968	87
Chi_P02_2	22	335968	56
Chi_P02_2	22	335968	71
Chi_P02_2	22	335968	95
Chi_P02_2	22	335968	98
Chi_P02_2	22	335968	193
Chi_P02_2	22	335968	151
Chi_P02_2	22	335968	142
Chi_P02_2	22	335968	53
Chi_P02_2	22	335968	59
Chi_P02_2	22	335968	38
Chi_P02_2	22	335968	151
Chi_P02_2	22	335968	148
Chi_P02_2	22	335968	116
Chi_P02_2	22	335968	188
Chi_P02_2	22	335968	227
Chi_P02_2	22	335968	101
Chi_P02_2	22	335968	123
Chi_P02_2	22	335968	146
Chi_P02_2	22	335968	82
Chi_P02_2	22	335968	91
Chi_P02_2	22	335968	129
Chi_P02_2	22	335968	159
Chi_P02_2	22	335968	180
Chi_P02_2	22	335968	119
Chi_P02_2	22	335968	136
Chi_P02_2	22	335968	119
Chi_P02_2	22	335968	133
Chi_P02_2	22	335968	84
Chi_P02_2	22	335968	149
Chi_P02_2	22	335968	156
Chi_P02_2	22	335968	64
Chi_P02_2	22	335968	152
Chi_P02_2	22	335968	135
Chi_P02_2	22	335968	155
Chi_P02_2	22	335968	201
Chi_P02_2	22	335968	137
Chi_P02_2	22	335968	138
Chi_P02_2	22	335968	149
Chi_P02_2	22	335968	145
Chi_P02_2	22	335968	165
Chi_P02_2	22	335968	133
Chi_P02_2	22	335968	116
Chi_P02_2	22	335968	188
Chi_P02_2	22	335968	277
Chi_P02_2	22	335968	211
Chi_P02_2	22	335968	219
Chi_P02_2	22	335968	68
Chi_P02_2	22	335968	160
Chi_P02_2	22	335968	50
Chi_P02_2	22	335968	154
Chi_P02_2	22	335968	113
Chi_P02_2	22	335968	96
Chi_P02_2	22	335968	181
Chi_P02_2	22	335968	140
Chi_P02_2	22	335968	169
Chi_P02_2	22	335968	98
Chi_P02_2	22	335968	197
Chi_P02_2	22	335968	116
Chi_P02_2	22	335968	148
Chi_P02_2	22	335968	136
Chi_P02_2	22	335968	188
Chi_P02_2	22	335968	263
Chi_P02_2	22	335968	119
Chi_P02_2	22	335968	158
Chi_P02_2	22	335968	192
Chi_P02_2	22	335968	110
Chi_P02_2	22	335968	151
Chi_P02_2	22	335968	266
Chi_P02_2	22	335968	145
Chi_P02_2	22	335968	307
Chi_P02_2	22	335968	75
Chi_P02_2	22	335968	96
Chi_P02_2	22	335968	151
Chi_P02_2	22	335968	68
Chi_P02_2	22	335968	114
Chi_P02_2	22	335968	113
Chi_P02_2	22	335968	137
Chi_P02_2	22	335968	173
Chi_P02_2	22	335968	136
Chi_P02_2	22	335968	201
Chi_P02_2	22	335968	72
Chi_P02_2	22	335968	111
Chi_P02_2	22	335968	101
Chi_P02_2	22	335968	154
Chi_P02_2	22	335968	187
Chi_P02_2	22	335968	113
Chi_P02_2	22	335968	136
Chi_P02_2	22	335968	119
Chi_P02_2	22	335968	129
Chi_P02_2	22	335968	459
Chi_P02_2	22	335968	298
Chi_P02_2	22	335968	111
Chi_P02_2	22	335968	52
Chi_P02_2	22	335968	86
Chi_P02_2	22	335968	139
Chi_P02_2	22	335968	83
Chi_P02_2	22	335968	95
Chi_P02_2	22	335968	397
Chi_P02_2	22	335968	129
Chi_P02_2	22	335968	102
Chi_P02_2	22	335968	106
Chi_P02_2	22	335968	222
Chi_P02_2	22	335968	166
Chi_P02_2	22	335968	117
Chi_P02_2	22	335968	138
Chi_P02_2	22	335968	158
Chi_P02_2	22	335968	71
Chi_P02_2	22	335968	49
Chi_P02_2	22	335968	16
