fichier	leaf	surfaceLeaf	surfaceLesion
Chi_P04_2	1	248636	81
Chi_P04_2	1	248636	100
Chi_P04_2	1	248636	374
Chi_P04_2	1	248636	96
Chi_P04_2	1	248636	91
Chi_P04_2	1	248636	124
Chi_P04_2	1	248636	42
Chi_P04_2	1	248636	23
Chi_P04_2	1	248636	38
Chi_P04_2	1	248636	63
Chi_P04_2	1	248636	84
Chi_P04_2	1	248636	40
Chi_P04_2	1	248636	138
Chi_P04_2	1	248636	62
Chi_P04_2	1	248636	65
Chi_P04_2	1	248636	67
Chi_P04_2	1	248636	46
Chi_P04_2	1	248636	172
Chi_P04_2	1	248636	67
Chi_P04_2	1	248636	84
Chi_P04_2	1	248636	65
Chi_P04_2	1	248636	93
Chi_P04_2	1	248636	52
Chi_P04_2	1	248636	103
Chi_P04_2	1	248636	87
Chi_P04_2	1	248636	78
Chi_P04_2	1	248636	71
Chi_P04_2	1	248636	27
Chi_P04_2	1	248636	24
Chi_P04_2	1	248636	86
Chi_P04_2	1	248636	78
Chi_P04_2	1	248636	142
Chi_P04_2	1	248636	155
Chi_P04_2	1	248636	34
Chi_P04_2	1	248636	77
Chi_P04_2	1	248636	88
Chi_P04_2	1	248636	47
Chi_P04_2	1	248636	43
Chi_P04_2	1	248636	78
Chi_P04_2	1	248636	66
Chi_P04_2	1	248636	43
Chi_P04_2	1	248636	76
Chi_P04_2	1	248636	52
Chi_P04_2	1	248636	82
Chi_P04_2	1	248636	119
Chi_P04_2	1	248636	80
Chi_P04_2	1	248636	27
Chi_P04_2	2	267674	25
Chi_P04_2	2	267674	19
Chi_P04_2	2	267674	18
Chi_P04_2	2	267674	44
Chi_P04_2	2	267674	35
Chi_P04_2	2	267674	61
Chi_P04_2	2	267674	68
Chi_P04_2	2	267674	55
Chi_P04_2	2	267674	45
Chi_P04_2	2	267674	40
Chi_P04_2	2	267674	19
Chi_P04_2	2	267674	28
Chi_P04_2	2	267674	31
Chi_P04_2	2	267674	66
Chi_P04_2	2	267674	60
Chi_P04_2	2	267674	97
Chi_P04_2	2	267674	60
Chi_P04_2	2	267674	43
Chi_P04_2	2	267674	44
Chi_P04_2	2	267674	53
Chi_P04_2	2	267674	30
Chi_P04_2	2	267674	33
Chi_P04_2	2	267674	40
Chi_P04_2	2	267674	43
Chi_P04_2	2	267674	69
Chi_P04_2	2	267674	53
Chi_P04_2	2	267674	21
Chi_P04_2	2	267674	63
Chi_P04_2	2	267674	54
Chi_P04_2	2	267674	40
Chi_P04_2	2	267674	69
Chi_P04_2	2	267674	84
Chi_P04_2	2	267674	84
Chi_P04_2	2	267674	37
Chi_P04_2	2	267674	41
Chi_P04_2	2	267674	54
Chi_P04_2	2	267674	30
Chi_P04_2	2	267674	58
Chi_P04_2	2	267674	44
Chi_P04_2	2	267674	50
Chi_P04_2	2	267674	54
Chi_P04_2	2	267674	46
Chi_P04_2	2	267674	12
Chi_P04_2	2	267674	40
Chi_P04_2	2	267674	69
Chi_P04_2	2	267674	80
Chi_P04_2	3	302269	43
Chi_P04_2	3	302269	106
Chi_P04_2	3	302269	83
Chi_P04_2	3	302269	61
Chi_P04_2	3	302269	15
Chi_P04_2	3	302269	112
Chi_P04_2	3	302269	11
Chi_P04_2	3	302269	102
Chi_P04_2	3	302269	142
Chi_P04_2	3	302269	97
Chi_P04_2	3	302269	66
Chi_P04_2	3	302269	65
Chi_P04_2	3	302269	97
Chi_P04_2	3	302269	79
Chi_P04_2	3	302269	62
Chi_P04_2	3	302269	68
Chi_P04_2	3	302269	50
Chi_P04_2	3	302269	98
Chi_P04_2	3	302269	75
Chi_P04_2	3	302269	42
Chi_P04_2	3	302269	44
Chi_P04_2	3	302269	113
Chi_P04_2	3	302269	71
Chi_P04_2	3	302269	27
Chi_P04_2	3	302269	134
Chi_P04_2	3	302269	27
Chi_P04_2	3	302269	47
Chi_P04_2	3	302269	130
Chi_P04_2	3	302269	35
Chi_P04_2	3	302269	73
Chi_P04_2	3	302269	56
Chi_P04_2	3	302269	14
Chi_P04_2	3	302269	47
Chi_P04_2	3	302269	25
Chi_P04_2	3	302269	43
Chi_P04_2	3	302269	62
Chi_P04_2	3	302269	24
Chi_P04_2	3	302269	57
Chi_P04_2	3	302269	94
Chi_P04_2	3	302269	66
Chi_P04_2	3	302269	55
Chi_P04_2	3	302269	28
Chi_P04_2	3	302269	72
Chi_P04_2	3	302269	35
Chi_P04_2	3	302269	77
Chi_P04_2	3	302269	91
Chi_P04_2	3	302269	36
Chi_P04_2	3	302269	79
Chi_P04_2	3	302269	67
Chi_P04_2	3	302269	48
Chi_P04_2	3	302269	19
Chi_P04_2	3	302269	49
Chi_P04_2	4	308941	50
Chi_P04_2	4	308941	19
Chi_P04_2	4	308941	68
Chi_P04_2	4	308941	11
Chi_P04_2	4	308941	45
Chi_P04_2	4	308941	63
Chi_P04_2	4	308941	77
Chi_P04_2	4	308941	64
Chi_P04_2	4	308941	50
Chi_P04_2	4	308941	42
Chi_P04_2	4	308941	75
Chi_P04_2	4	308941	63
Chi_P04_2	4	308941	81
Chi_P04_2	4	308941	109
Chi_P04_2	4	308941	59
Chi_P04_2	4	308941	86
Chi_P04_2	4	308941	93
Chi_P04_2	4	308941	156
Chi_P04_2	4	308941	75
Chi_P04_2	4	308941	84
Chi_P04_2	4	308941	58
Chi_P04_2	4	308941	84
Chi_P04_2	4	308941	145
Chi_P04_2	4	308941	54
Chi_P04_2	4	308941	122
Chi_P04_2	4	308941	71
Chi_P04_2	4	308941	137
Chi_P04_2	4	308941	68
Chi_P04_2	4	308941	95
Chi_P04_2	4	308941	22
Chi_P04_2	4	308941	95
Chi_P04_2	4	308941	62
Chi_P04_2	4	308941	82
Chi_P04_2	4	308941	19
Chi_P04_2	4	308941	63
Chi_P04_2	4	308941	67
Chi_P04_2	4	308941	93
Chi_P04_2	4	308941	139
Chi_P04_2	4	308941	86
Chi_P04_2	4	308941	100
Chi_P04_2	4	308941	78
Chi_P04_2	4	308941	102
Chi_P04_2	4	308941	90
Chi_P04_2	4	308941	38
Chi_P04_2	4	308941	119
Chi_P04_2	4	308941	96
Chi_P04_2	4	308941	109
Chi_P04_2	4	308941	91
Chi_P04_2	4	308941	80
Chi_P04_2	4	308941	97
Chi_P04_2	4	308941	34
Chi_P04_2	4	308941	72
Chi_P04_2	4	308941	76
Chi_P04_2	4	308941	62
Chi_P04_2	4	308941	40
Chi_P04_2	4	308941	97
Chi_P04_2	4	308941	60
Chi_P04_2	4	308941	56
Chi_P04_2	4	308941	148
Chi_P04_2	4	308941	107
Chi_P04_2	4	308941	85
Chi_P04_2	4	308941	94
Chi_P04_2	4	308941	81
Chi_P04_2	4	308941	35
Chi_P04_2	5	273172	70
Chi_P04_2	5	273172	49
Chi_P04_2	5	273172	101
Chi_P04_2	5	273172	15
Chi_P04_2	5	273172	69
Chi_P04_2	5	273172	167
Chi_P04_2	5	273172	108
Chi_P04_2	5	273172	83
Chi_P04_2	5	273172	71
Chi_P04_2	5	273172	82
Chi_P04_2	5	273172	125
Chi_P04_2	5	273172	72
Chi_P04_2	5	273172	157
Chi_P04_2	5	273172	144
Chi_P04_2	5	273172	61
Chi_P04_2	5	273172	80
Chi_P04_2	5	273172	82
Chi_P04_2	5	273172	41
Chi_P04_2	5	273172	200
Chi_P04_2	5	273172	81
Chi_P04_2	5	273172	71
Chi_P04_2	5	273172	103
Chi_P04_2	5	273172	12
Chi_P04_2	5	273172	28
Chi_P04_2	5	273172	87
Chi_P04_2	5	273172	18
Chi_P04_2	5	273172	46
Chi_P04_2	5	273172	157
Chi_P04_2	5	273172	107
Chi_P04_2	5	273172	62
Chi_P04_2	5	273172	66
Chi_P04_2	5	273172	108
Chi_P04_2	5	273172	111
Chi_P04_2	5	273172	59
Chi_P04_2	5	273172	22
Chi_P04_2	5	273172	33
Chi_P04_2	5	273172	37
Chi_P04_2	5	273172	14
Chi_P04_2	5	273172	58
Chi_P04_2	5	273172	52
Chi_P04_2	5	273172	86
Chi_P04_2	5	273172	83
Chi_P04_2	5	273172	30
Chi_P04_2	5	273172	52
Chi_P04_2	5	273172	48
Chi_P04_2	5	273172	30
Chi_P04_2	5	273172	22
Chi_P04_2	5	273172	86
Chi_P04_2	5	273172	87
Chi_P04_2	5	273172	58
Chi_P04_2	5	273172	79
Chi_P04_2	5	273172	67
Chi_P04_2	5	273172	180
Chi_P04_2	5	273172	50
Chi_P04_2	5	273172	189
Chi_P04_2	5	273172	72
Chi_P04_2	5	273172	56
Chi_P04_2	5	273172	35
Chi_P04_2	5	273172	98
Chi_P04_2	5	273172	59
Chi_P04_2	5	273172	79
Chi_P04_2	5	273172	53
Chi_P04_2	5	273172	66
Chi_P04_2	5	273172	32
Chi_P04_2	5	273172	51
Chi_P04_2	6	232451	134
Chi_P04_2	6	232451	115
Chi_P04_2	6	232451	82
Chi_P04_2	6	232451	29
Chi_P04_2	6	232451	93
Chi_P04_2	6	232451	89
Chi_P04_2	6	232451	147
Chi_P04_2	6	232451	72
Chi_P04_2	6	232451	203
Chi_P04_2	6	232451	104
Chi_P04_2	6	232451	110
Chi_P04_2	6	232451	296
Chi_P04_2	6	232451	122
Chi_P04_2	6	232451	189
Chi_P04_2	6	232451	250
Chi_P04_2	6	232451	413
Chi_P04_2	6	232451	117
Chi_P04_2	6	232451	231
Chi_P04_2	6	232451	160
Chi_P04_2	6	232451	262
Chi_P04_2	6	232451	62
Chi_P04_2	6	232451	183
Chi_P04_2	6	232451	134
Chi_P04_2	6	232451	99
Chi_P04_2	6	232451	177
Chi_P04_2	6	232451	182
Chi_P04_2	6	232451	205
Chi_P04_2	6	232451	176
Chi_P04_2	6	232451	117
Chi_P04_2	6	232451	137
Chi_P04_2	6	232451	167
Chi_P04_2	6	232451	131
Chi_P04_2	6	232451	169
Chi_P04_2	6	232451	213
Chi_P04_2	6	232451	243
Chi_P04_2	6	232451	125
Chi_P04_2	6	232451	355
Chi_P04_2	6	232451	130
Chi_P04_2	6	232451	185
Chi_P04_2	6	232451	170
Chi_P04_2	6	232451	98
Chi_P04_2	6	232451	314
Chi_P04_2	6	232451	131
Chi_P04_2	6	232451	120
Chi_P04_2	6	232451	164
Chi_P04_2	6	232451	178
Chi_P04_2	6	232451	38
Chi_P04_2	6	232451	439
Chi_P04_2	6	232451	456
Chi_P04_2	6	232451	128
Chi_P04_2	6	232451	139
Chi_P04_2	6	232451	183
Chi_P04_2	6	232451	85
Chi_P04_2	6	232451	208
Chi_P04_2	6	232451	120
Chi_P04_2	6	232451	87
Chi_P04_2	6	232451	299
Chi_P04_2	6	232451	87
Chi_P04_2	6	232451	17
Chi_P04_2	6	232451	170
Chi_P04_2	6	232451	280
Chi_P04_2	6	232451	77
Chi_P04_2	6	232451	343
Chi_P04_2	6	232451	71
Chi_P04_2	6	232451	123
Chi_P04_2	6	232451	128
Chi_P04_2	6	232451	136
Chi_P04_2	6	232451	126
Chi_P04_2	6	232451	133
Chi_P04_2	6	232451	147
Chi_P04_2	6	232451	202
Chi_P04_2	6	232451	20
Chi_P04_2	6	232451	144
Chi_P04_2	6	232451	133
Chi_P04_2	6	232451	182
Chi_P04_2	6	232451	143
Chi_P04_2	6	232451	140
Chi_P04_2	6	232451	258
Chi_P04_2	6	232451	78
Chi_P04_2	6	232451	154
Chi_P04_2	6	232451	299
Chi_P04_2	6	232451	119
Chi_P04_2	6	232451	89
Chi_P04_2	6	232451	92
Chi_P04_2	6	232451	120
Chi_P04_2	6	232451	153
Chi_P04_2	6	232451	63
Chi_P04_2	6	232451	87
Chi_P04_2	6	232451	93
Chi_P04_2	6	232451	160
Chi_P04_2	6	232451	358
Chi_P04_2	6	232451	144
Chi_P04_2	6	232451	288
Chi_P04_2	6	232451	167
Chi_P04_2	6	232451	69
Chi_P04_2	6	232451	151
Chi_P04_2	6	232451	178
Chi_P04_2	6	232451	106
Chi_P04_2	6	232451	150
Chi_P04_2	6	232451	110
Chi_P04_2	7	227863	14
Chi_P04_2	7	227863	143
Chi_P04_2	7	227863	44
Chi_P04_2	7	227863	96
Chi_P04_2	7	227863	260
Chi_P04_2	7	227863	104
Chi_P04_2	7	227863	175
Chi_P04_2	7	227863	60
Chi_P04_2	7	227863	97
Chi_P04_2	7	227863	44
Chi_P04_2	7	227863	90
Chi_P04_2	7	227863	134
Chi_P04_2	7	227863	189
Chi_P04_2	7	227863	134
Chi_P04_2	7	227863	97
Chi_P04_2	7	227863	50
Chi_P04_2	7	227863	134
Chi_P04_2	7	227863	132
Chi_P04_2	7	227863	72
Chi_P04_2	7	227863	181
Chi_P04_2	7	227863	132
Chi_P04_2	7	227863	172
Chi_P04_2	7	227863	131
Chi_P04_2	7	227863	188
Chi_P04_2	7	227863	481
Chi_P04_2	7	227863	73
Chi_P04_2	7	227863	91
Chi_P04_2	7	227863	144
Chi_P04_2	7	227863	91
Chi_P04_2	7	227863	73
Chi_P04_2	7	227863	181
Chi_P04_2	7	227863	73
Chi_P04_2	7	227863	136
Chi_P04_2	7	227863	82
Chi_P04_2	7	227863	96
Chi_P04_2	7	227863	42
Chi_P04_2	7	227863	99
Chi_P04_2	7	227863	143
Chi_P04_2	7	227863	129
Chi_P04_2	7	227863	145
Chi_P04_2	7	227863	101
Chi_P04_2	7	227863	114
Chi_P04_2	7	227863	147
Chi_P04_2	7	227863	60
Chi_P04_2	7	227863	133
Chi_P04_2	7	227863	40
Chi_P04_2	7	227863	171
Chi_P04_2	7	227863	81
Chi_P04_2	7	227863	105
Chi_P04_2	7	227863	160
Chi_P04_2	7	227863	60
Chi_P04_2	7	227863	130
Chi_P04_2	7	227863	112
Chi_P04_2	7	227863	76
Chi_P04_2	7	227863	123
Chi_P04_2	7	227863	81
Chi_P04_2	7	227863	93
Chi_P04_2	7	227863	102
Chi_P04_2	7	227863	48
Chi_P04_2	7	227863	93
Chi_P04_2	7	227863	90
Chi_P04_2	7	227863	149
Chi_P04_2	7	227863	156
Chi_P04_2	7	227863	131
Chi_P04_2	7	227863	19
Chi_P04_2	7	227863	50
Chi_P04_2	7	227863	113
Chi_P04_2	7	227863	125
Chi_P04_2	7	227863	202
Chi_P04_2	7	227863	38
Chi_P04_2	7	227863	17
Chi_P04_2	7	227863	75
Chi_P04_2	7	227863	77
Chi_P04_2	7	227863	115
Chi_P04_2	7	227863	68
Chi_P04_2	7	227863	81
Chi_P04_2	7	227863	18
Chi_P04_2	7	227863	56
Chi_P04_2	7	227863	125
Chi_P04_2	7	227863	107
Chi_P04_2	7	227863	58
Chi_P04_2	7	227863	99
Chi_P04_2	7	227863	108
Chi_P04_2	7	227863	90
Chi_P04_2	7	227863	95
Chi_P04_2	7	227863	160
Chi_P04_2	7	227863	90
Chi_P04_2	7	227863	164
Chi_P04_2	7	227863	93
Chi_P04_2	7	227863	120
Chi_P04_2	7	227863	30
Chi_P04_2	7	227863	119
Chi_P04_2	7	227863	48
Chi_P04_2	7	227863	80
Chi_P04_2	7	227863	306
Chi_P04_2	7	227863	129
Chi_P04_2	7	227863	45
Chi_P04_2	7	227863	94
Chi_P04_2	7	227863	105
Chi_P04_2	7	227863	112
Chi_P04_2	7	227863	201
Chi_P04_2	7	227863	137
Chi_P04_2	7	227863	93
Chi_P04_2	7	227863	95
Chi_P04_2	7	227863	116
Chi_P04_2	7	227863	106
Chi_P04_2	7	227863	80
Chi_P04_2	7	227863	68
Chi_P04_2	7	227863	110
Chi_P04_2	7	227863	109
Chi_P04_2	7	227863	115
Chi_P04_2	7	227863	61
Chi_P04_2	7	227863	216
Chi_P04_2	7	227863	113
Chi_P04_2	7	227863	83
Chi_P04_2	7	227863	114
Chi_P04_2	7	227863	208
Chi_P04_2	7	227863	66
Chi_P04_2	7	227863	142
Chi_P04_2	7	227863	163
Chi_P04_2	7	227863	118
Chi_P04_2	8	228669	74
Chi_P04_2	8	228669	156
Chi_P04_2	8	228669	67
Chi_P04_2	8	228669	67
Chi_P04_2	8	228669	149
Chi_P04_2	8	228669	118
Chi_P04_2	8	228669	97
Chi_P04_2	8	228669	101
Chi_P04_2	8	228669	205
Chi_P04_2	8	228669	148
Chi_P04_2	8	228669	40
Chi_P04_2	8	228669	162
Chi_P04_2	8	228669	137
Chi_P04_2	8	228669	175
Chi_P04_2	8	228669	99
Chi_P04_2	8	228669	275
Chi_P04_2	8	228669	100
Chi_P04_2	8	228669	61
Chi_P04_2	8	228669	132
Chi_P04_2	8	228669	135
Chi_P04_2	8	228669	91
Chi_P04_2	8	228669	151
Chi_P04_2	8	228669	198
Chi_P04_2	8	228669	223
Chi_P04_2	8	228669	739
Chi_P04_2	8	228669	100
Chi_P04_2	8	228669	139
Chi_P04_2	8	228669	255
Chi_P04_2	8	228669	161
Chi_P04_2	8	228669	131
Chi_P04_2	8	228669	309
Chi_P04_2	8	228669	166
Chi_P04_2	8	228669	128
Chi_P04_2	8	228669	149
Chi_P04_2	8	228669	133
Chi_P04_2	8	228669	175
Chi_P04_2	8	228669	100
Chi_P04_2	8	228669	275
Chi_P04_2	8	228669	196
Chi_P04_2	8	228669	189
Chi_P04_2	8	228669	156
Chi_P04_2	8	228669	167
Chi_P04_2	8	228669	161
Chi_P04_2	8	228669	88
Chi_P04_2	8	228669	104
Chi_P04_2	8	228669	91
Chi_P04_2	8	228669	164
Chi_P04_2	8	228669	56
Chi_P04_2	8	228669	135
Chi_P04_2	8	228669	128
Chi_P04_2	8	228669	137
Chi_P04_2	8	228669	122
Chi_P04_2	8	228669	248
Chi_P04_2	8	228669	141
Chi_P04_2	8	228669	177
Chi_P04_2	8	228669	69
Chi_P04_2	8	228669	41
Chi_P04_2	8	228669	135
Chi_P04_2	8	228669	175
Chi_P04_2	8	228669	178
Chi_P04_2	8	228669	24
Chi_P04_2	8	228669	87
Chi_P04_2	8	228669	139
Chi_P04_2	8	228669	113
Chi_P04_2	8	228669	111
Chi_P04_2	8	228669	169
Chi_P04_2	8	228669	160
Chi_P04_2	8	228669	185
Chi_P04_2	8	228669	108
Chi_P04_2	8	228669	342
Chi_P04_2	8	228669	120
Chi_P04_2	8	228669	178
Chi_P04_2	8	228669	79
Chi_P04_2	8	228669	136
Chi_P04_2	8	228669	135
Chi_P04_2	9	305157	115
Chi_P04_2	9	305157	100
Chi_P04_2	9	305157	91
Chi_P04_2	9	305157	206
Chi_P04_2	9	305157	359
Chi_P04_2	9	305157	103
Chi_P04_2	9	305157	114
Chi_P04_2	9	305157	219
Chi_P04_2	9	305157	109
Chi_P04_2	9	305157	150
Chi_P04_2	9	305157	153
Chi_P04_2	9	305157	113
Chi_P04_2	9	305157	105
Chi_P04_2	9	305157	367
Chi_P04_2	9	305157	79
Chi_P04_2	9	305157	253
Chi_P04_2	9	305157	267
Chi_P04_2	9	305157	145
Chi_P04_2	9	305157	165
Chi_P04_2	9	305157	93
Chi_P04_2	9	305157	344
Chi_P04_2	9	305157	126
Chi_P04_2	9	305157	123
Chi_P04_2	9	305157	179
Chi_P04_2	9	305157	147
Chi_P04_2	9	305157	122
Chi_P04_2	9	305157	91
Chi_P04_2	9	305157	59
Chi_P04_2	9	305157	82
Chi_P04_2	9	305157	122
Chi_P04_2	9	305157	152
Chi_P04_2	9	305157	135
Chi_P04_2	9	305157	197
Chi_P04_2	9	305157	130
Chi_P04_2	9	305157	167
Chi_P04_2	9	305157	151
Chi_P04_2	9	305157	159
Chi_P04_2	9	305157	85
Chi_P04_2	9	305157	262
Chi_P04_2	9	305157	109
Chi_P04_2	9	305157	37
Chi_P04_2	9	305157	209
Chi_P04_2	9	305157	146
Chi_P04_2	9	305157	36
Chi_P04_2	9	305157	171
Chi_P04_2	9	305157	32
Chi_P04_2	9	305157	90
Chi_P04_2	9	305157	270
Chi_P04_2	9	305157	144
Chi_P04_2	9	305157	93
Chi_P04_2	9	305157	175
Chi_P04_2	9	305157	107
Chi_P04_2	9	305157	61
Chi_P04_2	9	305157	51
Chi_P04_2	9	305157	133
Chi_P04_2	9	305157	147
Chi_P04_2	9	305157	181
Chi_P04_2	9	305157	95
Chi_P04_2	9	305157	87
Chi_P04_2	9	305157	115
Chi_P04_2	9	305157	22
Chi_P04_2	9	305157	79
Chi_P04_2	9	305157	154
Chi_P04_2	9	305157	77
Chi_P04_2	9	305157	166
Chi_P04_2	9	305157	119
Chi_P04_2	9	305157	130
Chi_P04_2	9	305157	78
Chi_P04_2	9	305157	140
Chi_P04_2	9	305157	90
Chi_P04_2	9	305157	120
Chi_P04_2	9	305157	152
Chi_P04_2	9	305157	126
Chi_P04_2	9	305157	140
Chi_P04_2	9	305157	34
Chi_P04_2	9	305157	226
Chi_P04_2	9	305157	86
Chi_P04_2	9	305157	136
Chi_P04_2	9	305157	133
Chi_P04_2	9	305157	44
Chi_P04_2	9	305157	122
Chi_P04_2	9	305157	114
Chi_P04_2	9	305157	73
Chi_P04_2	9	305157	256
Chi_P04_2	9	305157	243
Chi_P04_2	9	305157	57
Chi_P04_2	9	305157	62
Chi_P04_2	9	305157	54
Chi_P04_2	9	305157	38
Chi_P04_2	9	305157	113
Chi_P04_2	9	305157	87
Chi_P04_2	9	305157	136
Chi_P04_2	9	305157	47
Chi_P04_2	9	305157	108
Chi_P04_2	9	305157	102
Chi_P04_2	10	241375	121
Chi_P04_2	10	241375	79
Chi_P04_2	10	241375	116
Chi_P04_2	10	241375	86
Chi_P04_2	10	241375	55
Chi_P04_2	10	241375	82
Chi_P04_2	10	241375	102
Chi_P04_2	10	241375	117
Chi_P04_2	10	241375	36
Chi_P04_2	10	241375	110
Chi_P04_2	10	241375	111
Chi_P04_2	10	241375	129
Chi_P04_2	10	241375	127
Chi_P04_2	10	241375	78
Chi_P04_2	10	241375	70
Chi_P04_2	10	241375	10
Chi_P04_2	10	241375	121
Chi_P04_2	10	241375	113
Chi_P04_2	10	241375	183
Chi_P04_2	10	241375	63
Chi_P04_2	10	241375	99
Chi_P04_2	10	241375	50
Chi_P04_2	10	241375	45
Chi_P04_2	10	241375	414
Chi_P04_2	10	241375	188
Chi_P04_2	10	241375	31
Chi_P04_2	10	241375	138
Chi_P04_2	10	241375	115
Chi_P04_2	10	241375	119
Chi_P04_2	10	241375	162
Chi_P04_2	10	241375	36
Chi_P04_2	10	241375	186
Chi_P04_2	10	241375	83
Chi_P04_2	10	241375	146
Chi_P04_2	10	241375	82
Chi_P04_2	10	241375	147
Chi_P04_2	10	241375	107
Chi_P04_2	10	241375	55
Chi_P04_2	10	241375	250
Chi_P04_2	10	241375	94
Chi_P04_2	10	241375	149
Chi_P04_2	10	241375	197
Chi_P04_2	10	241375	181
Chi_P04_2	10	241375	237
Chi_P04_2	10	241375	120
Chi_P04_2	10	241375	220
Chi_P04_2	10	241375	247
Chi_P04_2	10	241375	151
Chi_P04_2	10	241375	96
Chi_P04_2	10	241375	276
Chi_P04_2	10	241375	216
Chi_P04_2	10	241375	91
Chi_P04_2	10	241375	34
Chi_P04_2	10	241375	86
Chi_P04_2	10	241375	102
Chi_P04_2	10	241375	197
Chi_P04_2	10	241375	141
Chi_P04_2	10	241375	131
Chi_P04_2	10	241375	104
Chi_P04_2	10	241375	152
Chi_P04_2	10	241375	157
Chi_P04_2	10	241375	84
Chi_P04_2	10	241375	99
Chi_P04_2	10	241375	102
Chi_P04_2	10	241375	74
Chi_P04_2	10	241375	119
Chi_P04_2	10	241375	52
Chi_P04_2	10	241375	173
Chi_P04_2	10	241375	98
Chi_P04_2	10	241375	111
Chi_P04_2	10	241375	130
Chi_P04_2	10	241375	112
Chi_P04_2	10	241375	37
Chi_P04_2	10	241375	58
Chi_P04_2	10	241375	98
Chi_P04_2	10	241375	65
Chi_P04_2	10	241375	91
Chi_P04_2	10	241375	68
Chi_P04_2	10	241375	56
Chi_P04_2	10	241375	87
Chi_P04_2	10	241375	64
Chi_P04_2	10	241375	83
Chi_P04_2	10	241375	174
Chi_P04_2	10	241375	102
Chi_P04_2	10	241375	117
Chi_P04_2	10	241375	96
Chi_P04_2	10	241375	120
Chi_P04_2	10	241375	112
Chi_P04_2	10	241375	65
Chi_P04_2	10	241375	67
Chi_P04_2	10	241375	81
Chi_P04_2	10	241375	144
Chi_P04_2	11	244427	127
Chi_P04_2	11	244427	114
Chi_P04_2	11	244427	119
Chi_P04_2	11	244427	135
Chi_P04_2	11	244427	94
Chi_P04_2	11	244427	101
Chi_P04_2	11	244427	136
Chi_P04_2	11	244427	153
Chi_P04_2	11	244427	110
Chi_P04_2	11	244427	139
Chi_P04_2	11	244427	184
Chi_P04_2	11	244427	100
Chi_P04_2	11	244427	18
Chi_P04_2	11	244427	80
Chi_P04_2	11	244427	120
Chi_P04_2	11	244427	115
Chi_P04_2	11	244427	93
Chi_P04_2	11	244427	41
Chi_P04_2	11	244427	97
Chi_P04_2	11	244427	70
Chi_P04_2	11	244427	98
Chi_P04_2	11	244427	99
Chi_P04_2	11	244427	37
Chi_P04_2	11	244427	34
Chi_P04_2	11	244427	63
Chi_P04_2	11	244427	102
Chi_P04_2	11	244427	69
Chi_P04_2	11	244427	54
Chi_P04_2	11	244427	103
Chi_P04_2	11	244427	49
Chi_P04_2	11	244427	86
Chi_P04_2	11	244427	16
Chi_P04_2	11	244427	154
Chi_P04_2	11	244427	178
Chi_P04_2	11	244427	97
Chi_P04_2	11	244427	86
Chi_P04_2	11	244427	113
Chi_P04_2	11	244427	74
Chi_P04_2	11	244427	166
Chi_P04_2	11	244427	95
Chi_P04_2	11	244427	63
Chi_P04_2	11	244427	71
Chi_P04_2	11	244427	39
Chi_P04_2	11	244427	105
Chi_P04_2	11	244427	91
Chi_P04_2	11	244427	101
Chi_P04_2	11	244427	101
Chi_P04_2	11	244427	100
Chi_P04_2	11	244427	167
Chi_P04_2	11	244427	79
Chi_P04_2	11	244427	26
Chi_P04_2	11	244427	14
Chi_P04_2	11	244427	96
Chi_P04_2	11	244427	77
Chi_P04_2	11	244427	42
Chi_P04_2	11	244427	101
Chi_P04_2	11	244427	84
Chi_P04_2	11	244427	86
Chi_P04_2	11	244427	103
Chi_P04_2	11	244427	65
Chi_P04_2	11	244427	111
Chi_P04_2	11	244427	47
Chi_P04_2	11	244427	125
Chi_P04_2	11	244427	93
Chi_P04_2	11	244427	70
Chi_P04_2	11	244427	131
Chi_P04_2	11	244427	95
Chi_P04_2	11	244427	70
Chi_P04_2	11	244427	138
Chi_P04_2	11	244427	11
Chi_P04_2	11	244427	69
Chi_P04_2	11	244427	193
Chi_P04_2	11	244427	249
Chi_P04_2	11	244427	47
Chi_P04_2	11	244427	79
Chi_P04_2	11	244427	72
Chi_P04_2	11	244427	84
Chi_P04_2	11	244427	74
Chi_P04_2	11	244427	52
Chi_P04_2	11	244427	96
Chi_P04_2	11	244427	12
Chi_P04_2	11	244427	108
Chi_P04_2	11	244427	65
Chi_P04_2	11	244427	99
Chi_P04_2	11	244427	96
Chi_P04_2	11	244427	147
Chi_P04_2	11	244427	62
Chi_P04_2	11	244427	90
Chi_P04_2	11	244427	153
Chi_P04_2	11	244427	109
Chi_P04_2	11	244427	50
Chi_P04_2	11	244427	106
Chi_P04_2	11	244427	117
Chi_P04_2	11	244427	167
Chi_P04_2	11	244427	66
Chi_P04_2	11	244427	69
Chi_P04_2	11	244427	10
Chi_P04_2	11	244427	124
Chi_P04_2	11	244427	111
Chi_P04_2	11	244427	120
Chi_P04_2	11	244427	114
Chi_P04_2	11	244427	238
Chi_P04_2	11	244427	92
Chi_P04_2	12	330975	148
Chi_P04_2	12	330975	142
Chi_P04_2	12	330975	114
Chi_P04_2	12	330975	67
Chi_P04_2	12	330975	59
Chi_P04_2	12	330975	104
Chi_P04_2	12	330975	161
Chi_P04_2	12	330975	110
Chi_P04_2	12	330975	105
Chi_P04_2	12	330975	138
Chi_P04_2	12	330975	136
Chi_P04_2	12	330975	95
Chi_P04_2	12	330975	94
Chi_P04_2	12	330975	278
Chi_P04_2	12	330975	123
Chi_P04_2	12	330975	88
Chi_P04_2	12	330975	169
Chi_P04_2	12	330975	137
Chi_P04_2	12	330975	219
Chi_P04_2	12	330975	152
Chi_P04_2	12	330975	133
Chi_P04_2	12	330975	133
Chi_P04_2	12	330975	134
Chi_P04_2	12	330975	44
Chi_P04_2	12	330975	63
Chi_P04_2	12	330975	134
Chi_P04_2	12	330975	98
Chi_P04_2	12	330975	124
Chi_P04_2	12	330975	153
Chi_P04_2	12	330975	90
Chi_P04_2	12	330975	84
Chi_P04_2	12	330975	140
Chi_P04_2	12	330975	137
Chi_P04_2	12	330975	118
Chi_P04_2	12	330975	147
Chi_P04_2	12	330975	123
Chi_P04_2	12	330975	93
Chi_P04_2	12	330975	72
Chi_P04_2	12	330975	166
Chi_P04_2	12	330975	232
Chi_P04_2	12	330975	128
Chi_P04_2	12	330975	165
Chi_P04_2	12	330975	414
Chi_P04_2	12	330975	126
Chi_P04_2	12	330975	106
Chi_P04_2	12	330975	157
Chi_P04_2	12	330975	139
Chi_P04_2	12	330975	399
Chi_P04_2	12	330975	111
Chi_P04_2	12	330975	89
Chi_P04_2	12	330975	71
Chi_P04_2	12	330975	50
Chi_P04_2	12	330975	200
Chi_P04_2	12	330975	234
Chi_P04_2	12	330975	188
Chi_P04_2	12	330975	267
Chi_P04_2	12	330975	430
Chi_P04_2	12	330975	213
Chi_P04_2	12	330975	199
Chi_P04_2	12	330975	92
Chi_P04_2	12	330975	189
Chi_P04_2	12	330975	157
Chi_P04_2	12	330975	183
Chi_P04_2	12	330975	221
Chi_P04_2	12	330975	155
Chi_P04_2	12	330975	206
Chi_P04_2	12	330975	240
Chi_P04_2	12	330975	271
Chi_P04_2	12	330975	202
Chi_P04_2	12	330975	149
Chi_P04_2	12	330975	83
Chi_P04_2	12	330975	170
Chi_P04_2	12	330975	116
Chi_P04_2	13	298797	122
Chi_P04_2	13	298797	62
Chi_P04_2	13	298797	94
Chi_P04_2	13	298797	45
Chi_P04_2	13	298797	87
Chi_P04_2	13	298797	103
Chi_P04_2	13	298797	92
Chi_P04_2	13	298797	113
Chi_P04_2	13	298797	123
Chi_P04_2	13	298797	145
Chi_P04_2	13	298797	164
Chi_P04_2	13	298797	84
Chi_P04_2	13	298797	99
Chi_P04_2	13	298797	84
Chi_P04_2	13	298797	127
Chi_P04_2	13	298797	64
Chi_P04_2	13	298797	128
Chi_P04_2	13	298797	64
Chi_P04_2	13	298797	81
Chi_P04_2	13	298797	86
Chi_P04_2	13	298797	180
Chi_P04_2	13	298797	77
Chi_P04_2	13	298797	178
Chi_P04_2	13	298797	197
Chi_P04_2	13	298797	136
Chi_P04_2	13	298797	122
Chi_P04_2	13	298797	148
Chi_P04_2	13	298797	101
Chi_P04_2	13	298797	140
Chi_P04_2	13	298797	112
Chi_P04_2	13	298797	117
Chi_P04_2	13	298797	102
Chi_P04_2	13	298797	88
Chi_P04_2	13	298797	84
Chi_P04_2	13	298797	78
Chi_P04_2	13	298797	66
Chi_P04_2	13	298797	169
Chi_P04_2	13	298797	74
Chi_P04_2	13	298797	121
Chi_P04_2	13	298797	125
Chi_P04_2	13	298797	109
Chi_P04_2	13	298797	151
Chi_P04_2	13	298797	159
Chi_P04_2	13	298797	175
Chi_P04_2	13	298797	93
Chi_P04_2	13	298797	137
Chi_P04_2	13	298797	228
Chi_P04_2	13	298797	75
Chi_P04_2	13	298797	53
Chi_P04_2	13	298797	68
Chi_P04_2	13	298797	116
Chi_P04_2	13	298797	64
Chi_P04_2	13	298797	73
Chi_P04_2	13	298797	39
Chi_P04_2	13	298797	37
Chi_P04_2	13	298797	54
Chi_P04_2	13	298797	65
Chi_P04_2	13	298797	58
Chi_P04_2	13	298797	142
Chi_P04_2	13	298797	47
Chi_P04_2	13	298797	106
Chi_P04_2	13	298797	160
Chi_P04_2	13	298797	100
Chi_P04_2	13	298797	71
Chi_P04_2	13	298797	28
Chi_P04_2	13	298797	84
Chi_P04_2	13	298797	68
Chi_P04_2	13	298797	87
Chi_P04_2	13	298797	87
Chi_P04_2	13	298797	185
Chi_P04_2	13	298797	94
Chi_P04_2	13	298797	112
Chi_P04_2	14	290549	111
Chi_P04_2	14	290549	118
Chi_P04_2	14	290549	140
Chi_P04_2	14	290549	92
Chi_P04_2	14	290549	48
Chi_P04_2	14	290549	69
Chi_P04_2	14	290549	169
Chi_P04_2	14	290549	52
Chi_P04_2	14	290549	46
Chi_P04_2	14	290549	167
Chi_P04_2	14	290549	45
Chi_P04_2	14	290549	62
Chi_P04_2	14	290549	100
Chi_P04_2	14	290549	96
Chi_P04_2	14	290549	208
Chi_P04_2	14	290549	105
Chi_P04_2	14	290549	222
Chi_P04_2	14	290549	185
Chi_P04_2	14	290549	150
Chi_P04_2	14	290549	117
Chi_P04_2	14	290549	38
Chi_P04_2	14	290549	161
Chi_P04_2	14	290549	118
Chi_P04_2	14	290549	68
Chi_P04_2	14	290549	116
Chi_P04_2	14	290549	139
Chi_P04_2	14	290549	171
Chi_P04_2	14	290549	162
Chi_P04_2	14	290549	108
Chi_P04_2	14	290549	84
Chi_P04_2	14	290549	150
Chi_P04_2	14	290549	138
Chi_P04_2	14	290549	84
Chi_P04_2	14	290549	54
Chi_P04_2	14	290549	121
Chi_P04_2	14	290549	109
Chi_P04_2	14	290549	73
Chi_P04_2	14	290549	98
Chi_P04_2	14	290549	134
Chi_P04_2	14	290549	123
Chi_P04_2	14	290549	172
Chi_P04_2	14	290549	263
Chi_P04_2	14	290549	242
Chi_P04_2	14	290549	141
Chi_P04_2	14	290549	119
Chi_P04_2	14	290549	164
Chi_P04_2	14	290549	105
Chi_P04_2	14	290549	154
Chi_P04_2	14	290549	129
Chi_P04_2	14	290549	81
Chi_P04_2	14	290549	121
Chi_P04_2	14	290549	136
Chi_P04_2	14	290549	128
Chi_P04_2	14	290549	205
Chi_P04_2	14	290549	205
Chi_P04_2	14	290549	177
Chi_P04_2	14	290549	135
Chi_P04_2	14	290549	101
Chi_P04_2	14	290549	151
Chi_P04_2	14	290549	177
Chi_P04_2	14	290549	104
Chi_P04_2	14	290549	176
Chi_P04_2	14	290549	150
Chi_P04_2	14	290549	249
Chi_P04_2	14	290549	193
Chi_P04_2	14	290549	111
Chi_P04_2	14	290549	75
Chi_P04_2	14	290549	142
Chi_P04_2	14	290549	57
Chi_P04_2	14	290549	147
Chi_P04_2	14	290549	201
Chi_P04_2	14	290549	145
Chi_P04_2	14	290549	113
Chi_P04_2	14	290549	70
Chi_P04_2	14	290549	242
Chi_P04_2	14	290549	124
Chi_P04_2	14	290549	39
Chi_P04_2	15	298067	111
Chi_P04_2	15	298067	72
Chi_P04_2	15	298067	10
Chi_P04_2	15	298067	133
Chi_P04_2	15	298067	92
Chi_P04_2	15	298067	102
Chi_P04_2	15	298067	129
Chi_P04_2	15	298067	130
Chi_P04_2	15	298067	138
Chi_P04_2	15	298067	139
Chi_P04_2	15	298067	180
Chi_P04_2	15	298067	121
Chi_P04_2	15	298067	127
Chi_P04_2	15	298067	160
Chi_P04_2	15	298067	100
Chi_P04_2	15	298067	128
Chi_P04_2	15	298067	179
Chi_P04_2	15	298067	93
Chi_P04_2	15	298067	86
Chi_P04_2	15	298067	157
Chi_P04_2	15	298067	113
Chi_P04_2	15	298067	209
Chi_P04_2	15	298067	122
Chi_P04_2	15	298067	129
Chi_P04_2	15	298067	17
Chi_P04_2	15	298067	123
Chi_P04_2	15	298067	153
Chi_P04_2	15	298067	115
Chi_P04_2	15	298067	88
Chi_P04_2	15	298067	293
Chi_P04_2	15	298067	61
Chi_P04_2	15	298067	130
Chi_P04_2	15	298067	148
Chi_P04_2	15	298067	245
Chi_P04_2	15	298067	155
Chi_P04_2	15	298067	105
Chi_P04_2	15	298067	120
Chi_P04_2	15	298067	136
Chi_P04_2	15	298067	140
Chi_P04_2	15	298067	118
Chi_P04_2	15	298067	247
Chi_P04_2	15	298067	124
Chi_P04_2	15	298067	108
Chi_P04_2	15	298067	236
Chi_P04_2	15	298067	94
Chi_P04_2	15	298067	200
Chi_P04_2	15	298067	106
Chi_P04_2	15	298067	352
Chi_P04_2	15	298067	204
Chi_P04_2	15	298067	91
Chi_P04_2	15	298067	96
Chi_P04_2	15	298067	209
Chi_P04_2	15	298067	184
Chi_P04_2	15	298067	76
Chi_P04_2	15	298067	145
Chi_P04_2	15	298067	136
Chi_P04_2	15	298067	129
Chi_P04_2	15	298067	194
Chi_P04_2	15	298067	197
Chi_P04_2	15	298067	71
Chi_P04_2	15	298067	116
Chi_P04_2	15	298067	85
Chi_P04_2	15	298067	151
Chi_P04_2	15	298067	111
Chi_P04_2	15	298067	157
Chi_P04_2	15	298067	167
Chi_P04_2	15	298067	133
Chi_P04_2	15	298067	266
Chi_P04_2	15	298067	185
Chi_P04_2	15	298067	145
Chi_P04_2	15	298067	51
Chi_P04_2	15	298067	108
Chi_P04_2	15	298067	94
Chi_P04_2	15	298067	111
Chi_P04_2	15	298067	179
Chi_P04_2	15	298067	168
Chi_P04_2	15	298067	341
Chi_P04_2	15	298067	264
Chi_P04_2	15	298067	216
Chi_P04_2	15	298067	148
Chi_P04_2	15	298067	42
Chi_P04_2	15	298067	356
Chi_P04_2	15	298067	259
Chi_P04_2	15	298067	173
Chi_P04_2	15	298067	124
Chi_P04_2	15	298067	114
Chi_P04_2	15	298067	125
Chi_P04_2	15	298067	170
Chi_P04_2	15	298067	136
Chi_P04_2	15	298067	133
Chi_P04_2	15	298067	110
Chi_P04_2	15	298067	65
Chi_P04_2	15	298067	121
Chi_P04_2	15	298067	132
Chi_P04_2	15	298067	95
Chi_P04_2	15	298067	135
Chi_P04_2	15	298067	121
Chi_P04_2	15	298067	130
Chi_P04_2	15	298067	148
Chi_P04_2	15	298067	199
Chi_P04_2	15	298067	101
Chi_P04_2	16	280820	21
Chi_P04_2	16	280820	82
Chi_P04_2	16	280820	137
Chi_P04_2	16	280820	117
Chi_P04_2	16	280820	116
Chi_P04_2	16	280820	232
Chi_P04_2	16	280820	144
Chi_P04_2	16	280820	112
Chi_P04_2	16	280820	109
Chi_P04_2	16	280820	104
Chi_P04_2	16	280820	97
Chi_P04_2	16	280820	132
Chi_P04_2	16	280820	196
Chi_P04_2	16	280820	138
Chi_P04_2	16	280820	277
Chi_P04_2	16	280820	146
Chi_P04_2	16	280820	54
Chi_P04_2	16	280820	147
Chi_P04_2	16	280820	163
Chi_P04_2	16	280820	242
Chi_P04_2	16	280820	123
Chi_P04_2	16	280820	91
Chi_P04_2	16	280820	133
Chi_P04_2	16	280820	104
Chi_P04_2	16	280820	135
Chi_P04_2	16	280820	88
Chi_P04_2	16	280820	108
Chi_P04_2	16	280820	102
Chi_P04_2	16	280820	40
Chi_P04_2	16	280820	108
Chi_P04_2	16	280820	63
Chi_P04_2	16	280820	91
Chi_P04_2	16	280820	89
Chi_P04_2	16	280820	120
Chi_P04_2	16	280820	53
Chi_P04_2	16	280820	97
Chi_P04_2	16	280820	107
Chi_P04_2	16	280820	211
Chi_P04_2	16	280820	101
Chi_P04_2	16	280820	129
Chi_P04_2	16	280820	85
Chi_P04_2	16	280820	105
Chi_P04_2	16	280820	97
Chi_P04_2	16	280820	60
Chi_P04_2	16	280820	77
Chi_P04_2	16	280820	82
Chi_P04_2	16	280820	98
Chi_P04_2	16	280820	109
Chi_P04_2	16	280820	67
Chi_P04_2	16	280820	190
Chi_P04_2	16	280820	107
Chi_P04_2	16	280820	143
Chi_P04_2	16	280820	167
Chi_P04_2	16	280820	126
Chi_P04_2	16	280820	120
Chi_P04_2	16	280820	142
Chi_P04_2	16	280820	45
Chi_P04_2	16	280820	12
Chi_P04_2	16	280820	128
Chi_P04_2	16	280820	73
Chi_P04_2	16	280820	69
Chi_P04_2	16	280820	129
Chi_P04_2	16	280820	123
Chi_P04_2	16	280820	179
Chi_P04_2	16	280820	136
Chi_P04_2	16	280820	166
Chi_P04_2	16	280820	100
Chi_P04_2	16	280820	117
Chi_P04_2	16	280820	121
Chi_P04_2	16	280820	37
Chi_P04_2	16	280820	120
Chi_P04_2	17	302591	45
Chi_P04_2	17	302591	42
Chi_P04_2	17	302591	76
Chi_P04_2	17	302591	181
Chi_P04_2	17	302591	119
Chi_P04_2	17	302591	117
Chi_P04_2	17	302591	75
Chi_P04_2	17	302591	24
Chi_P04_2	17	302591	50
Chi_P04_2	17	302591	87
Chi_P04_2	17	302591	122
Chi_P04_2	17	302591	110
Chi_P04_2	17	302591	35
Chi_P04_2	17	302591	33
Chi_P04_2	17	302591	92
Chi_P04_2	17	302591	56
Chi_P04_2	17	302591	72
Chi_P04_2	17	302591	89
Chi_P04_2	17	302591	94
Chi_P04_2	17	302591	64
Chi_P04_2	17	302591	86
Chi_P04_2	17	302591	119
Chi_P04_2	17	302591	154
Chi_P04_2	17	302591	115
Chi_P04_2	17	302591	107
Chi_P04_2	17	302591	49
Chi_P04_2	17	302591	87
Chi_P04_2	17	302591	112
Chi_P04_2	17	302591	149
Chi_P04_2	17	302591	77
Chi_P04_2	17	302591	41
Chi_P04_2	17	302591	72
Chi_P04_2	17	302591	91
Chi_P04_2	17	302591	82
Chi_P04_2	17	302591	110
Chi_P04_2	17	302591	126
Chi_P04_2	17	302591	77
Chi_P04_2	17	302591	121
Chi_P04_2	17	302591	167
Chi_P04_2	17	302591	164
Chi_P04_2	17	302591	136
Chi_P04_2	17	302591	175
Chi_P04_2	17	302591	122
Chi_P04_2	17	302591	178
Chi_P04_2	17	302591	99
Chi_P04_2	17	302591	130
Chi_P04_2	17	302591	198
Chi_P04_2	17	302591	93
Chi_P04_2	17	302591	119
Chi_P04_2	17	302591	79
Chi_P04_2	17	302591	121
Chi_P04_2	17	302591	130
Chi_P04_2	17	302591	87
Chi_P04_2	17	302591	105
Chi_P04_2	17	302591	110
Chi_P04_2	17	302591	117
Chi_P04_2	17	302591	164
Chi_P04_2	17	302591	100
Chi_P04_2	17	302591	121
Chi_P04_2	17	302591	81
Chi_P04_2	17	302591	54
Chi_P04_2	17	302591	122
Chi_P04_2	17	302591	126
Chi_P04_2	17	302591	75
Chi_P04_2	17	302591	114
Chi_P04_2	17	302591	109
Chi_P04_2	17	302591	66
Chi_P04_2	17	302591	108
Chi_P04_2	17	302591	164
Chi_P04_2	17	302591	150
Chi_P04_2	17	302591	52
Chi_P04_2	17	302591	119
Chi_P04_2	17	302591	107
Chi_P04_2	17	302591	102
Chi_P04_2	17	302591	182
Chi_P04_2	17	302591	29
Chi_P04_2	17	302591	208
Chi_P04_2	17	302591	83
Chi_P04_2	17	302591	95
Chi_P04_2	17	302591	82
Chi_P04_2	17	302591	152
Chi_P04_2	17	302591	246
Chi_P04_2	17	302591	152
Chi_P04_2	17	302591	141
Chi_P04_2	17	302591	214
Chi_P04_2	17	302591	213
Chi_P04_2	17	302591	95
Chi_P04_2	17	302591	103
Chi_P04_2	17	302591	135
Chi_P04_2	17	302591	111
Chi_P04_2	17	302591	71
Chi_P04_2	17	302591	152
Chi_P04_2	17	302591	154
Chi_P04_2	17	302591	114
Chi_P04_2	17	302591	88
Chi_P04_2	17	302591	152
Chi_P04_2	17	302591	83
Chi_P04_2	17	302591	163
Chi_P04_2	17	302591	133
Chi_P04_2	17	302591	86
Chi_P04_2	17	302591	63
Chi_P04_2	17	302591	162
Chi_P04_2	17	302591	130
Chi_P04_2	17	302591	72
Chi_P04_2	17	302591	196
Chi_P04_2	17	302591	73
Chi_P04_2	17	302591	116
Chi_P04_2	17	302591	92
Chi_P04_2	17	302591	136
Chi_P04_2	17	302591	94
Chi_P04_2	17	302591	124
Chi_P04_2	17	302591	153
Chi_P04_2	17	302591	94
Chi_P04_2	17	302591	130
Chi_P04_2	17	302591	133
Chi_P04_2	17	302591	142
Chi_P04_2	17	302591	137
Chi_P04_2	17	302591	137
Chi_P04_2	17	302591	112
Chi_P04_2	17	302591	117
Chi_P04_2	17	302591	138
Chi_P04_2	17	302591	191
Chi_P04_2	17	302591	101
Chi_P04_2	17	302591	144
Chi_P04_2	17	302591	115
Chi_P04_2	17	302591	62
Chi_P04_2	17	302591	241
Chi_P04_2	17	302591	35
Chi_P04_2	17	302591	120
Chi_P04_2	17	302591	96
Chi_P04_2	17	302591	194
Chi_P04_2	17	302591	103
Chi_P04_2	17	302591	73
Chi_P04_2	17	302591	100
Chi_P04_2	17	302591	165
Chi_P04_2	18	268648	125
Chi_P04_2	18	268648	78
Chi_P04_2	18	268648	85
Chi_P04_2	18	268648	80
Chi_P04_2	18	268648	114
Chi_P04_2	18	268648	105
Chi_P04_2	18	268648	128
Chi_P04_2	18	268648	149
Chi_P04_2	18	268648	103
Chi_P04_2	18	268648	269
Chi_P04_2	18	268648	107
Chi_P04_2	18	268648	144
Chi_P04_2	18	268648	100
Chi_P04_2	18	268648	47
Chi_P04_2	18	268648	118
Chi_P04_2	18	268648	115
Chi_P04_2	18	268648	71
Chi_P04_2	18	268648	123
Chi_P04_2	18	268648	117
Chi_P04_2	18	268648	209
Chi_P04_2	18	268648	163
Chi_P04_2	18	268648	100
Chi_P04_2	18	268648	195
Chi_P04_2	18	268648	163
Chi_P04_2	18	268648	142
Chi_P04_2	18	268648	83
Chi_P04_2	18	268648	137
Chi_P04_2	18	268648	109
Chi_P04_2	18	268648	98
Chi_P04_2	18	268648	99
Chi_P04_2	18	268648	102
Chi_P04_2	18	268648	92
Chi_P04_2	18	268648	102
Chi_P04_2	18	268648	139
Chi_P04_2	18	268648	176
Chi_P04_2	18	268648	113
Chi_P04_2	18	268648	163
Chi_P04_2	18	268648	187
Chi_P04_2	18	268648	170
Chi_P04_2	18	268648	174
Chi_P04_2	18	268648	117
Chi_P04_2	18	268648	68
Chi_P04_2	18	268648	129
Chi_P04_2	18	268648	224
Chi_P04_2	18	268648	13
Chi_P04_2	18	268648	97
Chi_P04_2	18	268648	195
Chi_P04_2	18	268648	168
Chi_P04_2	18	268648	129
Chi_P04_2	18	268648	94
Chi_P04_2	18	268648	87
Chi_P04_2	18	268648	123
Chi_P04_2	18	268648	144
Chi_P04_2	18	268648	112
Chi_P04_2	18	268648	159
Chi_P04_2	18	268648	152
Chi_P04_2	18	268648	132
Chi_P04_2	18	268648	109
Chi_P04_2	18	268648	137
Chi_P04_2	18	268648	133
Chi_P04_2	18	268648	90
Chi_P04_2	18	268648	132
Chi_P04_2	18	268648	150
Chi_P04_2	18	268648	126
Chi_P04_2	18	268648	124
Chi_P04_2	18	268648	137
Chi_P04_2	18	268648	172
Chi_P04_2	18	268648	30
Chi_P04_2	18	268648	243
Chi_P04_2	18	268648	180
Chi_P04_2	18	268648	167
Chi_P04_2	18	268648	122
Chi_P04_2	18	268648	197
Chi_P04_2	18	268648	118
Chi_P04_2	18	268648	136
Chi_P04_2	18	268648	134
Chi_P04_2	18	268648	203
Chi_P04_2	18	268648	112
Chi_P04_2	18	268648	162
Chi_P04_2	18	268648	84
Chi_P04_2	18	268648	118
Chi_P04_2	18	268648	99
Chi_P04_2	18	268648	103
Chi_P04_2	18	268648	109
Chi_P04_2	18	268648	113
Chi_P04_2	18	268648	149
Chi_P04_2	18	268648	135
Chi_P04_2	18	268648	163
Chi_P04_2	18	268648	125
Chi_P04_2	18	268648	20
Chi_P04_2	18	268648	67
Chi_P04_2	18	268648	96
Chi_P04_2	18	268648	105
Chi_P04_2	18	268648	161
Chi_P04_2	18	268648	128
Chi_P04_2	18	268648	125
Chi_P04_2	18	268648	97
Chi_P04_2	18	268648	102
Chi_P04_2	18	268648	12
Chi_P04_2	18	268648	129
Chi_P04_2	18	268648	86
Chi_P04_2	18	268648	139
Chi_P04_2	18	268648	40
Chi_P04_2	18	268648	101
Chi_P04_2	18	268648	114
Chi_P04_2	19	265444	14
Chi_P04_2	19	265444	141
Chi_P04_2	19	265444	81
Chi_P04_2	19	265444	197
Chi_P04_2	19	265444	116
Chi_P04_2	19	265444	148
Chi_P04_2	19	265444	97
Chi_P04_2	19	265444	454
Chi_P04_2	19	265444	133
Chi_P04_2	19	265444	107
Chi_P04_2	19	265444	88
Chi_P04_2	19	265444	262
Chi_P04_2	19	265444	70
Chi_P04_2	19	265444	36
Chi_P04_2	19	265444	95
Chi_P04_2	19	265444	60
Chi_P04_2	19	265444	82
Chi_P04_2	19	265444	89
Chi_P04_2	19	265444	134
Chi_P04_2	19	265444	94
Chi_P04_2	19	265444	102
Chi_P04_2	19	265444	22
Chi_P04_2	19	265444	175
Chi_P04_2	19	265444	30
Chi_P04_2	19	265444	111
Chi_P04_2	19	265444	67
Chi_P04_2	19	265444	174
Chi_P04_2	19	265444	132
Chi_P04_2	19	265444	76
Chi_P04_2	19	265444	115
Chi_P04_2	19	265444	110
Chi_P04_2	19	265444	110
Chi_P04_2	19	265444	170
Chi_P04_2	19	265444	131
Chi_P04_2	19	265444	108
Chi_P04_2	19	265444	101
Chi_P04_2	19	265444	130
Chi_P04_2	19	265444	151
Chi_P04_2	19	265444	126
Chi_P04_2	19	265444	124
Chi_P04_2	19	265444	248
Chi_P04_2	19	265444	127
Chi_P04_2	19	265444	156
Chi_P04_2	19	265444	155
Chi_P04_2	19	265444	161
Chi_P04_2	19	265444	176
Chi_P04_2	19	265444	142
Chi_P04_2	19	265444	118
Chi_P04_2	19	265444	128
Chi_P04_2	19	265444	79
Chi_P04_2	19	265444	125
Chi_P04_2	19	265444	93
Chi_P04_2	19	265444	126
Chi_P04_2	19	265444	115
Chi_P04_2	19	265444	154
Chi_P04_2	19	265444	108
Chi_P04_2	19	265444	145
Chi_P04_2	19	265444	111
Chi_P04_2	19	265444	124
Chi_P04_2	19	265444	117
Chi_P04_2	19	265444	125
Chi_P04_2	19	265444	68
Chi_P04_2	19	265444	181
Chi_P04_2	19	265444	220
Chi_P04_2	19	265444	120
Chi_P04_2	19	265444	160
Chi_P04_2	19	265444	193
Chi_P04_2	19	265444	110
Chi_P04_2	19	265444	110
Chi_P04_2	19	265444	101
Chi_P04_2	19	265444	118
Chi_P04_2	19	265444	110
Chi_P04_2	19	265444	125
Chi_P04_2	19	265444	133
Chi_P04_2	19	265444	83
Chi_P04_2	19	265444	108
Chi_P04_2	19	265444	104
Chi_P04_2	19	265444	581
Chi_P04_2	19	265444	151
Chi_P04_2	19	265444	86
Chi_P04_2	19	265444	131
Chi_P04_2	19	265444	141
Chi_P04_2	19	265444	115
Chi_P04_2	19	265444	104
Chi_P04_2	19	265444	136
Chi_P04_2	19	265444	117
Chi_P04_2	19	265444	208
Chi_P04_2	19	265444	95
Chi_P04_2	19	265444	181
Chi_P04_2	19	265444	264
Chi_P04_2	19	265444	98
Chi_P04_2	19	265444	101
Chi_P04_2	19	265444	260
Chi_P04_2	19	265444	76
Chi_P04_2	19	265444	156
Chi_P04_2	19	265444	142
Chi_P04_2	19	265444	103
Chi_P04_2	19	265444	112
Chi_P04_2	19	265444	135
Chi_P04_2	19	265444	68
Chi_P04_2	19	265444	111
Chi_P04_2	19	265444	114
Chi_P04_2	19	265444	106
Chi_P04_2	19	265444	42
Chi_P04_2	20	280852	87
Chi_P04_2	20	280852	180
Chi_P04_2	20	280852	159
Chi_P04_2	20	280852	52
Chi_P04_2	20	280852	84
Chi_P04_2	20	280852	54
Chi_P04_2	20	280852	102
Chi_P04_2	20	280852	42
Chi_P04_2	20	280852	101
Chi_P04_2	20	280852	56
Chi_P04_2	20	280852	92
Chi_P04_2	20	280852	120
Chi_P04_2	20	280852	136
Chi_P04_2	20	280852	76
Chi_P04_2	20	280852	79
Chi_P04_2	20	280852	89
Chi_P04_2	20	280852	54
Chi_P04_2	20	280852	73
Chi_P04_2	20	280852	57
Chi_P04_2	20	280852	193
Chi_P04_2	20	280852	14
Chi_P04_2	20	280852	101
Chi_P04_2	20	280852	75
Chi_P04_2	20	280852	85
Chi_P04_2	20	280852	131
Chi_P04_2	20	280852	91
Chi_P04_2	20	280852	28
Chi_P04_2	20	280852	169
Chi_P04_2	20	280852	111
Chi_P04_2	20	280852	106
Chi_P04_2	20	280852	246
Chi_P04_2	20	280852	113
Chi_P04_2	20	280852	102
Chi_P04_2	20	280852	87
Chi_P04_2	20	280852	86
Chi_P04_2	20	280852	148
Chi_P04_2	20	280852	158
Chi_P04_2	20	280852	68
Chi_P04_2	20	280852	141
Chi_P04_2	20	280852	117
Chi_P04_2	20	280852	30
Chi_P04_2	20	280852	82
Chi_P04_2	20	280852	91
Chi_P04_2	20	280852	42
Chi_P04_2	20	280852	82
Chi_P04_2	20	280852	95
Chi_P04_2	20	280852	62
Chi_P04_2	20	280852	41
Chi_P04_2	20	280852	46
Chi_P04_2	20	280852	49
Chi_P04_2	20	280852	267
Chi_P04_2	20	280852	84
Chi_P04_2	20	280852	59
Chi_P04_2	20	280852	88
Chi_P04_2	20	280852	94
Chi_P04_2	20	280852	51
Chi_P04_2	20	280852	231
Chi_P04_2	20	280852	125
Chi_P04_2	20	280852	81
Chi_P04_2	20	280852	110
Chi_P04_2	20	280852	100
Chi_P04_2	20	280852	53
Chi_P04_2	20	280852	174
Chi_P04_2	20	280852	202
Chi_P04_2	20	280852	113
Chi_P04_2	20	280852	197
Chi_P04_2	20	280852	150
Chi_P04_2	20	280852	149
Chi_P04_2	20	280852	225
Chi_P04_2	20	280852	114
Chi_P04_2	20	280852	105
Chi_P04_2	20	280852	148
Chi_P04_2	20	280852	215
Chi_P04_2	20	280852	158
Chi_P04_2	20	280852	123
Chi_P04_2	20	280852	113
Chi_P04_2	20	280852	29
Chi_P04_2	20	280852	328
Chi_P04_2	20	280852	112
Chi_P04_2	20	280852	111
Chi_P04_2	20	280852	131
Chi_P04_2	20	280852	149
Chi_P04_2	20	280852	106
Chi_P04_2	20	280852	121
Chi_P04_2	20	280852	157
Chi_P04_2	20	280852	104
Chi_P04_2	20	280852	149
Chi_P04_2	21	213597	58
Chi_P04_2	21	213597	68
Chi_P04_2	21	213597	66
Chi_P04_2	21	213597	22
Chi_P04_2	21	213597	54
Chi_P04_2	21	213597	64
Chi_P04_2	21	213597	54
Chi_P04_2	21	213597	84
Chi_P04_2	21	213597	90
Chi_P04_2	21	213597	91
Chi_P04_2	21	213597	53
Chi_P04_2	21	213597	104
Chi_P04_2	21	213597	68
Chi_P04_2	21	213597	84
Chi_P04_2	21	213597	92
Chi_P04_2	21	213597	54
Chi_P04_2	21	213597	157
Chi_P04_2	21	213597	136
Chi_P04_2	21	213597	210
Chi_P04_2	21	213597	113
Chi_P04_2	21	213597	90
Chi_P04_2	21	213597	49
Chi_P04_2	21	213597	83
Chi_P04_2	21	213597	34
Chi_P04_2	21	213597	26
Chi_P04_2	21	213597	125
Chi_P04_2	21	213597	92
Chi_P04_2	21	213597	104
Chi_P04_2	21	213597	209
Chi_P04_2	21	213597	62
Chi_P04_2	21	213597	84
Chi_P04_2	21	213597	90
Chi_P04_2	21	213597	301
Chi_P04_2	21	213597	144
Chi_P04_2	21	213597	150
Chi_P04_2	21	213597	319
Chi_P04_2	21	213597	139
Chi_P04_2	21	213597	137
Chi_P04_2	21	213597	156
Chi_P04_2	21	213597	247
Chi_P04_2	21	213597	146
Chi_P04_2	21	213597	113
Chi_P04_2	21	213597	192
Chi_P04_2	21	213597	109
Chi_P04_2	21	213597	65
Chi_P04_2	21	213597	64
Chi_P04_2	21	213597	43
Chi_P04_2	21	213597	41
Chi_P04_2	21	213597	31
Chi_P04_2	21	213597	68
Chi_P04_2	21	213597	180
Chi_P04_2	22	292116	136
Chi_P04_2	22	292116	104
Chi_P04_2	22	292116	129
Chi_P04_2	22	292116	76
Chi_P04_2	22	292116	132
Chi_P04_2	22	292116	157
Chi_P04_2	22	292116	50
Chi_P04_2	22	292116	77
Chi_P04_2	22	292116	154
Chi_P04_2	22	292116	101
Chi_P04_2	22	292116	149
Chi_P04_2	22	292116	102
Chi_P04_2	22	292116	96
Chi_P04_2	22	292116	108
Chi_P04_2	22	292116	182
Chi_P04_2	22	292116	140
Chi_P04_2	22	292116	75
Chi_P04_2	22	292116	101
Chi_P04_2	22	292116	79
Chi_P04_2	22	292116	51
Chi_P04_2	22	292116	106
Chi_P04_2	22	292116	221
Chi_P04_2	22	292116	69
Chi_P04_2	22	292116	104
Chi_P04_2	22	292116	136
Chi_P04_2	22	292116	108
Chi_P04_2	22	292116	168
Chi_P04_2	22	292116	38
Chi_P04_2	22	292116	48
Chi_P04_2	22	292116	77
Chi_P04_2	22	292116	154
Chi_P04_2	22	292116	62
Chi_P04_2	22	292116	153
Chi_P04_2	22	292116	176
Chi_P04_2	22	292116	80
Chi_P04_2	22	292116	116
Chi_P04_2	22	292116	158
Chi_P04_2	22	292116	92
Chi_P04_2	22	292116	109
Chi_P04_2	22	292116	60
Chi_P04_2	22	292116	88
Chi_P04_2	22	292116	44
Chi_P04_2	22	292116	100
Chi_P04_2	22	292116	38
Chi_P04_2	22	292116	89
Chi_P04_2	22	292116	82
Chi_P04_2	22	292116	115
Chi_P04_2	22	292116	88
Chi_P04_2	22	292116	101
Chi_P04_2	22	292116	95
Chi_P04_2	22	292116	174
Chi_P04_2	22	292116	115
Chi_P04_2	22	292116	160
Chi_P04_2	22	292116	49
Chi_P04_2	22	292116	132
Chi_P04_2	22	292116	105
Chi_P04_2	22	292116	151
Chi_P04_2	22	292116	117
Chi_P04_2	22	292116	74
Chi_P04_2	22	292116	147
Chi_P04_2	22	292116	263
Chi_P04_2	22	292116	124
Chi_P04_2	22	292116	116
Chi_P04_2	22	292116	121
Chi_P04_2	22	292116	122
Chi_P04_2	22	292116	126
Chi_P04_2	22	292116	191
Chi_P04_2	22	292116	256
Chi_P04_2	22	292116	144
Chi_P04_2	22	292116	132
Chi_P04_2	22	292116	137
Chi_P04_2	22	292116	41
Chi_P04_2	22	292116	86
Chi_P04_2	22	292116	108
Chi_P04_2	22	292116	242
Chi_P04_2	22	292116	172
Chi_P04_2	22	292116	128
Chi_P04_2	22	292116	99
Chi_P04_2	22	292116	132
Chi_P04_2	22	292116	115
Chi_P04_2	22	292116	132
Chi_P04_2	22	292116	37
Chi_P04_2	22	292116	131
Chi_P04_2	22	292116	125
Chi_P04_2	22	292116	125
Chi_P04_2	22	292116	267
Chi_P04_2	22	292116	85
Chi_P04_2	22	292116	94
Chi_P04_2	22	292116	144
Chi_P04_2	22	292116	129
Chi_P04_2	22	292116	41
Chi_P04_2	22	292116	58
Chi_P04_2	22	292116	22
Chi_P04_2	22	292116	26
Chi_P04_2	22	292116	50
Chi_P04_2	22	292116	46
Chi_P04_2	22	292116	115
Chi_P04_2	22	292116	178
Chi_P04_2	22	292116	105
Chi_P04_2	22	292116	162
Chi_P04_2	22	292116	100
Chi_P04_2	22	292116	45
Chi_P04_2	22	292116	75
Chi_P04_2	22	292116	104
Chi_P04_2	22	292116	88
Chi_P04_2	22	292116	44
Chi_P04_2	22	292116	80
Chi_P04_2	22	292116	118
Chi_P04_2	22	292116	35
Chi_P04_2	22	292116	51
Chi_P04_2	22	292116	34
Chi_P04_2	22	292116	62
Chi_P04_2	22	292116	18
Chi_P04_2	22	292116	109
Chi_P04_2	22	292116	55
Chi_P04_2	22	292116	173
Chi_P04_2	22	292116	79
Chi_P04_2	22	292116	108
Chi_P04_2	22	292116	160
Chi_P04_2	22	292116	89
Chi_P04_2	22	292116	81
Chi_P04_2	22	292116	67
Chi_P04_2	22	292116	107
Chi_P04_2	22	292116	130
Chi_P04_2	22	292116	80
Chi_P04_2	22	292116	210
Chi_P04_2	22	292116	272
Chi_P04_2	22	292116	117
Chi_P04_2	22	292116	115
Chi_P04_2	22	292116	169
Chi_P04_2	22	292116	38
Chi_P04_2	22	292116	113
Chi_P04_2	22	292116	143
Chi_P04_2	22	292116	125
Chi_P04_2	22	292116	47
Chi_P04_2	23	269644	176
Chi_P04_2	23	269644	87
Chi_P04_2	23	269644	105
Chi_P04_2	23	269644	136
Chi_P04_2	23	269644	73
Chi_P04_2	23	269644	84
Chi_P04_2	23	269644	87
Chi_P04_2	23	269644	171
Chi_P04_2	23	269644	40
Chi_P04_2	23	269644	160
Chi_P04_2	23	269644	115
Chi_P04_2	23	269644	134
Chi_P04_2	23	269644	143
Chi_P04_2	23	269644	33
Chi_P04_2	23	269644	96
Chi_P04_2	23	269644	158
Chi_P04_2	23	269644	141
Chi_P04_2	23	269644	153
Chi_P04_2	23	269644	55
Chi_P04_2	23	269644	119
Chi_P04_2	23	269644	68
Chi_P04_2	23	269644	152
Chi_P04_2	23	269644	100
Chi_P04_2	23	269644	148
Chi_P04_2	23	269644	63
Chi_P04_2	23	269644	47
Chi_P04_2	23	269644	92
Chi_P04_2	23	269644	88
Chi_P04_2	23	269644	140
Chi_P04_2	23	269644	97
Chi_P04_2	23	269644	120
Chi_P04_2	23	269644	226
Chi_P04_2	23	269644	110
Chi_P04_2	23	269644	70
Chi_P04_2	23	269644	398
Chi_P04_2	23	269644	140
Chi_P04_2	23	269644	71
Chi_P04_2	23	269644	171
Chi_P04_2	23	269644	76
Chi_P04_2	23	269644	112
Chi_P04_2	23	269644	89
Chi_P04_2	23	269644	87
Chi_P04_2	23	269644	126
Chi_P04_2	23	269644	164
Chi_P04_2	23	269644	87
Chi_P04_2	23	269644	99
Chi_P04_2	23	269644	110
Chi_P04_2	23	269644	71
Chi_P04_2	23	269644	101
Chi_P04_2	23	269644	57
Chi_P04_2	23	269644	152
Chi_P04_2	23	269644	144
Chi_P04_2	23	269644	76
Chi_P04_2	23	269644	151
Chi_P04_2	23	269644	32
Chi_P04_2	23	269644	76
Chi_P04_2	23	269644	157
Chi_P04_2	23	269644	181
Chi_P04_2	23	269644	168
Chi_P04_2	23	269644	427
Chi_P04_2	23	269644	123
Chi_P04_2	23	269644	162
Chi_P04_2	23	269644	133
Chi_P04_2	23	269644	77
Chi_P04_2	23	269644	100
Chi_P04_2	23	269644	191
Chi_P04_2	23	269644	163
Chi_P04_2	23	269644	225
Chi_P04_2	23	269644	174
Chi_P04_2	23	269644	202
Chi_P04_2	23	269644	175
Chi_P04_2	23	269644	132
Chi_P04_2	23	269644	149
Chi_P04_2	23	269644	108
Chi_P04_2	23	269644	123
Chi_P04_2	23	269644	222
