fichier	leaf	surfaceLeaf	surfaceLesion
Chi_P10_2	1	298784	31
Chi_P10_2	1	298784	60
Chi_P10_2	1	298784	20
Chi_P10_2	1	298784	91
Chi_P10_2	1	298784	41
Chi_P10_2	1	298784	70
Chi_P10_2	1	298784	96
Chi_P10_2	1	298784	54
Chi_P10_2	1	298784	38
Chi_P10_2	1	298784	56
Chi_P10_2	1	298784	78
Chi_P10_2	1	298784	71
Chi_P10_2	1	298784	85
Chi_P10_2	1	298784	72
Chi_P10_2	1	298784	114
Chi_P10_2	1	298784	40
Chi_P10_2	1	298784	44
Chi_P10_2	1	298784	70
Chi_P10_2	1	298784	58
Chi_P10_2	1	298784	64
Chi_P10_2	1	298784	75
Chi_P10_2	1	298784	113
Chi_P10_2	1	298784	96
Chi_P10_2	1	298784	65
Chi_P10_2	1	298784	84
Chi_P10_2	1	298784	94
Chi_P10_2	1	298784	73
Chi_P10_2	1	298784	119
Chi_P10_2	1	298784	97
Chi_P10_2	1	298784	43
Chi_P10_2	1	298784	75
Chi_P10_2	1	298784	102
Chi_P10_2	1	298784	134
Chi_P10_2	1	298784	186
Chi_P10_2	1	298784	67
Chi_P10_2	1	298784	87
Chi_P10_2	1	298784	46
Chi_P10_2	1	298784	131
Chi_P10_2	1	298784	55
Chi_P10_2	1	298784	45
Chi_P10_2	1	298784	97
Chi_P10_2	1	298784	181
Chi_P10_2	1	298784	69
Chi_P10_2	1	298784	71
Chi_P10_2	1	298784	111
Chi_P10_2	1	298784	57
Chi_P10_2	1	298784	64
Chi_P10_2	1	298784	45
Chi_P10_2	1	298784	47
Chi_P10_2	1	298784	47
Chi_P10_2	1	298784	69
Chi_P10_2	1	298784	89
Chi_P10_2	1	298784	63
Chi_P10_2	1	298784	63
Chi_P10_2	1	298784	74
Chi_P10_2	1	298784	64
Chi_P10_2	1	298784	96
Chi_P10_2	1	298784	72
Chi_P10_2	1	298784	107
Chi_P10_2	1	298784	118
Chi_P10_2	1	298784	43
Chi_P10_2	1	298784	54
Chi_P10_2	1	298784	83
Chi_P10_2	1	298784	56
Chi_P10_2	1	298784	59
Chi_P10_2	1	298784	16
Chi_P10_2	1	298784	216
Chi_P10_2	1	298784	74
Chi_P10_2	1	298784	175
Chi_P10_2	1	298784	53
Chi_P10_2	1	298784	110
Chi_P10_2	1	298784	56
Chi_P10_2	1	298784	73
Chi_P10_2	1	298784	52
Chi_P10_2	1	298784	69
Chi_P10_2	1	298784	60
Chi_P10_2	1	298784	99
Chi_P10_2	1	298784	121
Chi_P10_2	1	298784	36
Chi_P10_2	1	298784	67
Chi_P10_2	1	298784	95
Chi_P10_2	1	298784	95
Chi_P10_2	1	298784	101
Chi_P10_2	1	298784	56
Chi_P10_2	1	298784	45
Chi_P10_2	1	298784	103
Chi_P10_2	1	298784	63
Chi_P10_2	1	298784	189
Chi_P10_2	1	298784	75
Chi_P10_2	1	298784	59
Chi_P10_2	1	298784	119
Chi_P10_2	1	298784	40
Chi_P10_2	1	298784	131
Chi_P10_2	1	298784	63
Chi_P10_2	1	298784	98
Chi_P10_2	1	298784	152
Chi_P10_2	1	298784	98
Chi_P10_2	1	298784	92
Chi_P10_2	1	298784	175
Chi_P10_2	1	298784	124
Chi_P10_2	1	298784	276
Chi_P10_2	1	298784	224
Chi_P10_2	1	298784	106
Chi_P10_2	1	298784	113
Chi_P10_2	1	298784	239
Chi_P10_2	1	298784	148
Chi_P10_2	1	298784	97
Chi_P10_2	1	298784	192
Chi_P10_2	1	298784	90
Chi_P10_2	1	298784	150
Chi_P10_2	1	298784	384
Chi_P10_2	1	298784	126
Chi_P10_2	1	298784	88
Chi_P10_2	1	298784	115
Chi_P10_2	1	298784	98
Chi_P10_2	1	298784	103
Chi_P10_2	1	298784	111
Chi_P10_2	1	298784	156
Chi_P10_2	1	298784	67
Chi_P10_2	1	298784	56
Chi_P10_2	1	298784	110
Chi_P10_2	1	298784	84
Chi_P10_2	1	298784	80
Chi_P10_2	1	298784	50
Chi_P10_2	1	298784	244
Chi_P10_2	1	298784	191
Chi_P10_2	1	298784	76
Chi_P10_2	1	298784	67
Chi_P10_2	2	346635	73
Chi_P10_2	2	346635	46
Chi_P10_2	2	346635	206
Chi_P10_2	2	346635	10
Chi_P10_2	2	346635	126
Chi_P10_2	2	346635	108
Chi_P10_2	2	346635	77
Chi_P10_2	2	346635	184
Chi_P10_2	2	346635	176
Chi_P10_2	2	346635	114
Chi_P10_2	2	346635	83
Chi_P10_2	2	346635	47
Chi_P10_2	2	346635	128
Chi_P10_2	2	346635	198
Chi_P10_2	2	346635	188
Chi_P10_2	2	346635	131
Chi_P10_2	2	346635	342
Chi_P10_2	2	346635	97
Chi_P10_2	2	346635	55
Chi_P10_2	2	346635	137
Chi_P10_2	2	346635	156
Chi_P10_2	2	346635	90
Chi_P10_2	2	346635	117
Chi_P10_2	2	346635	289
Chi_P10_2	2	346635	80
Chi_P10_2	2	346635	42
Chi_P10_2	2	346635	37
Chi_P10_2	2	346635	28
Chi_P10_2	2	346635	109
Chi_P10_2	2	346635	56
Chi_P10_2	2	346635	94
Chi_P10_2	2	346635	40
Chi_P10_2	2	346635	82
Chi_P10_2	2	346635	107
Chi_P10_2	2	346635	80
Chi_P10_2	2	346635	125
Chi_P10_2	2	346635	94
Chi_P10_2	2	346635	144
Chi_P10_2	2	346635	157
Chi_P10_2	2	346635	105
Chi_P10_2	2	346635	92
Chi_P10_2	2	346635	60
Chi_P10_2	2	346635	37
Chi_P10_2	2	346635	168
Chi_P10_2	2	346635	119
Chi_P10_2	2	346635	78
Chi_P10_2	2	346635	196
Chi_P10_2	2	346635	58
Chi_P10_2	2	346635	77
Chi_P10_2	2	346635	105
Chi_P10_2	2	346635	72
Chi_P10_2	2	346635	119
Chi_P10_2	2	346635	82
Chi_P10_2	2	346635	202
Chi_P10_2	2	346635	85
Chi_P10_2	2	346635	129
Chi_P10_2	2	346635	134
Chi_P10_2	2	346635	105
Chi_P10_2	2	346635	101
Chi_P10_2	2	346635	166
Chi_P10_2	2	346635	29
Chi_P10_2	2	346635	91
Chi_P10_2	2	346635	145
Chi_P10_2	2	346635	80
Chi_P10_2	2	346635	90
Chi_P10_2	2	346635	113
Chi_P10_2	2	346635	96
Chi_P10_2	2	346635	54
Chi_P10_2	2	346635	101
Chi_P10_2	2	346635	23
Chi_P10_2	2	346635	47
Chi_P10_2	2	346635	64
Chi_P10_2	2	346635	92
Chi_P10_2	2	346635	86
Chi_P10_2	2	346635	109
Chi_P10_2	2	346635	86
Chi_P10_2	2	346635	102
Chi_P10_2	2	346635	76
Chi_P10_2	2	346635	153
Chi_P10_2	2	346635	36
Chi_P10_2	2	346635	180
Chi_P10_2	2	346635	147
Chi_P10_2	2	346635	76
Chi_P10_2	2	346635	141
Chi_P10_2	2	346635	72
Chi_P10_2	2	346635	126
Chi_P10_2	2	346635	72
Chi_P10_2	2	346635	76
Chi_P10_2	2	346635	87
Chi_P10_2	2	346635	64
Chi_P10_2	2	346635	82
Chi_P10_2	2	346635	74
Chi_P10_2	2	346635	106
Chi_P10_2	2	346635	115
Chi_P10_2	2	346635	65
Chi_P10_2	2	346635	107
Chi_P10_2	2	346635	281
Chi_P10_2	2	346635	12
Chi_P10_2	2	346635	303
Chi_P10_2	2	346635	144
Chi_P10_2	2	346635	76
Chi_P10_2	2	346635	66
Chi_P10_2	2	346635	168
Chi_P10_2	2	346635	54
Chi_P10_2	2	346635	94
Chi_P10_2	2	346635	18
Chi_P10_2	2	346635	122
Chi_P10_2	2	346635	114
Chi_P10_2	2	346635	142
Chi_P10_2	2	346635	155
Chi_P10_2	2	346635	105
Chi_P10_2	2	346635	113
Chi_P10_2	2	346635	112
Chi_P10_2	2	346635	237
Chi_P10_2	2	346635	156
Chi_P10_2	2	346635	83
Chi_P10_2	2	346635	169
Chi_P10_2	2	346635	145
Chi_P10_2	2	346635	110
Chi_P10_2	2	346635	79
Chi_P10_2	2	346635	135
Chi_P10_2	2	346635	95
Chi_P10_2	2	346635	108
Chi_P10_2	2	346635	85
Chi_P10_2	2	346635	54
Chi_P10_2	2	346635	70
Chi_P10_2	2	346635	75
Chi_P10_2	2	346635	68
Chi_P10_2	2	346635	102
Chi_P10_2	2	346635	106
Chi_P10_2	2	346635	225
Chi_P10_2	2	346635	130
Chi_P10_2	2	346635	128
Chi_P10_2	2	346635	109
Chi_P10_2	2	346635	41
Chi_P10_2	2	346635	200
Chi_P10_2	2	346635	162
Chi_P10_2	2	346635	42
Chi_P10_2	2	346635	140
Chi_P10_2	2	346635	150
Chi_P10_2	2	346635	139
Chi_P10_2	2	346635	199
Chi_P10_2	2	346635	140
Chi_P10_2	2	346635	93
Chi_P10_2	2	346635	50
Chi_P10_2	2	346635	83
Chi_P10_2	2	346635	82
Chi_P10_2	2	346635	93
Chi_P10_2	2	346635	16
Chi_P10_2	2	346635	70
Chi_P10_2	2	346635	114
Chi_P10_2	2	346635	73
Chi_P10_2	2	346635	83
Chi_P10_2	3	321562	94
Chi_P10_2	3	321562	47
Chi_P10_2	3	321562	94
Chi_P10_2	3	321562	21
Chi_P10_2	3	321562	60
Chi_P10_2	3	321562	40
Chi_P10_2	3	321562	93
Chi_P10_2	3	321562	119
Chi_P10_2	3	321562	217
Chi_P10_2	3	321562	113
Chi_P10_2	3	321562	57
Chi_P10_2	3	321562	79
Chi_P10_2	3	321562	54
Chi_P10_2	3	321562	93
Chi_P10_2	3	321562	24
Chi_P10_2	3	321562	135
Chi_P10_2	3	321562	112
Chi_P10_2	3	321562	44
Chi_P10_2	3	321562	174
Chi_P10_2	3	321562	132
Chi_P10_2	3	321562	130
Chi_P10_2	3	321562	134
Chi_P10_2	3	321562	171
Chi_P10_2	3	321562	78
Chi_P10_2	3	321562	66
Chi_P10_2	3	321562	61
Chi_P10_2	3	321562	67
Chi_P10_2	3	321562	34
Chi_P10_2	3	321562	21
Chi_P10_2	3	321562	31
Chi_P10_2	3	321562	145
Chi_P10_2	3	321562	69
Chi_P10_2	3	321562	113
Chi_P10_2	3	321562	101
Chi_P10_2	3	321562	120
Chi_P10_2	3	321562	63
Chi_P10_2	3	321562	121
Chi_P10_2	3	321562	82
Chi_P10_2	3	321562	131
Chi_P10_2	3	321562	140
Chi_P10_2	3	321562	48
Chi_P10_2	3	321562	96
Chi_P10_2	3	321562	77
Chi_P10_2	3	321562	97
Chi_P10_2	3	321562	72
Chi_P10_2	3	321562	73
Chi_P10_2	3	321562	151
Chi_P10_2	3	321562	116
Chi_P10_2	3	321562	168
Chi_P10_2	3	321562	88
Chi_P10_2	3	321562	153
Chi_P10_2	3	321562	95
Chi_P10_2	3	321562	146
Chi_P10_2	3	321562	19
Chi_P10_2	3	321562	76
Chi_P10_2	3	321562	47
Chi_P10_2	3	321562	119
Chi_P10_2	3	321562	41
Chi_P10_2	3	321562	143
Chi_P10_2	3	321562	114
Chi_P10_2	3	321562	200
Chi_P10_2	3	321562	111
Chi_P10_2	3	321562	13
Chi_P10_2	3	321562	91
Chi_P10_2	3	321562	75
Chi_P10_2	3	321562	116
Chi_P10_2	3	321562	146
Chi_P10_2	3	321562	113
Chi_P10_2	3	321562	111
Chi_P10_2	3	321562	151
Chi_P10_2	3	321562	74
Chi_P10_2	3	321562	87
Chi_P10_2	3	321562	189
Chi_P10_2	3	321562	145
Chi_P10_2	3	321562	72
Chi_P10_2	3	321562	178
Chi_P10_2	3	321562	108
Chi_P10_2	3	321562	232
Chi_P10_2	3	321562	84
Chi_P10_2	3	321562	102
Chi_P10_2	3	321562	60
Chi_P10_2	3	321562	128
Chi_P10_2	3	321562	111
Chi_P10_2	3	321562	210
Chi_P10_2	3	321562	124
Chi_P10_2	3	321562	66
Chi_P10_2	3	321562	228
Chi_P10_2	3	321562	107
Chi_P10_2	3	321562	149
Chi_P10_2	3	321562	10
Chi_P10_2	3	321562	182
Chi_P10_2	3	321562	118
Chi_P10_2	3	321562	44
Chi_P10_2	3	321562	28
Chi_P10_2	3	321562	45
Chi_P10_2	3	321562	466
Chi_P10_2	3	321562	196
Chi_P10_2	3	321562	105
Chi_P10_2	3	321562	112
Chi_P10_2	3	321562	184
Chi_P10_2	3	321562	168
Chi_P10_2	3	321562	108
Chi_P10_2	3	321562	65
Chi_P10_2	3	321562	72
Chi_P10_2	3	321562	90
Chi_P10_2	3	321562	171
Chi_P10_2	3	321562	78
Chi_P10_2	3	321562	58
Chi_P10_2	3	321562	258
Chi_P10_2	3	321562	63
Chi_P10_2	3	321562	106
Chi_P10_2	3	321562	158
Chi_P10_2	4	361143	65
Chi_P10_2	4	361143	33
Chi_P10_2	4	361143	34
Chi_P10_2	4	361143	84
Chi_P10_2	4	361143	57
Chi_P10_2	4	361143	53
Chi_P10_2	4	361143	53
Chi_P10_2	4	361143	40
Chi_P10_2	4	361143	74
Chi_P10_2	4	361143	26
Chi_P10_2	4	361143	29
Chi_P10_2	4	361143	32
Chi_P10_2	4	361143	56
Chi_P10_2	4	361143	22
Chi_P10_2	4	361143	56
Chi_P10_2	4	361143	30
Chi_P10_2	4	361143	31
Chi_P10_2	4	361143	118
Chi_P10_2	4	361143	74
Chi_P10_2	4	361143	36
Chi_P10_2	4	361143	48
Chi_P10_2	4	361143	73
Chi_P10_2	4	361143	80
Chi_P10_2	4	361143	64
Chi_P10_2	4	361143	21
Chi_P10_2	4	361143	116
Chi_P10_2	4	361143	24
Chi_P10_2	4	361143	41
Chi_P10_2	4	361143	66
Chi_P10_2	4	361143	58
Chi_P10_2	4	361143	57
Chi_P10_2	4	361143	36
Chi_P10_2	4	361143	89
Chi_P10_2	4	361143	104
Chi_P10_2	4	361143	26
Chi_P10_2	4	361143	83
Chi_P10_2	4	361143	51
Chi_P10_2	4	361143	83
Chi_P10_2	4	361143	61
Chi_P10_2	4	361143	49
Chi_P10_2	4	361143	60
Chi_P10_2	4	361143	54
Chi_P10_2	4	361143	101
Chi_P10_2	4	361143	39
Chi_P10_2	4	361143	81
Chi_P10_2	4	361143	92
Chi_P10_2	4	361143	66
Chi_P10_2	4	361143	65
Chi_P10_2	4	361143	64
Chi_P10_2	4	361143	41
Chi_P10_2	4	361143	58
Chi_P10_2	4	361143	140
Chi_P10_2	4	361143	36
Chi_P10_2	4	361143	47
Chi_P10_2	4	361143	75
Chi_P10_2	4	361143	81
Chi_P10_2	4	361143	24
Chi_P10_2	4	361143	48
Chi_P10_2	4	361143	64
Chi_P10_2	4	361143	105
Chi_P10_2	4	361143	21
Chi_P10_2	4	361143	12
Chi_P10_2	4	361143	54
Chi_P10_2	4	361143	31
Chi_P10_2	4	361143	66
Chi_P10_2	4	361143	69
Chi_P10_2	4	361143	73
Chi_P10_2	4	361143	72
Chi_P10_2	4	361143	23
Chi_P10_2	4	361143	41
Chi_P10_2	4	361143	93
Chi_P10_2	4	361143	45
Chi_P10_2	4	361143	45
Chi_P10_2	4	361143	41
Chi_P10_2	4	361143	85
Chi_P10_2	4	361143	78
Chi_P10_2	4	361143	24
Chi_P10_2	4	361143	90
Chi_P10_2	4	361143	142
Chi_P10_2	4	361143	16
Chi_P10_2	4	361143	137
Chi_P10_2	4	361143	20
Chi_P10_2	4	361143	54
Chi_P10_2	4	361143	147
Chi_P10_2	4	361143	79
Chi_P10_2	4	361143	84
Chi_P10_2	4	361143	70
Chi_P10_2	4	361143	92
Chi_P10_2	4	361143	146
Chi_P10_2	4	361143	56
Chi_P10_2	4	361143	66
Chi_P10_2	4	361143	103
Chi_P10_2	4	361143	108
Chi_P10_2	4	361143	102
Chi_P10_2	4	361143	92
Chi_P10_2	4	361143	48
Chi_P10_2	4	361143	64
Chi_P10_2	4	361143	57
Chi_P10_2	4	361143	130
Chi_P10_2	4	361143	42
Chi_P10_2	4	361143	52
Chi_P10_2	4	361143	68
Chi_P10_2	4	361143	54
Chi_P10_2	4	361143	128
Chi_P10_2	4	361143	147
Chi_P10_2	4	361143	74
Chi_P10_2	4	361143	34
Chi_P10_2	4	361143	52
Chi_P10_2	4	361143	113
Chi_P10_2	4	361143	60
Chi_P10_2	4	361143	87
Chi_P10_2	4	361143	255
Chi_P10_2	4	361143	123
Chi_P10_2	4	361143	148
Chi_P10_2	4	361143	88
Chi_P10_2	4	361143	141
Chi_P10_2	4	361143	78
Chi_P10_2	4	361143	129
Chi_P10_2	4	361143	131
Chi_P10_2	4	361143	67
Chi_P10_2	4	361143	155
Chi_P10_2	4	361143	69
Chi_P10_2	4	361143	117
Chi_P10_2	4	361143	66
Chi_P10_2	4	361143	71
Chi_P10_2	4	361143	115
Chi_P10_2	4	361143	78
Chi_P10_2	4	361143	54
Chi_P10_2	4	361143	94
Chi_P10_2	4	361143	45
Chi_P10_2	4	361143	199
Chi_P10_2	4	361143	135
Chi_P10_2	4	361143	111
Chi_P10_2	4	361143	108
Chi_P10_2	4	361143	44
Chi_P10_2	4	361143	103
Chi_P10_2	4	361143	265
Chi_P10_2	4	361143	87
Chi_P10_2	4	361143	148
Chi_P10_2	4	361143	133
Chi_P10_2	4	361143	104
Chi_P10_2	4	361143	62
Chi_P10_2	4	361143	81
Chi_P10_2	4	361143	182
Chi_P10_2	4	361143	30
Chi_P10_2	5	342959	57
Chi_P10_2	5	342959	106
Chi_P10_2	5	342959	120
Chi_P10_2	5	342959	141
Chi_P10_2	5	342959	118
Chi_P10_2	5	342959	107
Chi_P10_2	5	342959	235
Chi_P10_2	5	342959	166
Chi_P10_2	5	342959	104
Chi_P10_2	5	342959	174
Chi_P10_2	5	342959	139
Chi_P10_2	5	342959	146
Chi_P10_2	5	342959	81
Chi_P10_2	5	342959	125
Chi_P10_2	5	342959	214
Chi_P10_2	5	342959	203
Chi_P10_2	5	342959	385
Chi_P10_2	5	342959	163
Chi_P10_2	5	342959	123
Chi_P10_2	5	342959	127
Chi_P10_2	5	342959	103
Chi_P10_2	5	342959	101
Chi_P10_2	5	342959	126
Chi_P10_2	5	342959	206
Chi_P10_2	5	342959	138
Chi_P10_2	5	342959	104
Chi_P10_2	5	342959	112
Chi_P10_2	5	342959	58
Chi_P10_2	5	342959	101
Chi_P10_2	5	342959	299
Chi_P10_2	5	342959	112
Chi_P10_2	5	342959	61
Chi_P10_2	5	342959	122
Chi_P10_2	5	342959	114
Chi_P10_2	5	342959	127
Chi_P10_2	5	342959	94
Chi_P10_2	5	342959	106
Chi_P10_2	5	342959	121
Chi_P10_2	5	342959	161
Chi_P10_2	5	342959	83
Chi_P10_2	5	342959	189
Chi_P10_2	5	342959	118
Chi_P10_2	5	342959	176
Chi_P10_2	5	342959	228
Chi_P10_2	5	342959	197
Chi_P10_2	5	342959	70
Chi_P10_2	5	342959	52
Chi_P10_2	5	342959	180
Chi_P10_2	5	342959	92
Chi_P10_2	5	342959	179
Chi_P10_2	5	342959	203
Chi_P10_2	5	342959	208
Chi_P10_2	5	342959	181
Chi_P10_2	5	342959	92
Chi_P10_2	5	342959	124
Chi_P10_2	5	342959	71
Chi_P10_2	5	342959	114
Chi_P10_2	5	342959	73
Chi_P10_2	5	342959	159
Chi_P10_2	5	342959	120
Chi_P10_2	5	342959	272
Chi_P10_2	5	342959	445
Chi_P10_2	5	342959	158
Chi_P10_2	5	342959	121
Chi_P10_2	5	342959	60
Chi_P10_2	5	342959	134
Chi_P10_2	5	342959	52
Chi_P10_2	5	342959	267
Chi_P10_2	5	342959	128
Chi_P10_2	5	342959	131
Chi_P10_2	5	342959	80
Chi_P10_2	5	342959	107
Chi_P10_2	5	342959	102
Chi_P10_2	5	342959	149
Chi_P10_2	5	342959	147
Chi_P10_2	5	342959	205
Chi_P10_2	5	342959	150
Chi_P10_2	5	342959	106
Chi_P10_2	5	342959	49
Chi_P10_2	5	342959	73
Chi_P10_2	5	342959	76
Chi_P10_2	5	342959	135
Chi_P10_2	5	342959	85
Chi_P10_2	5	342959	127
Chi_P10_2	5	342959	99
Chi_P10_2	5	342959	72
Chi_P10_2	5	342959	113
Chi_P10_2	5	342959	108
Chi_P10_2	5	342959	102
Chi_P10_2	5	342959	171
Chi_P10_2	5	342959	125
Chi_P10_2	5	342959	513
Chi_P10_2	5	342959	26
Chi_P10_2	5	342959	301
Chi_P10_2	5	342959	98
Chi_P10_2	5	342959	96
Chi_P10_2	5	342959	101
Chi_P10_2	5	342959	144
Chi_P10_2	5	342959	62
Chi_P10_2	5	342959	105
Chi_P10_2	5	342959	75
Chi_P10_2	5	342959	143
Chi_P10_2	5	342959	65
Chi_P10_2	5	342959	91
Chi_P10_2	5	342959	161
Chi_P10_2	5	342959	96
Chi_P10_2	5	342959	143
Chi_P10_2	5	342959	27
Chi_P10_2	5	342959	136
Chi_P10_2	5	342959	200
Chi_P10_2	5	342959	283
Chi_P10_2	5	342959	74
Chi_P10_2	5	342959	94
Chi_P10_2	5	342959	63
Chi_P10_2	5	342959	139
Chi_P10_2	5	342959	64
Chi_P10_2	5	342959	140
Chi_P10_2	5	342959	56
Chi_P10_2	5	342959	18
Chi_P10_2	5	342959	132
Chi_P10_2	5	342959	141
Chi_P10_2	5	342959	138
Chi_P10_2	5	342959	124
Chi_P10_2	5	342959	188
Chi_P10_2	5	342959	170
Chi_P10_2	5	342959	220
Chi_P10_2	5	342959	64
Chi_P10_2	5	342959	134
Chi_P10_2	5	342959	161
Chi_P10_2	5	342959	67
Chi_P10_2	5	342959	111
Chi_P10_2	5	342959	79
Chi_P10_2	5	342959	145
Chi_P10_2	5	342959	102
Chi_P10_2	5	342959	133
Chi_P10_2	5	342959	122
Chi_P10_2	5	342959	153
Chi_P10_2	5	342959	139
Chi_P10_2	5	342959	66
Chi_P10_2	5	342959	118
Chi_P10_2	5	342959	227
Chi_P10_2	5	342959	190
Chi_P10_2	5	342959	342
Chi_P10_2	5	342959	77
Chi_P10_2	5	342959	90
Chi_P10_2	5	342959	75
Chi_P10_2	5	342959	76
Chi_P10_2	5	342959	96
Chi_P10_2	5	342959	202
Chi_P10_2	5	342959	92
Chi_P10_2	5	342959	115
Chi_P10_2	5	342959	167
Chi_P10_2	5	342959	86
Chi_P10_2	5	342959	193
Chi_P10_2	5	342959	183
Chi_P10_2	5	342959	94
Chi_P10_2	6	316764	68
Chi_P10_2	6	316764	98
Chi_P10_2	6	316764	67
Chi_P10_2	6	316764	35
Chi_P10_2	6	316764	71
Chi_P10_2	6	316764	74
Chi_P10_2	6	316764	73
Chi_P10_2	6	316764	58
Chi_P10_2	6	316764	82
Chi_P10_2	6	316764	77
Chi_P10_2	6	316764	84
Chi_P10_2	6	316764	114
Chi_P10_2	6	316764	97
Chi_P10_2	6	316764	173
Chi_P10_2	6	316764	116
Chi_P10_2	6	316764	68
Chi_P10_2	6	316764	53
Chi_P10_2	6	316764	63
Chi_P10_2	6	316764	108
Chi_P10_2	6	316764	130
Chi_P10_2	6	316764	89
Chi_P10_2	6	316764	108
Chi_P10_2	6	316764	35
Chi_P10_2	6	316764	94
Chi_P10_2	6	316764	46
Chi_P10_2	6	316764	128
Chi_P10_2	6	316764	79
Chi_P10_2	6	316764	125
Chi_P10_2	6	316764	144
Chi_P10_2	6	316764	40
Chi_P10_2	6	316764	125
Chi_P10_2	6	316764	364
Chi_P10_2	6	316764	124
Chi_P10_2	6	316764	213
Chi_P10_2	6	316764	200
Chi_P10_2	6	316764	84
Chi_P10_2	6	316764	93
Chi_P10_2	6	316764	27
Chi_P10_2	6	316764	46
Chi_P10_2	6	316764	33
Chi_P10_2	6	316764	85
Chi_P10_2	6	316764	93
Chi_P10_2	6	316764	49
Chi_P10_2	6	316764	122
Chi_P10_2	6	316764	179
Chi_P10_2	6	316764	72
Chi_P10_2	6	316764	177
Chi_P10_2	6	316764	151
Chi_P10_2	6	316764	111
Chi_P10_2	6	316764	101
Chi_P10_2	6	316764	34
Chi_P10_2	6	316764	131
Chi_P10_2	6	316764	213
Chi_P10_2	6	316764	131
Chi_P10_2	6	316764	131
Chi_P10_2	6	316764	61
Chi_P10_2	6	316764	79
Chi_P10_2	6	316764	135
Chi_P10_2	6	316764	48
Chi_P10_2	6	316764	150
Chi_P10_2	6	316764	62
Chi_P10_2	6	316764	214
Chi_P10_2	6	316764	111
Chi_P10_2	6	316764	118
Chi_P10_2	6	316764	61
Chi_P10_2	6	316764	106
Chi_P10_2	6	316764	111
Chi_P10_2	6	316764	89
Chi_P10_2	6	316764	178
Chi_P10_2	6	316764	157
Chi_P10_2	6	316764	144
Chi_P10_2	6	316764	86
Chi_P10_2	6	316764	120
Chi_P10_2	6	316764	122
Chi_P10_2	6	316764	99
Chi_P10_2	6	316764	161
Chi_P10_2	6	316764	148
Chi_P10_2	6	316764	106
Chi_P10_2	6	316764	61
Chi_P10_2	6	316764	112
Chi_P10_2	6	316764	95
Chi_P10_2	6	316764	90
Chi_P10_2	6	316764	37
Chi_P10_2	6	316764	52
Chi_P10_2	6	316764	232
Chi_P10_2	6	316764	28
Chi_P10_2	6	316764	134
Chi_P10_2	6	316764	99
Chi_P10_2	6	316764	69
Chi_P10_2	6	316764	170
Chi_P10_2	6	316764	92
Chi_P10_2	6	316764	53
Chi_P10_2	6	316764	26
Chi_P10_2	6	316764	32
Chi_P10_2	6	316764	204
Chi_P10_2	6	316764	61
Chi_P10_2	6	316764	64
Chi_P10_2	6	316764	68
Chi_P10_2	6	316764	23
Chi_P10_2	6	316764	234
Chi_P10_2	6	316764	77
Chi_P10_2	6	316764	51
Chi_P10_2	6	316764	13
Chi_P10_2	6	316764	161
Chi_P10_2	6	316764	68
Chi_P10_2	6	316764	123
Chi_P10_2	6	316764	75
Chi_P10_2	6	316764	54
Chi_P10_2	6	316764	73
Chi_P10_2	6	316764	60
Chi_P10_2	6	316764	42
Chi_P10_2	6	316764	94
Chi_P10_2	6	316764	210
Chi_P10_2	6	316764	128
Chi_P10_2	6	316764	16
Chi_P10_2	6	316764	16
Chi_P10_2	6	316764	107
Chi_P10_2	6	316764	62
Chi_P10_2	6	316764	51
Chi_P10_2	6	316764	166
Chi_P10_2	6	316764	49
Chi_P10_2	6	316764	74
Chi_P10_2	6	316764	69
Chi_P10_2	6	316764	96
Chi_P10_2	6	316764	153
Chi_P10_2	6	316764	139
Chi_P10_2	6	316764	138
Chi_P10_2	6	316764	83
Chi_P10_2	6	316764	57
Chi_P10_2	6	316764	62
Chi_P10_2	6	316764	137
Chi_P10_2	6	316764	70
Chi_P10_2	6	316764	72
Chi_P10_2	6	316764	219
Chi_P10_2	6	316764	174
Chi_P10_2	6	316764	123
Chi_P10_2	6	316764	33
Chi_P10_2	6	316764	123
Chi_P10_2	6	316764	97
Chi_P10_2	6	316764	46
Chi_P10_2	6	316764	63
Chi_P10_2	6	316764	66
Chi_P10_2	6	316764	60
Chi_P10_2	6	316764	97
Chi_P10_2	6	316764	29
Chi_P10_2	6	316764	188
Chi_P10_2	6	316764	60
Chi_P10_2	6	316764	16
Chi_P10_2	6	316764	86
Chi_P10_2	6	316764	118
Chi_P10_2	6	316764	116
Chi_P10_2	6	316764	133
Chi_P10_2	6	316764	178
Chi_P10_2	6	316764	88
Chi_P10_2	6	316764	104
Chi_P10_2	6	316764	30
Chi_P10_2	6	316764	24
Chi_P10_2	6	316764	160
Chi_P10_2	6	316764	112
Chi_P10_2	6	316764	134
Chi_P10_2	6	316764	144
Chi_P10_2	6	316764	97
Chi_P10_2	6	316764	117
Chi_P10_2	7	339376	184
Chi_P10_2	7	339376	356
Chi_P10_2	7	339376	187
Chi_P10_2	7	339376	158
Chi_P10_2	7	339376	59
Chi_P10_2	7	339376	131
Chi_P10_2	7	339376	125
Chi_P10_2	7	339376	315
Chi_P10_2	7	339376	331
Chi_P10_2	7	339376	79
Chi_P10_2	7	339376	81
Chi_P10_2	7	339376	121
Chi_P10_2	7	339376	165
Chi_P10_2	7	339376	225
Chi_P10_2	7	339376	69
Chi_P10_2	7	339376	94
Chi_P10_2	7	339376	178
Chi_P10_2	7	339376	242
Chi_P10_2	7	339376	237
Chi_P10_2	7	339376	64
Chi_P10_2	7	339376	132
Chi_P10_2	7	339376	163
Chi_P10_2	7	339376	157
Chi_P10_2	7	339376	136
Chi_P10_2	7	339376	352
Chi_P10_2	7	339376	231
Chi_P10_2	7	339376	325
Chi_P10_2	7	339376	197
Chi_P10_2	7	339376	114
Chi_P10_2	7	339376	224
Chi_P10_2	7	339376	114
Chi_P10_2	7	339376	115
Chi_P10_2	7	339376	57
Chi_P10_2	7	339376	245
Chi_P10_2	7	339376	130
Chi_P10_2	7	339376	163
Chi_P10_2	7	339376	447
Chi_P10_2	7	339376	185
Chi_P10_2	7	339376	202
Chi_P10_2	7	339376	228
Chi_P10_2	7	339376	153
Chi_P10_2	7	339376	244
Chi_P10_2	7	339376	109
Chi_P10_2	7	339376	171
Chi_P10_2	7	339376	128
Chi_P10_2	7	339376	158
Chi_P10_2	7	339376	108
Chi_P10_2	7	339376	390
Chi_P10_2	7	339376	181
Chi_P10_2	7	339376	316
Chi_P10_2	7	339376	15
Chi_P10_2	7	339376	270
Chi_P10_2	7	339376	516
Chi_P10_2	7	339376	123
Chi_P10_2	7	339376	128
Chi_P10_2	7	339376	114
Chi_P10_2	7	339376	132
Chi_P10_2	7	339376	137
Chi_P10_2	7	339376	143
Chi_P10_2	7	339376	178
Chi_P10_2	7	339376	110
Chi_P10_2	7	339376	142
Chi_P10_2	7	339376	200
Chi_P10_2	7	339376	106
Chi_P10_2	7	339376	100
Chi_P10_2	7	339376	107
Chi_P10_2	7	339376	88
Chi_P10_2	7	339376	65
Chi_P10_2	7	339376	178
Chi_P10_2	7	339376	136
Chi_P10_2	7	339376	142
Chi_P10_2	7	339376	122
Chi_P10_2	7	339376	109
Chi_P10_2	7	339376	81
Chi_P10_2	7	339376	59
Chi_P10_2	7	339376	58
Chi_P10_2	7	339376	101
Chi_P10_2	7	339376	72
Chi_P10_2	7	339376	41
Chi_P10_2	7	339376	105
Chi_P10_2	7	339376	329
Chi_P10_2	7	339376	147
Chi_P10_2	7	339376	103
Chi_P10_2	7	339376	119
Chi_P10_2	7	339376	48
Chi_P10_2	7	339376	118
Chi_P10_2	7	339376	150
Chi_P10_2	7	339376	67
Chi_P10_2	7	339376	125
Chi_P10_2	7	339376	124
Chi_P10_2	7	339376	90
Chi_P10_2	7	339376	80
Chi_P10_2	7	339376	104
Chi_P10_2	7	339376	91
Chi_P10_2	7	339376	102
Chi_P10_2	7	339376	142
Chi_P10_2	7	339376	173
Chi_P10_2	7	339376	121
Chi_P10_2	7	339376	230
Chi_P10_2	7	339376	129
Chi_P10_2	7	339376	154
Chi_P10_2	7	339376	110
Chi_P10_2	7	339376	189
Chi_P10_2	7	339376	72
Chi_P10_2	7	339376	188
Chi_P10_2	7	339376	61
Chi_P10_2	7	339376	114
Chi_P10_2	7	339376	204
Chi_P10_2	7	339376	183
Chi_P10_2	7	339376	112
Chi_P10_2	7	339376	130
Chi_P10_2	7	339376	268
Chi_P10_2	7	339376	98
Chi_P10_2	7	339376	170
Chi_P10_2	7	339376	128
Chi_P10_2	7	339376	123
Chi_P10_2	7	339376	88
Chi_P10_2	7	339376	81
Chi_P10_2	7	339376	60
Chi_P10_2	7	339376	143
Chi_P10_2	7	339376	103
Chi_P10_2	7	339376	203
Chi_P10_2	7	339376	84
Chi_P10_2	7	339376	63
Chi_P10_2	7	339376	97
Chi_P10_2	7	339376	142
Chi_P10_2	7	339376	59
Chi_P10_2	7	339376	56
Chi_P10_2	7	339376	53
Chi_P10_2	7	339376	20
Chi_P10_2	7	339376	142
Chi_P10_2	7	339376	33
Chi_P10_2	7	339376	251
Chi_P10_2	7	339376	50
Chi_P10_2	7	339376	28
Chi_P10_2	7	339376	131
Chi_P10_2	7	339376	91
Chi_P10_2	7	339376	126
Chi_P10_2	7	339376	217
Chi_P10_2	7	339376	72
Chi_P10_2	7	339376	132
Chi_P10_2	7	339376	43
Chi_P10_2	7	339376	67
Chi_P10_2	7	339376	73
Chi_P10_2	7	339376	117
Chi_P10_2	7	339376	66
Chi_P10_2	7	339376	64
Chi_P10_2	7	339376	90
Chi_P10_2	7	339376	73
Chi_P10_2	7	339376	108
Chi_P10_2	7	339376	131
Chi_P10_2	7	339376	28
Chi_P10_2	7	339376	117
Chi_P10_2	7	339376	109
Chi_P10_2	7	339376	64
Chi_P10_2	7	339376	101
Chi_P10_2	7	339376	85
Chi_P10_2	7	339376	89
Chi_P10_2	7	339376	255
Chi_P10_2	7	339376	157
Chi_P10_2	7	339376	149
Chi_P10_2	7	339376	139
Chi_P10_2	7	339376	200
Chi_P10_2	7	339376	257
Chi_P10_2	7	339376	140
Chi_P10_2	7	339376	122
Chi_P10_2	7	339376	95
Chi_P10_2	7	339376	115
Chi_P10_2	7	339376	155
Chi_P10_2	7	339376	414
Chi_P10_2	7	339376	119
Chi_P10_2	7	339376	195
Chi_P10_2	7	339376	54
Chi_P10_2	7	339376	80
Chi_P10_2	7	339376	162
Chi_P10_2	7	339376	224
Chi_P10_2	7	339376	92
Chi_P10_2	7	339376	150
Chi_P10_2	7	339376	78
Chi_P10_2	7	339376	80
Chi_P10_2	8	370522	114
Chi_P10_2	8	370522	226
Chi_P10_2	8	370522	229
Chi_P10_2	8	370522	113
Chi_P10_2	8	370522	147
Chi_P10_2	8	370522	65
Chi_P10_2	8	370522	146
Chi_P10_2	8	370522	125
Chi_P10_2	8	370522	218
Chi_P10_2	8	370522	134
Chi_P10_2	8	370522	126
Chi_P10_2	8	370522	105
Chi_P10_2	8	370522	154
Chi_P10_2	8	370522	104
Chi_P10_2	8	370522	52
Chi_P10_2	8	370522	163
Chi_P10_2	8	370522	86
Chi_P10_2	8	370522	105
Chi_P10_2	8	370522	28
Chi_P10_2	8	370522	55
Chi_P10_2	8	370522	68
Chi_P10_2	8	370522	118
Chi_P10_2	8	370522	330
Chi_P10_2	8	370522	53
Chi_P10_2	8	370522	201
Chi_P10_2	8	370522	167
Chi_P10_2	8	370522	94
Chi_P10_2	8	370522	47
Chi_P10_2	8	370522	125
Chi_P10_2	8	370522	66
Chi_P10_2	8	370522	71
Chi_P10_2	8	370522	79
Chi_P10_2	8	370522	162
Chi_P10_2	8	370522	29
Chi_P10_2	8	370522	277
Chi_P10_2	8	370522	96
Chi_P10_2	8	370522	129
Chi_P10_2	8	370522	139
Chi_P10_2	8	370522	34
Chi_P10_2	8	370522	170
Chi_P10_2	8	370522	144
Chi_P10_2	8	370522	57
Chi_P10_2	8	370522	77
Chi_P10_2	8	370522	81
Chi_P10_2	8	370522	168
Chi_P10_2	8	370522	260
Chi_P10_2	8	370522	54
Chi_P10_2	8	370522	217
Chi_P10_2	8	370522	78
Chi_P10_2	8	370522	89
Chi_P10_2	8	370522	98
Chi_P10_2	8	370522	128
Chi_P10_2	8	370522	97
Chi_P10_2	8	370522	194
Chi_P10_2	8	370522	198
Chi_P10_2	8	370522	88
Chi_P10_2	8	370522	122
Chi_P10_2	8	370522	156
Chi_P10_2	8	370522	104
Chi_P10_2	8	370522	161
Chi_P10_2	8	370522	158
Chi_P10_2	8	370522	149
Chi_P10_2	8	370522	135
Chi_P10_2	8	370522	185
Chi_P10_2	8	370522	74
Chi_P10_2	8	370522	98
Chi_P10_2	8	370522	66
Chi_P10_2	8	370522	88
Chi_P10_2	8	370522	172
Chi_P10_2	8	370522	74
Chi_P10_2	8	370522	83
Chi_P10_2	8	370522	94
Chi_P10_2	8	370522	404
Chi_P10_2	8	370522	156
Chi_P10_2	8	370522	124
Chi_P10_2	8	370522	89
Chi_P10_2	8	370522	90
Chi_P10_2	8	370522	96
Chi_P10_2	8	370522	193
Chi_P10_2	8	370522	124
Chi_P10_2	8	370522	11
Chi_P10_2	8	370522	194
Chi_P10_2	8	370522	86
Chi_P10_2	8	370522	38
Chi_P10_2	8	370522	37
Chi_P10_2	8	370522	93
Chi_P10_2	8	370522	188
Chi_P10_2	8	370522	131
Chi_P10_2	8	370522	376
Chi_P10_2	8	370522	111
Chi_P10_2	8	370522	58
Chi_P10_2	8	370522	93
Chi_P10_2	8	370522	223
Chi_P10_2	8	370522	71
Chi_P10_2	8	370522	92
Chi_P10_2	8	370522	244
Chi_P10_2	8	370522	81
Chi_P10_2	8	370522	110
Chi_P10_2	8	370522	141
Chi_P10_2	8	370522	120
Chi_P10_2	8	370522	115
Chi_P10_2	8	370522	140
Chi_P10_2	8	370522	51
Chi_P10_2	8	370522	100
Chi_P10_2	8	370522	63
Chi_P10_2	8	370522	94
Chi_P10_2	8	370522	117
Chi_P10_2	8	370522	116
Chi_P10_2	8	370522	76
Chi_P10_2	8	370522	89
Chi_P10_2	8	370522	81
Chi_P10_2	8	370522	88
Chi_P10_2	8	370522	129
Chi_P10_2	8	370522	80
Chi_P10_2	8	370522	114
Chi_P10_2	8	370522	112
Chi_P10_2	8	370522	69
Chi_P10_2	8	370522	252
Chi_P10_2	8	370522	137
Chi_P10_2	8	370522	80
Chi_P10_2	8	370522	124
Chi_P10_2	8	370522	146
Chi_P10_2	8	370522	94
Chi_P10_2	8	370522	129
Chi_P10_2	8	370522	88
Chi_P10_2	8	370522	16
Chi_P10_2	8	370522	145
Chi_P10_2	8	370522	119
Chi_P10_2	8	370522	92
Chi_P10_2	8	370522	102
Chi_P10_2	8	370522	33
Chi_P10_2	8	370522	93
Chi_P10_2	8	370522	133
Chi_P10_2	8	370522	117
Chi_P10_2	8	370522	83
Chi_P10_2	8	370522	92
Chi_P10_2	8	370522	109
Chi_P10_2	8	370522	108
Chi_P10_2	8	370522	154
Chi_P10_2	8	370522	238
Chi_P10_2	8	370522	42
Chi_P10_2	8	370522	93
Chi_P10_2	8	370522	66
Chi_P10_2	8	370522	66
Chi_P10_2	8	370522	108
Chi_P10_2	8	370522	105
Chi_P10_2	8	370522	125
Chi_P10_2	8	370522	56
Chi_P10_2	8	370522	33
Chi_P10_2	8	370522	56
Chi_P10_2	8	370522	320
Chi_P10_2	8	370522	33
Chi_P10_2	8	370522	52
Chi_P10_2	8	370522	89
Chi_P10_2	8	370522	92
Chi_P10_2	8	370522	88
Chi_P10_2	8	370522	89
Chi_P10_2	8	370522	158
Chi_P10_2	8	370522	68
Chi_P10_2	8	370522	127
Chi_P10_2	8	370522	137
Chi_P10_2	8	370522	91
Chi_P10_2	8	370522	38
Chi_P10_2	8	370522	136
Chi_P10_2	8	370522	88
Chi_P10_2	8	370522	64
Chi_P10_2	8	370522	106
Chi_P10_2	8	370522	138
Chi_P10_2	8	370522	107
Chi_P10_2	8	370522	89
Chi_P10_2	8	370522	80
Chi_P10_2	8	370522	118
Chi_P10_2	8	370522	53
Chi_P10_2	8	370522	120
Chi_P10_2	8	370522	41
Chi_P10_2	8	370522	98
Chi_P10_2	8	370522	195
Chi_P10_2	8	370522	15
Chi_P10_2	8	370522	12
Chi_P10_2	8	370522	173
Chi_P10_2	8	370522	101
Chi_P10_2	8	370522	93
Chi_P10_2	8	370522	217
Chi_P10_2	8	370522	113
Chi_P10_2	8	370522	171
Chi_P10_2	8	370522	83
Chi_P10_2	8	370522	62
Chi_P10_2	8	370522	242
Chi_P10_2	8	370522	58
Chi_P10_2	9	400828	86
Chi_P10_2	9	400828	74
Chi_P10_2	9	400828	135
Chi_P10_2	9	400828	42
Chi_P10_2	9	400828	62
Chi_P10_2	9	400828	68
Chi_P10_2	9	400828	208
Chi_P10_2	9	400828	127
Chi_P10_2	9	400828	32
Chi_P10_2	9	400828	166
Chi_P10_2	9	400828	243
Chi_P10_2	9	400828	46
Chi_P10_2	9	400828	135
Chi_P10_2	9	400828	200
Chi_P10_2	9	400828	80
Chi_P10_2	9	400828	89
Chi_P10_2	9	400828	189
Chi_P10_2	9	400828	84
Chi_P10_2	9	400828	85
Chi_P10_2	9	400828	117
Chi_P10_2	9	400828	188
Chi_P10_2	9	400828	60
Chi_P10_2	9	400828	69
Chi_P10_2	9	400828	101
Chi_P10_2	9	400828	146
Chi_P10_2	9	400828	110
Chi_P10_2	9	400828	62
Chi_P10_2	9	400828	116
Chi_P10_2	9	400828	94
Chi_P10_2	9	400828	25
Chi_P10_2	9	400828	132
Chi_P10_2	9	400828	48
Chi_P10_2	9	400828	92
Chi_P10_2	9	400828	143
Chi_P10_2	9	400828	534
Chi_P10_2	9	400828	119
Chi_P10_2	9	400828	19
Chi_P10_2	9	400828	100
Chi_P10_2	9	400828	99
Chi_P10_2	9	400828	124
Chi_P10_2	9	400828	300
Chi_P10_2	9	400828	95
Chi_P10_2	9	400828	68
Chi_P10_2	9	400828	159
Chi_P10_2	9	400828	169
Chi_P10_2	9	400828	141
Chi_P10_2	9	400828	71
Chi_P10_2	9	400828	86
Chi_P10_2	9	400828	126
Chi_P10_2	9	400828	236
Chi_P10_2	9	400828	74
Chi_P10_2	9	400828	108
Chi_P10_2	9	400828	125
Chi_P10_2	9	400828	93
Chi_P10_2	9	400828	221
Chi_P10_2	9	400828	107
Chi_P10_2	9	400828	333
Chi_P10_2	9	400828	126
Chi_P10_2	9	400828	538
Chi_P10_2	9	400828	140
Chi_P10_2	9	400828	116
Chi_P10_2	9	400828	128
Chi_P10_2	9	400828	74
Chi_P10_2	9	400828	138
Chi_P10_2	9	400828	98
Chi_P10_2	9	400828	87
Chi_P10_2	9	400828	114
Chi_P10_2	9	400828	126
Chi_P10_2	9	400828	152
Chi_P10_2	9	400828	169
Chi_P10_2	9	400828	53
Chi_P10_2	9	400828	320
Chi_P10_2	9	400828	126
Chi_P10_2	9	400828	180
Chi_P10_2	9	400828	102
Chi_P10_2	9	400828	164
Chi_P10_2	9	400828	139
Chi_P10_2	9	400828	196
Chi_P10_2	9	400828	115
Chi_P10_2	9	400828	88
Chi_P10_2	9	400828	137
Chi_P10_2	9	400828	162
Chi_P10_2	9	400828	235
Chi_P10_2	9	400828	175
Chi_P10_2	9	400828	165
Chi_P10_2	9	400828	108
Chi_P10_2	9	400828	163
Chi_P10_2	9	400828	102
Chi_P10_2	9	400828	220
Chi_P10_2	9	400828	151
Chi_P10_2	9	400828	220
Chi_P10_2	9	400828	37
Chi_P10_2	9	400828	121
Chi_P10_2	9	400828	107
Chi_P10_2	9	400828	212
Chi_P10_2	9	400828	193
Chi_P10_2	9	400828	297
Chi_P10_2	9	400828	247
Chi_P10_2	9	400828	156
Chi_P10_2	9	400828	98
Chi_P10_2	9	400828	121
Chi_P10_2	9	400828	62
Chi_P10_2	9	400828	127
Chi_P10_2	9	400828	202
Chi_P10_2	9	400828	67
Chi_P10_2	9	400828	133
Chi_P10_2	9	400828	251
Chi_P10_2	9	400828	366
Chi_P10_2	9	400828	184
Chi_P10_2	9	400828	131
Chi_P10_2	9	400828	77
Chi_P10_2	9	400828	270
Chi_P10_2	9	400828	102
Chi_P10_2	9	400828	144
Chi_P10_2	9	400828	104
Chi_P10_2	9	400828	98
Chi_P10_2	9	400828	26
Chi_P10_2	9	400828	145
Chi_P10_2	9	400828	228
Chi_P10_2	9	400828	97
Chi_P10_2	9	400828	108
Chi_P10_2	9	400828	119
Chi_P10_2	9	400828	192
Chi_P10_2	9	400828	73
Chi_P10_2	9	400828	318
Chi_P10_2	9	400828	81
Chi_P10_2	9	400828	21
Chi_P10_2	9	400828	86
Chi_P10_2	9	400828	250
Chi_P10_2	9	400828	50
Chi_P10_2	9	400828	157
Chi_P10_2	9	400828	165
Chi_P10_2	9	400828	98
Chi_P10_2	9	400828	75
Chi_P10_2	9	400828	101
Chi_P10_2	9	400828	84
Chi_P10_2	9	400828	113
Chi_P10_2	9	400828	88
Chi_P10_2	9	400828	110
Chi_P10_2	9	400828	184
Chi_P10_2	9	400828	118
Chi_P10_2	9	400828	222
Chi_P10_2	9	400828	121
Chi_P10_2	9	400828	143
Chi_P10_2	9	400828	104
Chi_P10_2	9	400828	68
Chi_P10_2	9	400828	95
Chi_P10_2	9	400828	107
Chi_P10_2	9	400828	62
Chi_P10_2	9	400828	84
Chi_P10_2	9	400828	123
Chi_P10_2	9	400828	76
Chi_P10_2	9	400828	60
Chi_P10_2	9	400828	123
Chi_P10_2	9	400828	61
Chi_P10_2	9	400828	137
Chi_P10_2	9	400828	106
Chi_P10_2	9	400828	112
Chi_P10_2	9	400828	101
Chi_P10_2	9	400828	66
Chi_P10_2	9	400828	137
Chi_P10_2	9	400828	147
Chi_P10_2	9	400828	93
Chi_P10_2	9	400828	107
Chi_P10_2	9	400828	91
Chi_P10_2	9	400828	110
Chi_P10_2	9	400828	97
Chi_P10_2	9	400828	88
Chi_P10_2	9	400828	108
Chi_P10_2	9	400828	199
Chi_P10_2	9	400828	173
Chi_P10_2	9	400828	112
Chi_P10_2	9	400828	120
Chi_P10_2	9	400828	184
Chi_P10_2	9	400828	137
Chi_P10_2	9	400828	160
Chi_P10_2	9	400828	113
Chi_P10_2	9	400828	82
Chi_P10_2	9	400828	69
Chi_P10_2	9	400828	128
Chi_P10_2	9	400828	202
Chi_P10_2	9	400828	112
Chi_P10_2	9	400828	111
Chi_P10_2	9	400828	204
Chi_P10_2	9	400828	91
Chi_P10_2	9	400828	120
Chi_P10_2	9	400828	119
Chi_P10_2	9	400828	233
Chi_P10_2	9	400828	37
Chi_P10_2	9	400828	32
Chi_P10_2	9	400828	157
Chi_P10_2	9	400828	67
Chi_P10_2	9	400828	74
Chi_P10_2	9	400828	112
Chi_P10_2	9	400828	177
Chi_P10_2	9	400828	67
Chi_P10_2	9	400828	118
Chi_P10_2	9	400828	115
Chi_P10_2	9	400828	79
Chi_P10_2	9	400828	80
Chi_P10_2	9	400828	15
Chi_P10_2	9	400828	111
Chi_P10_2	9	400828	178
Chi_P10_2	9	400828	92
Chi_P10_2	9	400828	282
Chi_P10_2	9	400828	150
Chi_P10_2	9	400828	90
Chi_P10_2	9	400828	122
Chi_P10_2	9	400828	116
Chi_P10_2	9	400828	265
Chi_P10_2	9	400828	158
Chi_P10_2	9	400828	66
Chi_P10_2	9	400828	272
Chi_P10_2	9	400828	133
Chi_P10_2	9	400828	145
Chi_P10_2	9	400828	76
Chi_P10_2	9	400828	51
Chi_P10_2	9	400828	130
Chi_P10_2	9	400828	159
Chi_P10_2	9	400828	89
Chi_P10_2	9	400828	183
Chi_P10_2	9	400828	74
Chi_P10_2	9	400828	155
Chi_P10_2	9	400828	95
Chi_P10_2	9	400828	92
Chi_P10_2	9	400828	75
Chi_P10_2	9	400828	92
Chi_P10_2	9	400828	129
Chi_P10_2	9	400828	84
Chi_P10_2	9	400828	80
Chi_P10_2	9	400828	146
Chi_P10_2	9	400828	127
Chi_P10_2	9	400828	61
Chi_P10_2	10	305057	101
Chi_P10_2	10	305057	196
Chi_P10_2	10	305057	180
Chi_P10_2	10	305057	80
Chi_P10_2	10	305057	143
Chi_P10_2	10	305057	136
Chi_P10_2	10	305057	72
Chi_P10_2	10	305057	83
Chi_P10_2	10	305057	162
Chi_P10_2	10	305057	114
Chi_P10_2	10	305057	169
Chi_P10_2	10	305057	91
Chi_P10_2	10	305057	158
Chi_P10_2	10	305057	172
Chi_P10_2	10	305057	96
Chi_P10_2	10	305057	104
Chi_P10_2	10	305057	86
Chi_P10_2	10	305057	22
Chi_P10_2	10	305057	55
Chi_P10_2	10	305057	176
Chi_P10_2	10	305057	210
Chi_P10_2	10	305057	86
Chi_P10_2	10	305057	94
Chi_P10_2	10	305057	100
Chi_P10_2	10	305057	24
Chi_P10_2	10	305057	65
Chi_P10_2	10	305057	207
Chi_P10_2	10	305057	198
Chi_P10_2	10	305057	91
Chi_P10_2	10	305057	92
Chi_P10_2	10	305057	124
Chi_P10_2	10	305057	203
Chi_P10_2	10	305057	90
Chi_P10_2	10	305057	118
Chi_P10_2	10	305057	102
Chi_P10_2	10	305057	118
Chi_P10_2	10	305057	171
Chi_P10_2	10	305057	172
Chi_P10_2	10	305057	145
Chi_P10_2	10	305057	107
Chi_P10_2	10	305057	34
Chi_P10_2	10	305057	75
Chi_P10_2	10	305057	382
Chi_P10_2	10	305057	83
Chi_P10_2	10	305057	57
Chi_P10_2	10	305057	88
Chi_P10_2	10	305057	239
Chi_P10_2	10	305057	157
Chi_P10_2	10	305057	294
Chi_P10_2	10	305057	102
Chi_P10_2	10	305057	99
Chi_P10_2	10	305057	392
Chi_P10_2	10	305057	216
Chi_P10_2	10	305057	73
Chi_P10_2	10	305057	101
Chi_P10_2	10	305057	114
Chi_P10_2	10	305057	86
Chi_P10_2	10	305057	104
Chi_P10_2	10	305057	74
Chi_P10_2	10	305057	71
Chi_P10_2	10	305057	74
Chi_P10_2	10	305057	36
Chi_P10_2	10	305057	126
Chi_P10_2	10	305057	79
Chi_P10_2	10	305057	351
Chi_P10_2	10	305057	136
Chi_P10_2	10	305057	158
Chi_P10_2	10	305057	284
Chi_P10_2	10	305057	169
Chi_P10_2	10	305057	186
Chi_P10_2	10	305057	137
Chi_P10_2	10	305057	203
Chi_P10_2	10	305057	156
Chi_P10_2	10	305057	170
Chi_P10_2	10	305057	100
Chi_P10_2	10	305057	130
Chi_P10_2	10	305057	64
Chi_P10_2	10	305057	86
Chi_P10_2	10	305057	192
Chi_P10_2	10	305057	118
Chi_P10_2	10	305057	110
Chi_P10_2	10	305057	119
Chi_P10_2	10	305057	72
Chi_P10_2	10	305057	70
Chi_P10_2	10	305057	104
Chi_P10_2	10	305057	176
Chi_P10_2	10	305057	52
Chi_P10_2	10	305057	150
Chi_P10_2	10	305057	68
Chi_P10_2	10	305057	103
Chi_P10_2	10	305057	107
Chi_P10_2	10	305057	177
Chi_P10_2	10	305057	110
Chi_P10_2	10	305057	138
Chi_P10_2	10	305057	127
Chi_P10_2	10	305057	32
Chi_P10_2	10	305057	133
Chi_P10_2	10	305057	146
Chi_P10_2	10	305057	148
Chi_P10_2	10	305057	142
Chi_P10_2	10	305057	102
Chi_P10_2	10	305057	122
Chi_P10_2	10	305057	157
Chi_P10_2	10	305057	153
Chi_P10_2	10	305057	125
Chi_P10_2	10	305057	123
Chi_P10_2	10	305057	140
Chi_P10_2	10	305057	150
Chi_P10_2	10	305057	187
Chi_P10_2	10	305057	121
Chi_P10_2	10	305057	121
Chi_P10_2	10	305057	208
Chi_P10_2	10	305057	112
Chi_P10_2	10	305057	112
Chi_P10_2	10	305057	126
Chi_P10_2	10	305057	141
Chi_P10_2	10	305057	87
Chi_P10_2	10	305057	61
Chi_P10_2	10	305057	243
Chi_P10_2	10	305057	152
Chi_P10_2	10	305057	128
Chi_P10_2	10	305057	122
Chi_P10_2	10	305057	113
Chi_P10_2	10	305057	47
Chi_P10_2	10	305057	26
Chi_P10_2	11	253679	143
Chi_P10_2	11	253679	73
Chi_P10_2	11	253679	112
Chi_P10_2	11	253679	95
Chi_P10_2	11	253679	51
Chi_P10_2	11	253679	106
Chi_P10_2	11	253679	112
Chi_P10_2	11	253679	138
Chi_P10_2	11	253679	154
Chi_P10_2	11	253679	100
Chi_P10_2	11	253679	147
Chi_P10_2	11	253679	107
Chi_P10_2	11	253679	223
Chi_P10_2	11	253679	103
Chi_P10_2	11	253679	147
Chi_P10_2	11	253679	195
Chi_P10_2	11	253679	151
Chi_P10_2	11	253679	166
Chi_P10_2	11	253679	180
Chi_P10_2	11	253679	104
Chi_P10_2	11	253679	308
Chi_P10_2	11	253679	246
Chi_P10_2	11	253679	116
Chi_P10_2	11	253679	136
Chi_P10_2	11	253679	122
Chi_P10_2	11	253679	150
Chi_P10_2	11	253679	118
Chi_P10_2	11	253679	106
Chi_P10_2	11	253679	73
Chi_P10_2	11	253679	138
Chi_P10_2	11	253679	255
Chi_P10_2	11	253679	161
Chi_P10_2	11	253679	142
Chi_P10_2	11	253679	195
Chi_P10_2	11	253679	121
Chi_P10_2	11	253679	85
Chi_P10_2	11	253679	137
Chi_P10_2	11	253679	104
Chi_P10_2	11	253679	277
Chi_P10_2	11	253679	99
Chi_P10_2	11	253679	116
Chi_P10_2	11	253679	18
Chi_P10_2	11	253679	94
Chi_P10_2	11	253679	143
Chi_P10_2	11	253679	111
Chi_P10_2	11	253679	142
Chi_P10_2	11	253679	335
Chi_P10_2	11	253679	103
Chi_P10_2	11	253679	136
Chi_P10_2	11	253679	189
Chi_P10_2	11	253679	224
Chi_P10_2	11	253679	201
Chi_P10_2	11	253679	94
Chi_P10_2	11	253679	85
Chi_P10_2	11	253679	101
Chi_P10_2	11	253679	175
Chi_P10_2	11	253679	195
Chi_P10_2	11	253679	69
Chi_P10_2	11	253679	130
Chi_P10_2	11	253679	74
Chi_P10_2	11	253679	12
Chi_P10_2	11	253679	90
Chi_P10_2	11	253679	129
Chi_P10_2	11	253679	45
Chi_P10_2	11	253679	194
Chi_P10_2	11	253679	110
Chi_P10_2	11	253679	187
Chi_P10_2	11	253679	124
Chi_P10_2	11	253679	132
Chi_P10_2	11	253679	88
Chi_P10_2	11	253679	151
Chi_P10_2	11	253679	138
Chi_P10_2	11	253679	117
Chi_P10_2	11	253679	307
Chi_P10_2	11	253679	72
Chi_P10_2	11	253679	94
Chi_P10_2	11	253679	62
Chi_P10_2	11	253679	157
Chi_P10_2	11	253679	74
Chi_P10_2	11	253679	124
Chi_P10_2	11	253679	66
Chi_P10_2	11	253679	14
Chi_P10_2	11	253679	51
Chi_P10_2	11	253679	220
Chi_P10_2	11	253679	225
Chi_P10_2	11	253679	64
Chi_P10_2	11	253679	12
Chi_P10_2	11	253679	225
Chi_P10_2	11	253679	94
Chi_P10_2	11	253679	108
Chi_P10_2	11	253679	79
Chi_P10_2	11	253679	90
Chi_P10_2	11	253679	144
Chi_P10_2	11	253679	83
Chi_P10_2	11	253679	110
Chi_P10_2	11	253679	203
Chi_P10_2	11	253679	134
Chi_P10_2	11	253679	164
Chi_P10_2	11	253679	73
Chi_P10_2	11	253679	189
Chi_P10_2	11	253679	103
Chi_P10_2	11	253679	58
Chi_P10_2	11	253679	114
Chi_P10_2	11	253679	95
Chi_P10_2	11	253679	55
Chi_P10_2	11	253679	234
Chi_P10_2	11	253679	47
Chi_P10_2	11	253679	75
Chi_P10_2	11	253679	97
Chi_P10_2	11	253679	89
Chi_P10_2	11	253679	98
Chi_P10_2	11	253679	32
Chi_P10_2	11	253679	376
Chi_P10_2	11	253679	122
Chi_P10_2	11	253679	117
Chi_P10_2	11	253679	118
Chi_P10_2	11	253679	88
Chi_P10_2	11	253679	228
Chi_P10_2	11	253679	128
Chi_P10_2	12	355084	168
Chi_P10_2	12	355084	254
Chi_P10_2	12	355084	132
Chi_P10_2	12	355084	153
Chi_P10_2	12	355084	181
Chi_P10_2	12	355084	97
Chi_P10_2	12	355084	115
Chi_P10_2	12	355084	84
Chi_P10_2	12	355084	84
Chi_P10_2	12	355084	101
Chi_P10_2	12	355084	132
Chi_P10_2	12	355084	120
Chi_P10_2	12	355084	165
Chi_P10_2	12	355084	100
Chi_P10_2	12	355084	143
Chi_P10_2	12	355084	119
Chi_P10_2	12	355084	93
Chi_P10_2	12	355084	182
Chi_P10_2	12	355084	142
Chi_P10_2	12	355084	86
Chi_P10_2	12	355084	37
Chi_P10_2	12	355084	110
Chi_P10_2	12	355084	66
Chi_P10_2	12	355084	163
Chi_P10_2	12	355084	150
Chi_P10_2	12	355084	185
Chi_P10_2	12	355084	139
Chi_P10_2	12	355084	125
Chi_P10_2	12	355084	197
Chi_P10_2	12	355084	133
Chi_P10_2	12	355084	107
Chi_P10_2	12	355084	120
Chi_P10_2	12	355084	135
Chi_P10_2	12	355084	80
Chi_P10_2	12	355084	119
Chi_P10_2	12	355084	109
Chi_P10_2	12	355084	133
Chi_P10_2	12	355084	30
Chi_P10_2	12	355084	116
Chi_P10_2	12	355084	128
Chi_P10_2	12	355084	78
Chi_P10_2	12	355084	107
Chi_P10_2	12	355084	56
Chi_P10_2	12	355084	116
Chi_P10_2	12	355084	57
Chi_P10_2	12	355084	56
Chi_P10_2	12	355084	178
Chi_P10_2	12	355084	198
Chi_P10_2	12	355084	126
Chi_P10_2	12	355084	121
Chi_P10_2	12	355084	314
Chi_P10_2	12	355084	110
Chi_P10_2	12	355084	88
Chi_P10_2	12	355084	175
Chi_P10_2	12	355084	139
Chi_P10_2	12	355084	214
Chi_P10_2	12	355084	155
Chi_P10_2	12	355084	131
Chi_P10_2	12	355084	40
Chi_P10_2	12	355084	273
Chi_P10_2	12	355084	126
Chi_P10_2	12	355084	73
Chi_P10_2	12	355084	107
Chi_P10_2	12	355084	154
Chi_P10_2	12	355084	265
Chi_P10_2	12	355084	176
Chi_P10_2	12	355084	143
Chi_P10_2	12	355084	109
Chi_P10_2	12	355084	114
Chi_P10_2	12	355084	108
Chi_P10_2	12	355084	120
Chi_P10_2	12	355084	171
Chi_P10_2	12	355084	82
Chi_P10_2	12	355084	171
Chi_P10_2	12	355084	232
Chi_P10_2	12	355084	193
Chi_P10_2	12	355084	141
Chi_P10_2	12	355084	141
Chi_P10_2	12	355084	224
Chi_P10_2	12	355084	116
Chi_P10_2	12	355084	129
Chi_P10_2	12	355084	101
Chi_P10_2	12	355084	122
Chi_P10_2	12	355084	135
Chi_P10_2	12	355084	244
Chi_P10_2	12	355084	111
Chi_P10_2	12	355084	132
Chi_P10_2	12	355084	177
Chi_P10_2	12	355084	35
Chi_P10_2	12	355084	105
Chi_P10_2	12	355084	35
Chi_P10_2	12	355084	60
Chi_P10_2	12	355084	139
Chi_P10_2	12	355084	108
Chi_P10_2	12	355084	177
Chi_P10_2	12	355084	170
Chi_P10_2	12	355084	83
Chi_P10_2	12	355084	168
Chi_P10_2	12	355084	92
Chi_P10_2	12	355084	236
Chi_P10_2	12	355084	353
Chi_P10_2	12	355084	162
Chi_P10_2	12	355084	113
Chi_P10_2	13	333165	262
Chi_P10_2	13	333165	228
Chi_P10_2	13	333165	167
Chi_P10_2	13	333165	140
Chi_P10_2	13	333165	145
Chi_P10_2	13	333165	187
Chi_P10_2	13	333165	220
Chi_P10_2	13	333165	134
Chi_P10_2	13	333165	130
Chi_P10_2	13	333165	176
Chi_P10_2	13	333165	337
Chi_P10_2	13	333165	168
Chi_P10_2	13	333165	123
Chi_P10_2	13	333165	216
Chi_P10_2	13	333165	138
Chi_P10_2	13	333165	215
Chi_P10_2	13	333165	103
Chi_P10_2	13	333165	121
Chi_P10_2	13	333165	146
Chi_P10_2	13	333165	222
Chi_P10_2	13	333165	225
Chi_P10_2	13	333165	72
Chi_P10_2	13	333165	136
Chi_P10_2	13	333165	165
Chi_P10_2	13	333165	159
Chi_P10_2	13	333165	233
Chi_P10_2	13	333165	168
Chi_P10_2	13	333165	192
Chi_P10_2	13	333165	129
Chi_P10_2	13	333165	191
Chi_P10_2	13	333165	257
Chi_P10_2	13	333165	191
Chi_P10_2	13	333165	163
Chi_P10_2	13	333165	209
Chi_P10_2	13	333165	188
Chi_P10_2	13	333165	244
Chi_P10_2	13	333165	256
Chi_P10_2	13	333165	158
Chi_P10_2	13	333165	370
Chi_P10_2	13	333165	69
Chi_P10_2	13	333165	112
Chi_P10_2	13	333165	170
Chi_P10_2	13	333165	127
Chi_P10_2	13	333165	223
Chi_P10_2	13	333165	178
Chi_P10_2	13	333165	200
Chi_P10_2	13	333165	419
Chi_P10_2	13	333165	221
Chi_P10_2	13	333165	209
Chi_P10_2	13	333165	184
Chi_P10_2	13	333165	166
Chi_P10_2	13	333165	129
Chi_P10_2	13	333165	105
Chi_P10_2	13	333165	169
Chi_P10_2	13	333165	770
Chi_P10_2	13	333165	96
Chi_P10_2	13	333165	216
Chi_P10_2	13	333165	97
Chi_P10_2	13	333165	303
Chi_P10_2	13	333165	525
Chi_P10_2	13	333165	125
Chi_P10_2	13	333165	73
Chi_P10_2	13	333165	71
Chi_P10_2	13	333165	190
Chi_P10_2	13	333165	17
Chi_P10_2	13	333165	128
Chi_P10_2	13	333165	193
Chi_P10_2	13	333165	96
Chi_P10_2	13	333165	127
Chi_P10_2	13	333165	100
Chi_P10_2	13	333165	322
Chi_P10_2	13	333165	190
Chi_P10_2	13	333165	212
Chi_P10_2	13	333165	107
Chi_P10_2	13	333165	260
Chi_P10_2	13	333165	125
Chi_P10_2	13	333165	136
Chi_P10_2	13	333165	109
Chi_P10_2	13	333165	234
Chi_P10_2	13	333165	128
Chi_P10_2	13	333165	101
Chi_P10_2	13	333165	100
Chi_P10_2	13	333165	143
Chi_P10_2	13	333165	50
Chi_P10_2	13	333165	151
Chi_P10_2	13	333165	135
Chi_P10_2	13	333165	136
Chi_P10_2	13	333165	102
Chi_P10_2	13	333165	153
Chi_P10_2	13	333165	64
Chi_P10_2	13	333165	229
Chi_P10_2	13	333165	70
Chi_P10_2	13	333165	230
Chi_P10_2	13	333165	113
Chi_P10_2	13	333165	92
Chi_P10_2	13	333165	127
Chi_P10_2	13	333165	21
Chi_P10_2	13	333165	92
Chi_P10_2	13	333165	85
Chi_P10_2	13	333165	102
Chi_P10_2	13	333165	114
Chi_P10_2	13	333165	50
Chi_P10_2	13	333165	454
Chi_P10_2	13	333165	102
Chi_P10_2	13	333165	97
Chi_P10_2	13	333165	60
Chi_P10_2	13	333165	27
Chi_P10_2	13	333165	122
Chi_P10_2	13	333165	79
Chi_P10_2	13	333165	157
Chi_P10_2	13	333165	299
Chi_P10_2	13	333165	105
Chi_P10_2	13	333165	113
Chi_P10_2	13	333165	121
Chi_P10_2	13	333165	77
Chi_P10_2	13	333165	189
Chi_P10_2	13	333165	117
Chi_P10_2	13	333165	113
Chi_P10_2	13	333165	202
Chi_P10_2	13	333165	69
Chi_P10_2	13	333165	157
Chi_P10_2	13	333165	92
Chi_P10_2	13	333165	149
Chi_P10_2	13	333165	154
Chi_P10_2	13	333165	105
Chi_P10_2	13	333165	105
Chi_P10_2	13	333165	112
Chi_P10_2	13	333165	192
Chi_P10_2	13	333165	90
Chi_P10_2	13	333165	302
Chi_P10_2	13	333165	165
Chi_P10_2	13	333165	170
Chi_P10_2	13	333165	113
Chi_P10_2	13	333165	317
Chi_P10_2	13	333165	170
Chi_P10_2	13	333165	97
Chi_P10_2	13	333165	111
Chi_P10_2	13	333165	129
Chi_P10_2	13	333165	121
Chi_P10_2	13	333165	126
Chi_P10_2	13	333165	91
Chi_P10_2	13	333165	161
Chi_P10_2	13	333165	15
Chi_P10_2	13	333165	17
Chi_P10_2	13	333165	159
Chi_P10_2	13	333165	186
Chi_P10_2	13	333165	184
Chi_P10_2	13	333165	337
Chi_P10_2	13	333165	99
Chi_P10_2	13	333165	116
Chi_P10_2	14	350960	79
Chi_P10_2	14	350960	88
Chi_P10_2	14	350960	100
Chi_P10_2	14	350960	95
Chi_P10_2	14	350960	63
Chi_P10_2	14	350960	38
Chi_P10_2	14	350960	87
Chi_P10_2	14	350960	90
Chi_P10_2	14	350960	56
Chi_P10_2	14	350960	107
Chi_P10_2	14	350960	48
Chi_P10_2	14	350960	50
Chi_P10_2	14	350960	127
Chi_P10_2	14	350960	53
Chi_P10_2	14	350960	65
Chi_P10_2	14	350960	66
Chi_P10_2	14	350960	86
Chi_P10_2	14	350960	117
Chi_P10_2	14	350960	189
Chi_P10_2	14	350960	173
Chi_P10_2	14	350960	104
Chi_P10_2	14	350960	101
Chi_P10_2	14	350960	96
Chi_P10_2	14	350960	95
Chi_P10_2	14	350960	70
Chi_P10_2	14	350960	108
Chi_P10_2	14	350960	83
Chi_P10_2	14	350960	38
Chi_P10_2	14	350960	85
Chi_P10_2	14	350960	15
Chi_P10_2	14	350960	37
Chi_P10_2	14	350960	46
Chi_P10_2	14	350960	54
Chi_P10_2	14	350960	45
Chi_P10_2	14	350960	83
Chi_P10_2	14	350960	35
Chi_P10_2	14	350960	33
Chi_P10_2	14	350960	62
Chi_P10_2	14	350960	79
Chi_P10_2	14	350960	125
Chi_P10_2	14	350960	33
Chi_P10_2	14	350960	80
Chi_P10_2	14	350960	48
Chi_P10_2	14	350960	58
Chi_P10_2	14	350960	47
Chi_P10_2	14	350960	96
Chi_P10_2	14	350960	40
Chi_P10_2	14	350960	30
Chi_P10_2	14	350960	19
Chi_P10_2	14	350960	54
Chi_P10_2	14	350960	119
Chi_P10_2	14	350960	114
Chi_P10_2	14	350960	13
Chi_P10_2	14	350960	76
Chi_P10_2	14	350960	67
Chi_P10_2	14	350960	75
Chi_P10_2	14	350960	66
Chi_P10_2	14	350960	56
Chi_P10_2	14	350960	86
Chi_P10_2	14	350960	78
Chi_P10_2	14	350960	95
Chi_P10_2	14	350960	24
Chi_P10_2	14	350960	138
Chi_P10_2	14	350960	51
Chi_P10_2	14	350960	99
Chi_P10_2	14	350960	66
Chi_P10_2	14	350960	97
Chi_P10_2	14	350960	134
Chi_P10_2	14	350960	182
Chi_P10_2	14	350960	67
Chi_P10_2	14	350960	97
Chi_P10_2	14	350960	112
Chi_P10_2	14	350960	119
Chi_P10_2	14	350960	50
Chi_P10_2	14	350960	82
Chi_P10_2	14	350960	142
Chi_P10_2	14	350960	68
Chi_P10_2	14	350960	60
Chi_P10_2	14	350960	105
Chi_P10_2	14	350960	130
Chi_P10_2	14	350960	35
Chi_P10_2	14	350960	79
Chi_P10_2	14	350960	341
Chi_P10_2	14	350960	95
Chi_P10_2	14	350960	120
Chi_P10_2	14	350960	113
Chi_P10_2	14	350960	71
Chi_P10_2	14	350960	114
Chi_P10_2	14	350960	184
Chi_P10_2	14	350960	155
Chi_P10_2	14	350960	174
Chi_P10_2	14	350960	130
Chi_P10_2	14	350960	440
Chi_P10_2	14	350960	58
Chi_P10_2	14	350960	201
Chi_P10_2	14	350960	31
Chi_P10_2	14	350960	16
Chi_P10_2	14	350960	88
Chi_P10_2	14	350960	48
Chi_P10_2	14	350960	97
Chi_P10_2	14	350960	140
Chi_P10_2	14	350960	63
Chi_P10_2	14	350960	112
Chi_P10_2	14	350960	91
Chi_P10_2	14	350960	105
Chi_P10_2	14	350960	138
Chi_P10_2	14	350960	202
Chi_P10_2	14	350960	90
Chi_P10_2	14	350960	78
Chi_P10_2	14	350960	125
Chi_P10_2	14	350960	122
Chi_P10_2	14	350960	107
Chi_P10_2	14	350960	148
Chi_P10_2	14	350960	140
Chi_P10_2	14	350960	152
Chi_P10_2	14	350960	78
Chi_P10_2	14	350960	178
Chi_P10_2	14	350960	173
Chi_P10_2	14	350960	102
Chi_P10_2	14	350960	93
Chi_P10_2	14	350960	54
Chi_P10_2	14	350960	101
Chi_P10_2	14	350960	60
Chi_P10_2	14	350960	240
Chi_P10_2	14	350960	183
Chi_P10_2	15	352360	86
Chi_P10_2	15	352360	105
Chi_P10_2	15	352360	75
Chi_P10_2	15	352360	103
Chi_P10_2	15	352360	98
Chi_P10_2	15	352360	123
Chi_P10_2	15	352360	110
Chi_P10_2	15	352360	19
Chi_P10_2	15	352360	87
Chi_P10_2	15	352360	156
Chi_P10_2	15	352360	69
Chi_P10_2	15	352360	39
Chi_P10_2	15	352360	167
Chi_P10_2	15	352360	165
Chi_P10_2	15	352360	135
Chi_P10_2	15	352360	122
Chi_P10_2	15	352360	17
Chi_P10_2	15	352360	123
Chi_P10_2	15	352360	81
Chi_P10_2	15	352360	78
Chi_P10_2	15	352360	121
Chi_P10_2	15	352360	78
Chi_P10_2	15	352360	78
Chi_P10_2	15	352360	199
Chi_P10_2	15	352360	97
Chi_P10_2	15	352360	65
Chi_P10_2	15	352360	78
Chi_P10_2	15	352360	179
Chi_P10_2	15	352360	80
Chi_P10_2	15	352360	161
Chi_P10_2	15	352360	158
Chi_P10_2	15	352360	60
Chi_P10_2	15	352360	82
Chi_P10_2	15	352360	112
Chi_P10_2	15	352360	135
Chi_P10_2	15	352360	93
Chi_P10_2	15	352360	81
Chi_P10_2	15	352360	92
Chi_P10_2	15	352360	106
Chi_P10_2	15	352360	65
Chi_P10_2	15	352360	121
Chi_P10_2	15	352360	132
Chi_P10_2	15	352360	178
Chi_P10_2	15	352360	88
Chi_P10_2	15	352360	26
Chi_P10_2	15	352360	85
Chi_P10_2	15	352360	133
Chi_P10_2	15	352360	74
Chi_P10_2	15	352360	101
Chi_P10_2	15	352360	174
Chi_P10_2	15	352360	66
Chi_P10_2	15	352360	75
Chi_P10_2	15	352360	56
Chi_P10_2	15	352360	103
Chi_P10_2	15	352360	97
Chi_P10_2	15	352360	90
Chi_P10_2	15	352360	122
Chi_P10_2	15	352360	179
Chi_P10_2	15	352360	99
Chi_P10_2	15	352360	40
Chi_P10_2	15	352360	149
Chi_P10_2	15	352360	111
Chi_P10_2	15	352360	69
Chi_P10_2	15	352360	88
Chi_P10_2	15	352360	40
Chi_P10_2	15	352360	142
Chi_P10_2	15	352360	201
Chi_P10_2	15	352360	95
Chi_P10_2	15	352360	131
Chi_P10_2	15	352360	30
Chi_P10_2	15	352360	58
Chi_P10_2	15	352360	83
Chi_P10_2	15	352360	319
Chi_P10_2	15	352360	115
Chi_P10_2	15	352360	78
Chi_P10_2	15	352360	102
Chi_P10_2	15	352360	86
Chi_P10_2	15	352360	89
Chi_P10_2	15	352360	101
Chi_P10_2	15	352360	83
Chi_P10_2	15	352360	75
Chi_P10_2	15	352360	125
Chi_P10_2	15	352360	115
Chi_P10_2	15	352360	25
Chi_P10_2	15	352360	145
Chi_P10_2	15	352360	158
Chi_P10_2	15	352360	51
Chi_P10_2	15	352360	88
Chi_P10_2	15	352360	106
Chi_P10_2	15	352360	232
Chi_P10_2	15	352360	72
Chi_P10_2	15	352360	43
Chi_P10_2	15	352360	134
Chi_P10_2	15	352360	127
Chi_P10_2	15	352360	339
Chi_P10_2	15	352360	102
Chi_P10_2	15	352360	245
Chi_P10_2	15	352360	114
Chi_P10_2	15	352360	253
Chi_P10_2	15	352360	107
Chi_P10_2	15	352360	140
Chi_P10_2	15	352360	38
Chi_P10_2	15	352360	115
Chi_P10_2	15	352360	197
Chi_P10_2	15	352360	144
Chi_P10_2	15	352360	107
Chi_P10_2	15	352360	60
Chi_P10_2	15	352360	130
Chi_P10_2	15	352360	52
Chi_P10_2	15	352360	74
Chi_P10_2	15	352360	80
Chi_P10_2	15	352360	270
Chi_P10_2	15	352360	68
Chi_P10_2	15	352360	236
Chi_P10_2	15	352360	100
Chi_P10_2	15	352360	138
Chi_P10_2	15	352360	114
Chi_P10_2	15	352360	65
Chi_P10_2	15	352360	58
Chi_P10_2	15	352360	156
Chi_P10_2	15	352360	427
Chi_P10_2	15	352360	106
Chi_P10_2	15	352360	181
Chi_P10_2	15	352360	105
Chi_P10_2	15	352360	115
Chi_P10_2	15	352360	116
Chi_P10_2	15	352360	145
Chi_P10_2	15	352360	124
Chi_P10_2	15	352360	152
Chi_P10_2	15	352360	129
Chi_P10_2	15	352360	305
Chi_P10_2	15	352360	190
Chi_P10_2	15	352360	234
Chi_P10_2	15	352360	503
Chi_P10_2	15	352360	123
Chi_P10_2	15	352360	240
Chi_P10_2	15	352360	213
Chi_P10_2	15	352360	103
Chi_P10_2	15	352360	211
Chi_P10_2	15	352360	217
Chi_P10_2	15	352360	216
Chi_P10_2	15	352360	142
Chi_P10_2	15	352360	91
Chi_P10_2	15	352360	253
Chi_P10_2	15	352360	213
Chi_P10_2	15	352360	91
Chi_P10_2	15	352360	104
Chi_P10_2	15	352360	88
Chi_P10_2	15	352360	197
Chi_P10_2	15	352360	59
Chi_P10_2	15	352360	130
Chi_P10_2	15	352360	89
Chi_P10_2	15	352360	363
Chi_P10_2	15	352360	134
Chi_P10_2	15	352360	11
Chi_P10_2	15	352360	96
Chi_P10_2	15	352360	270
Chi_P10_2	15	352360	178
Chi_P10_2	15	352360	37
Chi_P10_2	15	352360	145
Chi_P10_2	15	352360	140
Chi_P10_2	15	352360	186
Chi_P10_2	15	352360	120
Chi_P10_2	15	352360	103
Chi_P10_2	15	352360	137
Chi_P10_2	15	352360	121
Chi_P10_2	15	352360	181
Chi_P10_2	15	352360	135
Chi_P10_2	15	352360	129
Chi_P10_2	15	352360	77
Chi_P10_2	15	352360	142
Chi_P10_2	15	352360	101
Chi_P10_2	15	352360	111
Chi_P10_2	15	352360	120
Chi_P10_2	15	352360	175
Chi_P10_2	15	352360	116
Chi_P10_2	15	352360	246
Chi_P10_2	15	352360	381
Chi_P10_2	15	352360	149
Chi_P10_2	15	352360	157
Chi_P10_2	15	352360	317
Chi_P10_2	15	352360	82
Chi_P10_2	15	352360	305
Chi_P10_2	15	352360	165
Chi_P10_2	15	352360	78
Chi_P10_2	15	352360	50
Chi_P10_2	15	352360	105
Chi_P10_2	15	352360	26
Chi_P10_2	15	352360	162
Chi_P10_2	15	352360	146
Chi_P10_2	15	352360	64
Chi_P10_2	15	352360	29
Chi_P10_2	15	352360	244
Chi_P10_2	15	352360	156
Chi_P10_2	15	352360	145
Chi_P10_2	15	352360	80
Chi_P10_2	15	352360	383
Chi_P10_2	15	352360	112
Chi_P10_2	15	352360	87
Chi_P10_2	15	352360	99
Chi_P10_2	15	352360	124
Chi_P10_2	15	352360	79
Chi_P10_2	16	317674	78
Chi_P10_2	16	317674	154
Chi_P10_2	16	317674	123
Chi_P10_2	16	317674	128
Chi_P10_2	16	317674	80
Chi_P10_2	16	317674	196
Chi_P10_2	16	317674	111
Chi_P10_2	16	317674	180
Chi_P10_2	16	317674	82
Chi_P10_2	16	317674	149
Chi_P10_2	16	317674	133
Chi_P10_2	16	317674	156
Chi_P10_2	16	317674	148
Chi_P10_2	16	317674	136
Chi_P10_2	16	317674	117
Chi_P10_2	16	317674	150
Chi_P10_2	16	317674	178
Chi_P10_2	16	317674	121
Chi_P10_2	16	317674	144
Chi_P10_2	16	317674	113
Chi_P10_2	16	317674	171
Chi_P10_2	16	317674	608
Chi_P10_2	16	317674	169
Chi_P10_2	16	317674	151
Chi_P10_2	16	317674	283
Chi_P10_2	16	317674	146
Chi_P10_2	16	317674	294
Chi_P10_2	16	317674	102
Chi_P10_2	16	317674	78
Chi_P10_2	16	317674	115
Chi_P10_2	16	317674	152
Chi_P10_2	16	317674	159
Chi_P10_2	16	317674	162
Chi_P10_2	16	317674	91
Chi_P10_2	16	317674	33
Chi_P10_2	16	317674	173
Chi_P10_2	16	317674	108
Chi_P10_2	16	317674	160
Chi_P10_2	16	317674	120
Chi_P10_2	16	317674	131
Chi_P10_2	16	317674	113
Chi_P10_2	16	317674	91
Chi_P10_2	16	317674	152
Chi_P10_2	16	317674	106
Chi_P10_2	16	317674	223
Chi_P10_2	16	317674	175
Chi_P10_2	16	317674	123
Chi_P10_2	16	317674	97
Chi_P10_2	16	317674	102
Chi_P10_2	16	317674	71
Chi_P10_2	16	317674	52
Chi_P10_2	16	317674	199
Chi_P10_2	16	317674	78
Chi_P10_2	16	317674	147
Chi_P10_2	16	317674	66
Chi_P10_2	16	317674	176
Chi_P10_2	16	317674	123
Chi_P10_2	16	317674	124
Chi_P10_2	16	317674	31
Chi_P10_2	16	317674	119
Chi_P10_2	16	317674	113
Chi_P10_2	16	317674	175
Chi_P10_2	16	317674	91
Chi_P10_2	16	317674	112
Chi_P10_2	16	317674	43
Chi_P10_2	16	317674	140
Chi_P10_2	16	317674	218
Chi_P10_2	16	317674	86
Chi_P10_2	16	317674	135
Chi_P10_2	16	317674	147
Chi_P10_2	16	317674	116
Chi_P10_2	16	317674	103
Chi_P10_2	16	317674	267
Chi_P10_2	16	317674	151
Chi_P10_2	16	317674	243
Chi_P10_2	16	317674	193
Chi_P10_2	16	317674	133
Chi_P10_2	16	317674	233
Chi_P10_2	16	317674	134
Chi_P10_2	16	317674	207
Chi_P10_2	16	317674	121
Chi_P10_2	16	317674	150
Chi_P10_2	16	317674	196
Chi_P10_2	16	317674	148
Chi_P10_2	16	317674	80
Chi_P10_2	16	317674	128
Chi_P10_2	16	317674	137
Chi_P10_2	16	317674	176
Chi_P10_2	16	317674	105
Chi_P10_2	16	317674	164
Chi_P10_2	16	317674	101
Chi_P10_2	16	317674	143
Chi_P10_2	16	317674	79
Chi_P10_2	16	317674	338
Chi_P10_2	16	317674	147
Chi_P10_2	16	317674	63
Chi_P10_2	17	418883	174
Chi_P10_2	17	418883	85
Chi_P10_2	17	418883	34
Chi_P10_2	17	418883	94
Chi_P10_2	17	418883	101
Chi_P10_2	17	418883	125
Chi_P10_2	17	418883	225
Chi_P10_2	17	418883	72
Chi_P10_2	17	418883	53
Chi_P10_2	17	418883	145
Chi_P10_2	17	418883	52
Chi_P10_2	17	418883	50
Chi_P10_2	17	418883	100
Chi_P10_2	17	418883	93
Chi_P10_2	17	418883	21
Chi_P10_2	17	418883	144
Chi_P10_2	17	418883	58
Chi_P10_2	17	418883	81
Chi_P10_2	17	418883	134
Chi_P10_2	17	418883	296
Chi_P10_2	17	418883	138
Chi_P10_2	17	418883	108
Chi_P10_2	17	418883	278
Chi_P10_2	17	418883	96
Chi_P10_2	17	418883	120
Chi_P10_2	17	418883	14
Chi_P10_2	17	418883	91
Chi_P10_2	17	418883	139
Chi_P10_2	17	418883	68
Chi_P10_2	17	418883	101
Chi_P10_2	17	418883	168
Chi_P10_2	17	418883	119
Chi_P10_2	17	418883	60
Chi_P10_2	17	418883	176
Chi_P10_2	17	418883	66
Chi_P10_2	17	418883	141
Chi_P10_2	17	418883	51
Chi_P10_2	17	418883	47
Chi_P10_2	17	418883	230
Chi_P10_2	17	418883	10
Chi_P10_2	17	418883	139
Chi_P10_2	17	418883	148
Chi_P10_2	17	418883	121
Chi_P10_2	17	418883	78
Chi_P10_2	17	418883	141
Chi_P10_2	17	418883	149
Chi_P10_2	17	418883	99
Chi_P10_2	17	418883	73
Chi_P10_2	17	418883	85
Chi_P10_2	17	418883	54
Chi_P10_2	17	418883	136
Chi_P10_2	17	418883	108
Chi_P10_2	17	418883	54
Chi_P10_2	17	418883	122
Chi_P10_2	17	418883	23
Chi_P10_2	17	418883	502
Chi_P10_2	17	418883	101
Chi_P10_2	17	418883	45
Chi_P10_2	17	418883	123
Chi_P10_2	17	418883	100
Chi_P10_2	17	418883	401
Chi_P10_2	17	418883	154
Chi_P10_2	17	418883	124
Chi_P10_2	17	418883	139
Chi_P10_2	17	418883	109
Chi_P10_2	17	418883	90
Chi_P10_2	17	418883	124
Chi_P10_2	17	418883	120
Chi_P10_2	17	418883	77
Chi_P10_2	17	418883	72
Chi_P10_2	17	418883	121
Chi_P10_2	17	418883	280
Chi_P10_2	17	418883	108
Chi_P10_2	17	418883	94
Chi_P10_2	17	418883	43
Chi_P10_2	17	418883	111
Chi_P10_2	17	418883	75
Chi_P10_2	17	418883	92
Chi_P10_2	17	418883	159
Chi_P10_2	17	418883	76
Chi_P10_2	17	418883	14
Chi_P10_2	17	418883	67
Chi_P10_2	17	418883	262
Chi_P10_2	17	418883	161
Chi_P10_2	17	418883	178
Chi_P10_2	17	418883	179
Chi_P10_2	17	418883	81
Chi_P10_2	17	418883	160
Chi_P10_2	17	418883	273
Chi_P10_2	17	418883	130
Chi_P10_2	17	418883	86
Chi_P10_2	17	418883	99
Chi_P10_2	17	418883	95
Chi_P10_2	17	418883	171
Chi_P10_2	17	418883	138
Chi_P10_2	17	418883	127
Chi_P10_2	17	418883	122
Chi_P10_2	17	418883	117
Chi_P10_2	17	418883	131
Chi_P10_2	17	418883	95
Chi_P10_2	17	418883	141
Chi_P10_2	17	418883	121
Chi_P10_2	17	418883	149
Chi_P10_2	17	418883	72
Chi_P10_2	17	418883	165
Chi_P10_2	17	418883	232
Chi_P10_2	17	418883	70
Chi_P10_2	17	418883	98
Chi_P10_2	17	418883	118
Chi_P10_2	17	418883	203
Chi_P10_2	17	418883	129
Chi_P10_2	17	418883	289
Chi_P10_2	17	418883	133
Chi_P10_2	17	418883	76
Chi_P10_2	17	418883	92
Chi_P10_2	17	418883	110
Chi_P10_2	17	418883	111
Chi_P10_2	17	418883	245
Chi_P10_2	17	418883	89
Chi_P10_2	17	418883	98
Chi_P10_2	17	418883	90
Chi_P10_2	17	418883	149
Chi_P10_2	17	418883	92
Chi_P10_2	17	418883	162
Chi_P10_2	17	418883	81
Chi_P10_2	17	418883	143
Chi_P10_2	17	418883	293
Chi_P10_2	17	418883	174
Chi_P10_2	17	418883	104
Chi_P10_2	17	418883	100
Chi_P10_2	17	418883	76
Chi_P10_2	17	418883	113
Chi_P10_2	17	418883	96
Chi_P10_2	17	418883	239
Chi_P10_2	17	418883	171
Chi_P10_2	17	418883	62
Chi_P10_2	17	418883	160
Chi_P10_2	17	418883	81
Chi_P10_2	17	418883	387
Chi_P10_2	17	418883	11
Chi_P10_2	17	418883	112
Chi_P10_2	17	418883	126
Chi_P10_2	17	418883	152
Chi_P10_2	17	418883	181
Chi_P10_2	17	418883	232
Chi_P10_2	17	418883	129
Chi_P10_2	17	418883	113
Chi_P10_2	17	418883	132
Chi_P10_2	17	418883	116
Chi_P10_2	17	418883	165
Chi_P10_2	17	418883	120
Chi_P10_2	17	418883	210
Chi_P10_2	17	418883	154
Chi_P10_2	17	418883	50
Chi_P10_2	17	418883	248
Chi_P10_2	17	418883	113
Chi_P10_2	17	418883	237
Chi_P10_2	17	418883	77
Chi_P10_2	17	418883	124
Chi_P10_2	17	418883	128
Chi_P10_2	17	418883	179
Chi_P10_2	17	418883	133
Chi_P10_2	17	418883	173
Chi_P10_2	17	418883	109
Chi_P10_2	17	418883	51
Chi_P10_2	17	418883	282
Chi_P10_2	17	418883	179
Chi_P10_2	17	418883	83
Chi_P10_2	17	418883	172
Chi_P10_2	17	418883	133
Chi_P10_2	17	418883	121
Chi_P10_2	17	418883	138
Chi_P10_2	17	418883	84
Chi_P10_2	17	418883	291
Chi_P10_2	17	418883	87
Chi_P10_2	17	418883	168
Chi_P10_2	17	418883	224
Chi_P10_2	17	418883	143
Chi_P10_2	17	418883	142
Chi_P10_2	17	418883	107
Chi_P10_2	17	418883	153
Chi_P10_2	17	418883	11
Chi_P10_2	17	418883	86
Chi_P10_2	17	418883	124
Chi_P10_2	17	418883	48
Chi_P10_2	17	418883	124
Chi_P10_2	17	418883	154
Chi_P10_2	17	418883	26
Chi_P10_2	17	418883	12
Chi_P10_2	17	418883	210
Chi_P10_2	17	418883	88
Chi_P10_2	17	418883	97
Chi_P10_2	17	418883	164
Chi_P10_2	17	418883	110
Chi_P10_2	17	418883	189
Chi_P10_2	17	418883	109
Chi_P10_2	17	418883	109
Chi_P10_2	17	418883	241
Chi_P10_2	17	418883	117
Chi_P10_2	17	418883	209
Chi_P10_2	17	418883	124
Chi_P10_2	17	418883	236
Chi_P10_2	17	418883	153
Chi_P10_2	17	418883	147
Chi_P10_2	17	418883	119
Chi_P10_2	17	418883	104
Chi_P10_2	17	418883	112
Chi_P10_2	17	418883	151
Chi_P10_2	17	418883	129
Chi_P10_2	17	418883	15
Chi_P10_2	17	418883	221
Chi_P10_2	17	418883	95
Chi_P10_2	17	418883	138
Chi_P10_2	17	418883	104
Chi_P10_2	17	418883	173
Chi_P10_2	17	418883	91
Chi_P10_2	17	418883	75
Chi_P10_2	17	418883	204
Chi_P10_2	17	418883	117
Chi_P10_2	17	418883	90
Chi_P10_2	17	418883	16
Chi_P10_2	18	354655	117
Chi_P10_2	18	354655	114
Chi_P10_2	18	354655	109
Chi_P10_2	18	354655	93
Chi_P10_2	18	354655	112
Chi_P10_2	18	354655	124
Chi_P10_2	18	354655	111
Chi_P10_2	18	354655	100
Chi_P10_2	18	354655	110
Chi_P10_2	18	354655	98
Chi_P10_2	18	354655	193
Chi_P10_2	18	354655	252
Chi_P10_2	18	354655	155
Chi_P10_2	18	354655	178
Chi_P10_2	18	354655	67
Chi_P10_2	18	354655	122
Chi_P10_2	18	354655	248
Chi_P10_2	18	354655	93
Chi_P10_2	18	354655	129
Chi_P10_2	18	354655	128
Chi_P10_2	18	354655	99
Chi_P10_2	18	354655	142
Chi_P10_2	18	354655	128
Chi_P10_2	18	354655	90
Chi_P10_2	18	354655	175
Chi_P10_2	18	354655	95
Chi_P10_2	18	354655	112
Chi_P10_2	18	354655	108
Chi_P10_2	18	354655	96
Chi_P10_2	18	354655	88
Chi_P10_2	18	354655	102
Chi_P10_2	18	354655	139
Chi_P10_2	18	354655	168
Chi_P10_2	18	354655	110
Chi_P10_2	18	354655	90
Chi_P10_2	18	354655	114
Chi_P10_2	18	354655	156
Chi_P10_2	18	354655	146
Chi_P10_2	18	354655	122
Chi_P10_2	18	354655	127
Chi_P10_2	18	354655	152
Chi_P10_2	18	354655	115
Chi_P10_2	18	354655	68
Chi_P10_2	18	354655	171
Chi_P10_2	18	354655	96
Chi_P10_2	18	354655	82
Chi_P10_2	18	354655	117
Chi_P10_2	18	354655	164
Chi_P10_2	18	354655	100
Chi_P10_2	18	354655	181
Chi_P10_2	18	354655	277
Chi_P10_2	18	354655	123
Chi_P10_2	18	354655	71
Chi_P10_2	18	354655	171
Chi_P10_2	18	354655	76
Chi_P10_2	18	354655	123
Chi_P10_2	18	354655	125
Chi_P10_2	18	354655	170
Chi_P10_2	18	354655	129
Chi_P10_2	18	354655	186
Chi_P10_2	18	354655	115
Chi_P10_2	18	354655	109
Chi_P10_2	18	354655	153
Chi_P10_2	18	354655	121
Chi_P10_2	18	354655	134
Chi_P10_2	18	354655	119
Chi_P10_2	18	354655	72
Chi_P10_2	18	354655	108
Chi_P10_2	18	354655	144
Chi_P10_2	18	354655	108
Chi_P10_2	18	354655	178
Chi_P10_2	18	354655	90
Chi_P10_2	18	354655	12
Chi_P10_2	18	354655	193
Chi_P10_2	18	354655	171
Chi_P10_2	18	354655	182
Chi_P10_2	18	354655	185
Chi_P10_2	18	354655	118
Chi_P10_2	18	354655	106
Chi_P10_2	18	354655	160
Chi_P10_2	18	354655	63
Chi_P10_2	18	354655	253
Chi_P10_2	18	354655	127
Chi_P10_2	18	354655	107
Chi_P10_2	18	354655	161
Chi_P10_2	18	354655	94
Chi_P10_2	18	354655	92
Chi_P10_2	18	354655	142
Chi_P10_2	18	354655	184
Chi_P10_2	18	354655	22
Chi_P10_2	18	354655	99
Chi_P10_2	18	354655	119
Chi_P10_2	18	354655	113
Chi_P10_2	18	354655	63
Chi_P10_2	18	354655	110
Chi_P10_2	18	354655	119
Chi_P10_2	18	354655	88
Chi_P10_2	18	354655	129
Chi_P10_2	18	354655	126
Chi_P10_2	18	354655	129
Chi_P10_2	18	354655	106
Chi_P10_2	18	354655	69
Chi_P10_2	18	354655	533
Chi_P10_2	18	354655	143
Chi_P10_2	18	354655	93
Chi_P10_2	18	354655	86
Chi_P10_2	18	354655	107
Chi_P10_2	18	354655	73
Chi_P10_2	18	354655	110
Chi_P10_2	18	354655	321
Chi_P10_2	18	354655	80
Chi_P10_2	18	354655	88
Chi_P10_2	18	354655	154
Chi_P10_2	18	354655	172
Chi_P10_2	18	354655	45
Chi_P10_2	18	354655	263
Chi_P10_2	18	354655	125
Chi_P10_2	18	354655	56
Chi_P10_2	18	354655	84
Chi_P10_2	18	354655	176
Chi_P10_2	18	354655	163
Chi_P10_2	18	354655	46
Chi_P10_2	18	354655	243
Chi_P10_2	18	354655	134
Chi_P10_2	18	354655	66
Chi_P10_2	18	354655	100
Chi_P10_2	18	354655	197
Chi_P10_2	18	354655	64
Chi_P10_2	18	354655	162
Chi_P10_2	18	354655	85
Chi_P10_2	18	354655	235
Chi_P10_2	18	354655	205
Chi_P10_2	18	354655	142
Chi_P10_2	18	354655	29
Chi_P10_2	18	354655	120
Chi_P10_2	18	354655	67
Chi_P10_2	18	354655	34
Chi_P10_2	18	354655	194
Chi_P10_2	18	354655	162
Chi_P10_2	18	354655	106
Chi_P10_2	18	354655	76
Chi_P10_2	18	354655	32
Chi_P10_2	18	354655	55
Chi_P10_2	18	354655	105
Chi_P10_2	18	354655	132
Chi_P10_2	18	354655	110
Chi_P10_2	18	354655	116
Chi_P10_2	18	354655	282
Chi_P10_2	18	354655	95
Chi_P10_2	18	354655	160
Chi_P10_2	18	354655	95
Chi_P10_2	18	354655	48
Chi_P10_2	18	354655	41
Chi_P10_2	18	354655	199
Chi_P10_2	18	354655	158
Chi_P10_2	18	354655	35
Chi_P10_2	18	354655	148
Chi_P10_2	18	354655	48
Chi_P10_2	18	354655	126
Chi_P10_2	18	354655	99
Chi_P10_2	18	354655	58
Chi_P10_2	18	354655	173
Chi_P10_2	18	354655	62
Chi_P10_2	19	260336	81
Chi_P10_2	19	260336	57
Chi_P10_2	19	260336	55
Chi_P10_2	19	260336	55
Chi_P10_2	19	260336	91
Chi_P10_2	19	260336	106
Chi_P10_2	19	260336	63
Chi_P10_2	19	260336	27
Chi_P10_2	19	260336	49
Chi_P10_2	19	260336	57
Chi_P10_2	19	260336	92
Chi_P10_2	19	260336	71
Chi_P10_2	19	260336	68
Chi_P10_2	19	260336	37
Chi_P10_2	19	260336	26
Chi_P10_2	19	260336	24
Chi_P10_2	19	260336	26
Chi_P10_2	19	260336	66
Chi_P10_2	19	260336	18
Chi_P10_2	19	260336	91
Chi_P10_2	19	260336	108
Chi_P10_2	19	260336	65
Chi_P10_2	19	260336	117
Chi_P10_2	19	260336	71
Chi_P10_2	19	260336	193
Chi_P10_2	19	260336	123
Chi_P10_2	19	260336	115
Chi_P10_2	19	260336	66
Chi_P10_2	19	260336	66
Chi_P10_2	19	260336	111
Chi_P10_2	19	260336	91
Chi_P10_2	19	260336	54
Chi_P10_2	19	260336	75
Chi_P10_2	19	260336	93
Chi_P10_2	19	260336	333
Chi_P10_2	19	260336	56
Chi_P10_2	19	260336	128
Chi_P10_2	19	260336	84
Chi_P10_2	19	260336	100
Chi_P10_2	19	260336	130
Chi_P10_2	19	260336	148
Chi_P10_2	19	260336	191
Chi_P10_2	19	260336	26
Chi_P10_2	19	260336	68
Chi_P10_2	19	260336	32
Chi_P10_2	19	260336	57
Chi_P10_2	19	260336	90
Chi_P10_2	19	260336	111
Chi_P10_2	19	260336	105
Chi_P10_2	19	260336	106
Chi_P10_2	19	260336	92
Chi_P10_2	19	260336	83
Chi_P10_2	19	260336	62
Chi_P10_2	19	260336	148
Chi_P10_2	19	260336	65
Chi_P10_2	19	260336	78
Chi_P10_2	19	260336	73
Chi_P10_2	19	260336	71
Chi_P10_2	19	260336	47
Chi_P10_2	19	260336	85
Chi_P10_2	19	260336	224
Chi_P10_2	19	260336	86
Chi_P10_2	19	260336	82
Chi_P10_2	19	260336	97
Chi_P10_2	19	260336	59
Chi_P10_2	19	260336	140
Chi_P10_2	19	260336	102
Chi_P10_2	19	260336	43
Chi_P10_2	19	260336	78
Chi_P10_2	19	260336	84
Chi_P10_2	19	260336	58
Chi_P10_2	19	260336	18
Chi_P10_2	19	260336	11
Chi_P10_2	19	260336	29
Chi_P10_2	19	260336	18
Chi_P10_2	19	260336	38
Chi_P10_2	19	260336	54
Chi_P10_2	19	260336	73
Chi_P10_2	19	260336	159
Chi_P10_2	19	260336	97
Chi_P10_2	19	260336	111
Chi_P10_2	19	260336	53
Chi_P10_2	19	260336	51
Chi_P10_2	19	260336	17
Chi_P10_2	19	260336	42
Chi_P10_2	19	260336	110
Chi_P10_2	19	260336	116
Chi_P10_2	19	260336	70
Chi_P10_2	19	260336	60
Chi_P10_2	19	260336	118
Chi_P10_2	19	260336	120
Chi_P10_2	19	260336	59
Chi_P10_2	19	260336	44
Chi_P10_2	19	260336	86
Chi_P10_2	19	260336	75
Chi_P10_2	19	260336	103
Chi_P10_2	19	260336	144
Chi_P10_2	19	260336	100
Chi_P10_2	19	260336	121
Chi_P10_2	19	260336	103
Chi_P10_2	20	343163	14
Chi_P10_2	20	343163	14
Chi_P10_2	20	343163	26
Chi_P10_2	20	343163	152
Chi_P10_2	20	343163	251
Chi_P10_2	20	343163	53
Chi_P10_2	20	343163	81
Chi_P10_2	20	343163	76
Chi_P10_2	20	343163	107
Chi_P10_2	20	343163	101
Chi_P10_2	20	343163	88
Chi_P10_2	20	343163	94
Chi_P10_2	20	343163	90
Chi_P10_2	20	343163	73
Chi_P10_2	20	343163	113
Chi_P10_2	20	343163	142
Chi_P10_2	20	343163	119
Chi_P10_2	20	343163	201
Chi_P10_2	20	343163	168
Chi_P10_2	20	343163	29
Chi_P10_2	20	343163	83
Chi_P10_2	20	343163	25
Chi_P10_2	20	343163	133
Chi_P10_2	20	343163	118
Chi_P10_2	20	343163	119
Chi_P10_2	20	343163	95
Chi_P10_2	20	343163	87
Chi_P10_2	20	343163	106
Chi_P10_2	20	343163	67
Chi_P10_2	20	343163	85
Chi_P10_2	20	343163	87
Chi_P10_2	20	343163	216
Chi_P10_2	20	343163	61
Chi_P10_2	20	343163	100
Chi_P10_2	20	343163	79
Chi_P10_2	20	343163	208
Chi_P10_2	20	343163	119
Chi_P10_2	20	343163	66
Chi_P10_2	20	343163	75
Chi_P10_2	20	343163	112
Chi_P10_2	20	343163	109
Chi_P10_2	20	343163	184
Chi_P10_2	20	343163	200
Chi_P10_2	20	343163	100
Chi_P10_2	20	343163	209
Chi_P10_2	20	343163	259
Chi_P10_2	20	343163	119
Chi_P10_2	20	343163	66
Chi_P10_2	20	343163	98
Chi_P10_2	20	343163	145
Chi_P10_2	20	343163	87
Chi_P10_2	20	343163	106
Chi_P10_2	20	343163	88
Chi_P10_2	20	343163	146
Chi_P10_2	20	343163	98
Chi_P10_2	20	343163	109
Chi_P10_2	20	343163	127
Chi_P10_2	20	343163	88
Chi_P10_2	20	343163	221
Chi_P10_2	20	343163	118
Chi_P10_2	20	343163	56
Chi_P10_2	20	343163	92
Chi_P10_2	20	343163	133
Chi_P10_2	20	343163	120
Chi_P10_2	20	343163	95
Chi_P10_2	20	343163	291
Chi_P10_2	20	343163	96
Chi_P10_2	20	343163	78
Chi_P10_2	20	343163	108
Chi_P10_2	20	343163	114
Chi_P10_2	20	343163	181
Chi_P10_2	20	343163	76
Chi_P10_2	20	343163	110
Chi_P10_2	20	343163	174
Chi_P10_2	20	343163	91
Chi_P10_2	20	343163	94
Chi_P10_2	20	343163	106
Chi_P10_2	20	343163	125
Chi_P10_2	20	343163	10
Chi_P10_2	20	343163	116
Chi_P10_2	20	343163	107
Chi_P10_2	20	343163	77
Chi_P10_2	20	343163	52
Chi_P10_2	20	343163	132
Chi_P10_2	20	343163	91
Chi_P10_2	20	343163	68
Chi_P10_2	20	343163	108
Chi_P10_2	20	343163	82
Chi_P10_2	20	343163	100
Chi_P10_2	20	343163	82
Chi_P10_2	20	343163	201
Chi_P10_2	20	343163	89
Chi_P10_2	20	343163	69
Chi_P10_2	20	343163	78
Chi_P10_2	20	343163	84
Chi_P10_2	20	343163	219
Chi_P10_2	20	343163	156
Chi_P10_2	20	343163	105
Chi_P10_2	20	343163	75
Chi_P10_2	20	343163	33
Chi_P10_2	20	343163	60
Chi_P10_2	20	343163	86
Chi_P10_2	20	343163	80
Chi_P10_2	20	343163	105
Chi_P10_2	20	343163	111
Chi_P10_2	20	343163	109
Chi_P10_2	20	343163	60
Chi_P10_2	20	343163	48
Chi_P10_2	20	343163	91
Chi_P10_2	20	343163	147
Chi_P10_2	20	343163	139
Chi_P10_2	20	343163	111
Chi_P10_2	20	343163	81
Chi_P10_2	20	343163	140
Chi_P10_2	20	343163	92
Chi_P10_2	20	343163	218
Chi_P10_2	20	343163	96
Chi_P10_2	20	343163	107
Chi_P10_2	20	343163	77
Chi_P10_2	20	343163	88
Chi_P10_2	20	343163	131
Chi_P10_2	20	343163	146
Chi_P10_2	20	343163	118
Chi_P10_2	20	343163	91
Chi_P10_2	20	343163	64
Chi_P10_2	20	343163	137
Chi_P10_2	20	343163	169
Chi_P10_2	20	343163	35
Chi_P10_2	20	343163	38
Chi_P10_2	20	343163	55
Chi_P10_2	20	343163	114
Chi_P10_2	20	343163	66
Chi_P10_2	20	343163	72
Chi_P10_2	20	343163	73
Chi_P10_2	20	343163	21
Chi_P10_2	20	343163	100
Chi_P10_2	20	343163	84
Chi_P10_2	20	343163	96
Chi_P10_2	20	343163	28
Chi_P10_2	20	343163	54
Chi_P10_2	20	343163	180
Chi_P10_2	20	343163	93
Chi_P10_2	20	343163	75
Chi_P10_2	20	343163	67
Chi_P10_2	20	343163	62
Chi_P10_2	20	343163	90
Chi_P10_2	20	343163	61
Chi_P10_2	20	343163	63
Chi_P10_2	20	343163	139
Chi_P10_2	20	343163	123
Chi_P10_2	20	343163	153
Chi_P10_2	20	343163	122
Chi_P10_2	20	343163	147
Chi_P10_2	20	343163	110
Chi_P10_2	20	343163	76
Chi_P10_2	21	376368	131
Chi_P10_2	21	376368	42
Chi_P10_2	21	376368	134
Chi_P10_2	21	376368	119
Chi_P10_2	21	376368	86
Chi_P10_2	21	376368	139
Chi_P10_2	21	376368	99
Chi_P10_2	21	376368	149
Chi_P10_2	21	376368	166
Chi_P10_2	21	376368	113
Chi_P10_2	21	376368	208
Chi_P10_2	21	376368	121
Chi_P10_2	21	376368	122
Chi_P10_2	21	376368	80
Chi_P10_2	21	376368	93
Chi_P10_2	21	376368	155
Chi_P10_2	21	376368	171
Chi_P10_2	21	376368	84
Chi_P10_2	21	376368	95
Chi_P10_2	21	376368	154
Chi_P10_2	21	376368	103
Chi_P10_2	21	376368	268
Chi_P10_2	21	376368	121
Chi_P10_2	21	376368	77
Chi_P10_2	21	376368	202
Chi_P10_2	21	376368	83
Chi_P10_2	21	376368	109
Chi_P10_2	21	376368	123
Chi_P10_2	21	376368	100
Chi_P10_2	21	376368	108
Chi_P10_2	21	376368	37
Chi_P10_2	21	376368	188
Chi_P10_2	21	376368	116
Chi_P10_2	21	376368	165
Chi_P10_2	21	376368	118
Chi_P10_2	21	376368	100
Chi_P10_2	21	376368	164
Chi_P10_2	21	376368	87
Chi_P10_2	21	376368	40
Chi_P10_2	21	376368	135
Chi_P10_2	21	376368	122
Chi_P10_2	21	376368	175
Chi_P10_2	21	376368	141
Chi_P10_2	21	376368	119
Chi_P10_2	21	376368	103
Chi_P10_2	21	376368	351
Chi_P10_2	21	376368	88
Chi_P10_2	21	376368	112
Chi_P10_2	21	376368	181
Chi_P10_2	21	376368	157
Chi_P10_2	21	376368	207
Chi_P10_2	21	376368	88
Chi_P10_2	21	376368	138
Chi_P10_2	21	376368	134
Chi_P10_2	21	376368	91
Chi_P10_2	21	376368	240
Chi_P10_2	21	376368	260
Chi_P10_2	21	376368	107
Chi_P10_2	21	376368	182
Chi_P10_2	21	376368	109
Chi_P10_2	21	376368	71
Chi_P10_2	21	376368	130
Chi_P10_2	21	376368	70
Chi_P10_2	21	376368	216
Chi_P10_2	21	376368	157
Chi_P10_2	21	376368	107
Chi_P10_2	21	376368	158
Chi_P10_2	21	376368	91
Chi_P10_2	21	376368	139
Chi_P10_2	21	376368	163
Chi_P10_2	21	376368	131
Chi_P10_2	21	376368	85
Chi_P10_2	21	376368	137
Chi_P10_2	21	376368	126
Chi_P10_2	21	376368	138
Chi_P10_2	21	376368	228
Chi_P10_2	21	376368	219
Chi_P10_2	21	376368	122
Chi_P10_2	21	376368	137
Chi_P10_2	21	376368	123
Chi_P10_2	21	376368	143
Chi_P10_2	21	376368	427
Chi_P10_2	21	376368	96
Chi_P10_2	21	376368	85
Chi_P10_2	21	376368	194
Chi_P10_2	21	376368	189
Chi_P10_2	21	376368	107
Chi_P10_2	21	376368	84
Chi_P10_2	21	376368	213
Chi_P10_2	21	376368	301
Chi_P10_2	21	376368	109
Chi_P10_2	21	376368	124
Chi_P10_2	21	376368	111
Chi_P10_2	21	376368	94
Chi_P10_2	21	376368	98
Chi_P10_2	21	376368	147
Chi_P10_2	21	376368	105
Chi_P10_2	21	376368	150
Chi_P10_2	21	376368	218
Chi_P10_2	21	376368	153
Chi_P10_2	21	376368	109
Chi_P10_2	21	376368	101
Chi_P10_2	21	376368	130
Chi_P10_2	21	376368	151
Chi_P10_2	21	376368	148
Chi_P10_2	21	376368	14
Chi_P10_2	21	376368	163
Chi_P10_2	21	376368	135
Chi_P10_2	21	376368	119
Chi_P10_2	21	376368	88
Chi_P10_2	21	376368	62
Chi_P10_2	21	376368	250
Chi_P10_2	21	376368	93
Chi_P10_2	21	376368	68
Chi_P10_2	21	376368	145
Chi_P10_2	21	376368	167
Chi_P10_2	21	376368	372
Chi_P10_2	21	376368	127
Chi_P10_2	21	376368	113
Chi_P10_2	21	376368	110
Chi_P10_2	21	376368	79
Chi_P10_2	21	376368	88
Chi_P10_2	21	376368	88
Chi_P10_2	21	376368	103
Chi_P10_2	21	376368	94
Chi_P10_2	21	376368	150
Chi_P10_2	21	376368	105
Chi_P10_2	21	376368	109
Chi_P10_2	21	376368	176
Chi_P10_2	21	376368	69
Chi_P10_2	21	376368	114
Chi_P10_2	21	376368	134
Chi_P10_2	21	376368	98
Chi_P10_2	21	376368	129
Chi_P10_2	21	376368	125
Chi_P10_2	21	376368	177
Chi_P10_2	21	376368	210
Chi_P10_2	21	376368	210
Chi_P10_2	21	376368	107
Chi_P10_2	21	376368	127
Chi_P10_2	21	376368	283
Chi_P10_2	21	376368	108
Chi_P10_2	21	376368	100
Chi_P10_2	21	376368	156
Chi_P10_2	21	376368	52
Chi_P10_2	22	304899	72
Chi_P10_2	22	304899	84
Chi_P10_2	22	304899	139
Chi_P10_2	22	304899	147
Chi_P10_2	22	304899	92
Chi_P10_2	22	304899	89
Chi_P10_2	22	304899	51
Chi_P10_2	22	304899	110
Chi_P10_2	22	304899	36
Chi_P10_2	22	304899	89
Chi_P10_2	22	304899	114
Chi_P10_2	22	304899	93
Chi_P10_2	22	304899	82
Chi_P10_2	22	304899	98
Chi_P10_2	22	304899	106
Chi_P10_2	22	304899	87
Chi_P10_2	22	304899	61
Chi_P10_2	22	304899	123
Chi_P10_2	22	304899	21
Chi_P10_2	22	304899	69
Chi_P10_2	22	304899	114
Chi_P10_2	22	304899	116
Chi_P10_2	22	304899	65
Chi_P10_2	22	304899	119
Chi_P10_2	22	304899	129
Chi_P10_2	22	304899	122
Chi_P10_2	22	304899	146
Chi_P10_2	22	304899	90
Chi_P10_2	22	304899	122
Chi_P10_2	22	304899	91
Chi_P10_2	22	304899	92
Chi_P10_2	22	304899	118
Chi_P10_2	22	304899	69
Chi_P10_2	22	304899	137
Chi_P10_2	22	304899	77
Chi_P10_2	22	304899	162
Chi_P10_2	22	304899	75
Chi_P10_2	22	304899	66
Chi_P10_2	22	304899	128
Chi_P10_2	22	304899	108
Chi_P10_2	22	304899	123
Chi_P10_2	22	304899	160
Chi_P10_2	22	304899	138
Chi_P10_2	22	304899	116
Chi_P10_2	22	304899	126
Chi_P10_2	22	304899	116
Chi_P10_2	22	304899	111
Chi_P10_2	22	304899	95
Chi_P10_2	22	304899	164
Chi_P10_2	22	304899	248
Chi_P10_2	22	304899	71
Chi_P10_2	22	304899	238
Chi_P10_2	22	304899	149
Chi_P10_2	22	304899	206
Chi_P10_2	22	304899	147
Chi_P10_2	22	304899	181
Chi_P10_2	22	304899	104
Chi_P10_2	22	304899	140
Chi_P10_2	22	304899	133
Chi_P10_2	22	304899	89
Chi_P10_2	22	304899	115
Chi_P10_2	22	304899	93
Chi_P10_2	22	304899	115
Chi_P10_2	22	304899	91
Chi_P10_2	22	304899	127
Chi_P10_2	22	304899	159
Chi_P10_2	22	304899	69
Chi_P10_2	22	304899	80
Chi_P10_2	22	304899	129
Chi_P10_2	22	304899	96
Chi_P10_2	22	304899	112
Chi_P10_2	22	304899	162
Chi_P10_2	22	304899	63
Chi_P10_2	22	304899	409
Chi_P10_2	22	304899	111
Chi_P10_2	22	304899	201
Chi_P10_2	22	304899	88
Chi_P10_2	22	304899	134
Chi_P10_2	22	304899	182
Chi_P10_2	22	304899	98
Chi_P10_2	22	304899	115
Chi_P10_2	22	304899	145
Chi_P10_2	22	304899	145
Chi_P10_2	22	304899	112
Chi_P10_2	22	304899	140
Chi_P10_2	22	304899	157
Chi_P10_2	22	304899	125
Chi_P10_2	22	304899	120
Chi_P10_2	22	304899	144
Chi_P10_2	22	304899	116
Chi_P10_2	22	304899	143
Chi_P10_2	22	304899	143
Chi_P10_2	22	304899	252
Chi_P10_2	22	304899	458
Chi_P10_2	22	304899	83
Chi_P10_2	22	304899	105
Chi_P10_2	22	304899	196
Chi_P10_2	22	304899	97
Chi_P10_2	22	304899	83
Chi_P10_2	22	304899	83
Chi_P10_2	22	304899	174
Chi_P10_2	22	304899	66
Chi_P10_2	22	304899	144
Chi_P10_2	22	304899	87
Chi_P10_2	22	304899	105
Chi_P10_2	22	304899	84
Chi_P10_2	22	304899	175
Chi_P10_2	22	304899	61
Chi_P10_2	22	304899	111
Chi_P10_2	22	304899	59
Chi_P10_2	22	304899	178
Chi_P10_2	22	304899	117
Chi_P10_2	22	304899	129
Chi_P10_2	22	304899	108
Chi_P10_2	22	304899	332
Chi_P10_2	22	304899	78
Chi_P10_2	22	304899	61
Chi_P10_2	22	304899	99
Chi_P10_2	22	304899	121
Chi_P10_2	22	304899	95
Chi_P10_2	23	345065	34
Chi_P10_2	23	345065	59
Chi_P10_2	23	345065	31
Chi_P10_2	23	345065	31
Chi_P10_2	23	345065	76
Chi_P10_2	23	345065	60
Chi_P10_2	23	345065	23
Chi_P10_2	23	345065	50
Chi_P10_2	23	345065	112
Chi_P10_2	23	345065	74
Chi_P10_2	23	345065	99
Chi_P10_2	23	345065	61
Chi_P10_2	23	345065	62
Chi_P10_2	23	345065	81
Chi_P10_2	23	345065	107
Chi_P10_2	23	345065	101
Chi_P10_2	23	345065	31
Chi_P10_2	23	345065	148
Chi_P10_2	23	345065	173
Chi_P10_2	23	345065	119
Chi_P10_2	23	345065	97
Chi_P10_2	23	345065	82
Chi_P10_2	23	345065	85
Chi_P10_2	23	345065	78
Chi_P10_2	23	345065	57
Chi_P10_2	23	345065	12
Chi_P10_2	23	345065	113
Chi_P10_2	23	345065	59
Chi_P10_2	23	345065	133
Chi_P10_2	23	345065	96
Chi_P10_2	23	345065	74
Chi_P10_2	23	345065	100
Chi_P10_2	23	345065	88
Chi_P10_2	23	345065	91
Chi_P10_2	23	345065	121
Chi_P10_2	23	345065	143
Chi_P10_2	23	345065	147
Chi_P10_2	23	345065	214
Chi_P10_2	23	345065	120
Chi_P10_2	23	345065	23
Chi_P10_2	23	345065	102
Chi_P10_2	23	345065	291
Chi_P10_2	23	345065	132
Chi_P10_2	23	345065	111
Chi_P10_2	23	345065	139
Chi_P10_2	23	345065	205
Chi_P10_2	23	345065	106
Chi_P10_2	23	345065	73
Chi_P10_2	23	345065	162
Chi_P10_2	23	345065	207
Chi_P10_2	23	345065	205
Chi_P10_2	23	345065	167
Chi_P10_2	23	345065	136
Chi_P10_2	23	345065	77
Chi_P10_2	23	345065	98
Chi_P10_2	23	345065	103
Chi_P10_2	23	345065	194
Chi_P10_2	23	345065	74
Chi_P10_2	23	345065	172
Chi_P10_2	23	345065	153
Chi_P10_2	23	345065	141
Chi_P10_2	23	345065	98
Chi_P10_2	23	345065	158
Chi_P10_2	23	345065	156
Chi_P10_2	23	345065	148
Chi_P10_2	23	345065	91
Chi_P10_2	23	345065	177
Chi_P10_2	23	345065	140
Chi_P10_2	23	345065	132
Chi_P10_2	23	345065	131
Chi_P10_2	23	345065	49
Chi_P10_2	23	345065	120
Chi_P10_2	23	345065	53
Chi_P10_2	23	345065	93
Chi_P10_2	23	345065	149
Chi_P10_2	23	345065	97
Chi_P10_2	23	345065	69
Chi_P10_2	23	345065	126
Chi_P10_2	23	345065	150
Chi_P10_2	23	345065	122
Chi_P10_2	23	345065	126
Chi_P10_2	23	345065	135
Chi_P10_2	23	345065	75
Chi_P10_2	23	345065	148
Chi_P10_2	23	345065	106
Chi_P10_2	23	345065	90
Chi_P10_2	23	345065	196
Chi_P10_2	23	345065	42
Chi_P10_2	23	345065	86
Chi_P10_2	23	345065	125
Chi_P10_2	23	345065	43
Chi_P10_2	23	345065	165
Chi_P10_2	23	345065	104
Chi_P10_2	23	345065	279
Chi_P10_2	23	345065	80
Chi_P10_2	23	345065	211
Chi_P10_2	23	345065	170
Chi_P10_2	23	345065	101
Chi_P10_2	23	345065	82
Chi_P10_2	23	345065	279
Chi_P10_2	23	345065	31
Chi_P10_2	23	345065	133
Chi_P10_2	23	345065	231
Chi_P10_2	23	345065	177
Chi_P10_2	23	345065	223
Chi_P10_2	23	345065	53
Chi_P10_2	23	345065	248
Chi_P10_2	23	345065	65
Chi_P10_2	23	345065	155
Chi_P10_2	23	345065	163
Chi_P10_2	23	345065	104
Chi_P10_2	23	345065	71
Chi_P10_2	23	345065	130
Chi_P10_2	23	345065	50
Chi_P10_2	23	345065	105
Chi_P10_2	23	345065	76
Chi_P10_2	23	345065	117
Chi_P10_2	23	345065	116
Chi_P10_2	23	345065	118
Chi_P10_2	23	345065	126
Chi_P10_2	23	345065	95
Chi_P10_2	23	345065	126
Chi_P10_2	23	345065	113
Chi_P10_2	23	345065	118
Chi_P10_2	23	345065	78
Chi_P10_2	23	345065	144
Chi_P10_2	23	345065	71
Chi_P10_2	23	345065	123
Chi_P10_2	23	345065	99
Chi_P10_2	23	345065	248
Chi_P10_2	23	345065	128
Chi_P10_2	23	345065	123
Chi_P10_2	23	345065	122
Chi_P10_2	23	345065	162
Chi_P10_2	23	345065	98
Chi_P10_2	23	345065	214
Chi_P10_2	23	345065	110
Chi_P10_2	23	345065	73
Chi_P10_2	23	345065	118
Chi_P10_2	23	345065	93
Chi_P10_2	23	345065	110
Chi_P10_2	23	345065	69
Chi_P10_2	23	345065	137
Chi_P10_2	23	345065	119
Chi_P10_2	23	345065	134
Chi_P10_2	23	345065	118
Chi_P10_2	23	345065	149
Chi_P10_2	23	345065	92
Chi_P10_2	23	345065	219
Chi_P10_2	23	345065	55
Chi_P10_2	23	345065	157
Chi_P10_2	23	345065	83
Chi_P10_2	23	345065	113
Chi_P10_2	23	345065	360
Chi_P10_2	23	345065	157
Chi_P10_2	23	345065	126
Chi_P10_2	23	345065	85
Chi_P10_2	23	345065	191
Chi_P10_2	23	345065	149
Chi_P10_2	23	345065	200
Chi_P10_2	23	345065	24
Chi_P10_2	24	357617	171
Chi_P10_2	24	357617	59
Chi_P10_2	24	357617	45
Chi_P10_2	24	357617	113
Chi_P10_2	24	357617	85
Chi_P10_2	24	357617	110
Chi_P10_2	24	357617	92
Chi_P10_2	24	357617	27
Chi_P10_2	24	357617	69
Chi_P10_2	24	357617	107
Chi_P10_2	24	357617	48
Chi_P10_2	24	357617	85
Chi_P10_2	24	357617	114
Chi_P10_2	24	357617	152
Chi_P10_2	24	357617	66
Chi_P10_2	24	357617	94
Chi_P10_2	24	357617	195
Chi_P10_2	24	357617	140
Chi_P10_2	24	357617	119
Chi_P10_2	24	357617	151
Chi_P10_2	24	357617	280
Chi_P10_2	24	357617	114
Chi_P10_2	24	357617	126
Chi_P10_2	24	357617	172
Chi_P10_2	24	357617	130
Chi_P10_2	24	357617	90
Chi_P10_2	24	357617	80
Chi_P10_2	24	357617	120
Chi_P10_2	24	357617	125
Chi_P10_2	24	357617	95
Chi_P10_2	24	357617	80
Chi_P10_2	24	357617	222
Chi_P10_2	24	357617	84
Chi_P10_2	24	357617	161
Chi_P10_2	24	357617	184
Chi_P10_2	24	357617	95
Chi_P10_2	24	357617	64
Chi_P10_2	24	357617	120
Chi_P10_2	24	357617	97
Chi_P10_2	24	357617	92
Chi_P10_2	24	357617	99
Chi_P10_2	24	357617	91
Chi_P10_2	24	357617	102
Chi_P10_2	24	357617	106
Chi_P10_2	24	357617	86
Chi_P10_2	24	357617	110
Chi_P10_2	24	357617	194
Chi_P10_2	24	357617	94
Chi_P10_2	24	357617	172
Chi_P10_2	24	357617	96
Chi_P10_2	24	357617	171
Chi_P10_2	24	357617	112
Chi_P10_2	24	357617	158
Chi_P10_2	24	357617	143
Chi_P10_2	24	357617	102
Chi_P10_2	24	357617	144
Chi_P10_2	24	357617	99
Chi_P10_2	24	357617	154
Chi_P10_2	24	357617	150
Chi_P10_2	24	357617	142
Chi_P10_2	24	357617	96
Chi_P10_2	24	357617	110
Chi_P10_2	24	357617	105
Chi_P10_2	24	357617	109
Chi_P10_2	24	357617	156
Chi_P10_2	24	357617	152
Chi_P10_2	24	357617	113
Chi_P10_2	24	357617	92
Chi_P10_2	24	357617	141
Chi_P10_2	24	357617	161
Chi_P10_2	24	357617	121
Chi_P10_2	24	357617	104
Chi_P10_2	24	357617	97
Chi_P10_2	24	357617	101
Chi_P10_2	24	357617	126
Chi_P10_2	24	357617	94
Chi_P10_2	24	357617	189
Chi_P10_2	24	357617	133
Chi_P10_2	24	357617	142
Chi_P10_2	24	357617	153
Chi_P10_2	24	357617	147
Chi_P10_2	24	357617	94
Chi_P10_2	24	357617	138
Chi_P10_2	24	357617	80
Chi_P10_2	24	357617	191
Chi_P10_2	24	357617	99
Chi_P10_2	24	357617	42
Chi_P10_2	24	357617	108
Chi_P10_2	24	357617	143
Chi_P10_2	24	357617	152
Chi_P10_2	24	357617	64
Chi_P10_2	24	357617	128
Chi_P10_2	24	357617	326
Chi_P10_2	24	357617	79
Chi_P10_2	24	357617	19
Chi_P10_2	24	357617	354
Chi_P10_2	24	357617	81
Chi_P10_2	24	357617	61
Chi_P10_2	24	357617	65
Chi_P10_2	24	357617	92
Chi_P10_2	24	357617	116
Chi_P10_2	24	357617	122
Chi_P10_2	24	357617	87
Chi_P10_2	24	357617	48
Chi_P10_2	24	357617	112
Chi_P10_2	24	357617	117
Chi_P10_2	24	357617	127
Chi_P10_2	24	357617	140
Chi_P10_2	24	357617	88
Chi_P10_2	24	357617	162
Chi_P10_2	24	357617	161
Chi_P10_2	24	357617	63
Chi_P10_2	24	357617	200
Chi_P10_2	24	357617	48
Chi_P10_2	24	357617	175
Chi_P10_2	24	357617	185
Chi_P10_2	24	357617	99
Chi_P10_2	24	357617	115
Chi_P10_2	24	357617	147
Chi_P10_2	24	357617	106
Chi_P10_2	24	357617	76
Chi_P10_2	24	357617	124
Chi_P10_2	24	357617	259
Chi_P10_2	24	357617	39
Chi_P10_2	24	357617	191
Chi_P10_2	24	357617	92
Chi_P10_2	24	357617	37
Chi_P10_2	24	357617	272
Chi_P10_2	24	357617	79
Chi_P10_2	24	357617	45
Chi_P10_2	24	357617	131
Chi_P10_2	24	357617	67
Chi_P10_2	24	357617	208
Chi_P10_2	24	357617	30
Chi_P10_2	24	357617	97
Chi_P10_2	24	357617	14
Chi_P10_2	24	357617	144
Chi_P10_2	24	357617	56
Chi_P10_2	24	357617	116
Chi_P10_2	24	357617	48
Chi_P10_2	24	357617	145
Chi_P10_2	24	357617	65
Chi_P10_2	24	357617	104
Chi_P10_2	24	357617	27
Chi_P10_2	24	357617	99
Chi_P10_2	24	357617	119
Chi_P10_2	24	357617	124
Chi_P10_2	24	357617	104
Chi_P10_2	24	357617	87
Chi_P10_2	24	357617	37
Chi_P10_2	24	357617	186
Chi_P10_2	24	357617	175
Chi_P10_2	24	357617	90
Chi_P10_2	24	357617	141
Chi_P10_2	24	357617	120
