fichier	leaf	surfaceLeaf	surfaceLesion
Chi_P03_2	1	298603	109
Chi_P03_2	1	298603	89
Chi_P03_2	1	298603	109
Chi_P03_2	1	298603	80
Chi_P03_2	1	298603	22
Chi_P03_2	1	298603	150
Chi_P03_2	1	298603	60
Chi_P03_2	1	298603	90
Chi_P03_2	1	298603	83
Chi_P03_2	1	298603	109
Chi_P03_2	1	298603	47
Chi_P03_2	1	298603	122
Chi_P03_2	1	298603	77
Chi_P03_2	1	298603	131
Chi_P03_2	1	298603	114
Chi_P03_2	1	298603	135
Chi_P03_2	1	298603	74
Chi_P03_2	1	298603	130
Chi_P03_2	1	298603	130
Chi_P03_2	1	298603	99
Chi_P03_2	1	298603	137
Chi_P03_2	1	298603	100
Chi_P03_2	1	298603	135
Chi_P03_2	1	298603	106
Chi_P03_2	1	298603	130
Chi_P03_2	1	298603	102
Chi_P03_2	1	298603	203
Chi_P03_2	1	298603	178
Chi_P03_2	1	298603	79
Chi_P03_2	1	298603	59
Chi_P03_2	1	298603	156
Chi_P03_2	1	298603	124
Chi_P03_2	1	298603	173
Chi_P03_2	1	298603	108
Chi_P03_2	1	298603	257
Chi_P03_2	1	298603	153
Chi_P03_2	1	298603	139
Chi_P03_2	1	298603	99
Chi_P03_2	1	298603	118
Chi_P03_2	1	298603	122
Chi_P03_2	1	298603	266
Chi_P03_2	1	298603	289
Chi_P03_2	1	298603	61
Chi_P03_2	1	298603	238
Chi_P03_2	1	298603	116
Chi_P03_2	1	298603	193
Chi_P03_2	1	298603	102
Chi_P03_2	1	298603	105
Chi_P03_2	1	298603	192
Chi_P03_2	1	298603	54
Chi_P03_2	1	298603	136
Chi_P03_2	1	298603	126
Chi_P03_2	1	298603	65
Chi_P03_2	1	298603	224
Chi_P03_2	1	298603	152
Chi_P03_2	1	298603	122
Chi_P03_2	1	298603	94
Chi_P03_2	1	298603	184
Chi_P03_2	1	298603	56
Chi_P03_2	1	298603	129
Chi_P03_2	1	298603	178
Chi_P03_2	1	298603	137
Chi_P03_2	1	298603	68
Chi_P03_2	1	298603	119
Chi_P03_2	1	298603	148
Chi_P03_2	1	298603	65
Chi_P03_2	1	298603	106
Chi_P03_2	1	298603	102
Chi_P03_2	1	298603	120
Chi_P03_2	1	298603	133
Chi_P03_2	1	298603	104
Chi_P03_2	1	298603	117
Chi_P03_2	1	298603	122
Chi_P03_2	1	298603	266
Chi_P03_2	1	298603	97
Chi_P03_2	1	298603	165
Chi_P03_2	1	298603	98
Chi_P03_2	1	298603	33
Chi_P03_2	1	298603	260
Chi_P03_2	1	298603	93
Chi_P03_2	1	298603	109
Chi_P03_2	1	298603	81
Chi_P03_2	1	298603	91
Chi_P03_2	1	298603	120
Chi_P03_2	1	298603	87
Chi_P03_2	1	298603	63
Chi_P03_2	1	298603	114
Chi_P03_2	1	298603	133
Chi_P03_2	1	298603	158
Chi_P03_2	1	298603	91
Chi_P03_2	1	298603	140
Chi_P03_2	1	298603	139
Chi_P03_2	1	298603	69
Chi_P03_2	1	298603	141
Chi_P03_2	1	298603	104
Chi_P03_2	1	298603	64
Chi_P03_2	1	298603	39
Chi_P03_2	1	298603	60
Chi_P03_2	1	298603	97
Chi_P03_2	1	298603	66
Chi_P03_2	1	298603	77
Chi_P03_2	1	298603	65
Chi_P03_2	1	298603	86
Chi_P03_2	2	276252	82
Chi_P03_2	2	276252	110
Chi_P03_2	2	276252	147
Chi_P03_2	2	276252	83
Chi_P03_2	2	276252	105
Chi_P03_2	2	276252	112
Chi_P03_2	2	276252	248
Chi_P03_2	2	276252	201
Chi_P03_2	2	276252	124
Chi_P03_2	2	276252	122
Chi_P03_2	2	276252	87
Chi_P03_2	2	276252	123
Chi_P03_2	2	276252	71
Chi_P03_2	2	276252	48
Chi_P03_2	2	276252	123
Chi_P03_2	2	276252	162
Chi_P03_2	2	276252	116
Chi_P03_2	2	276252	80
Chi_P03_2	2	276252	137
Chi_P03_2	2	276252	168
Chi_P03_2	2	276252	148
Chi_P03_2	2	276252	126
Chi_P03_2	2	276252	126
Chi_P03_2	2	276252	141
Chi_P03_2	2	276252	112
Chi_P03_2	2	276252	90
Chi_P03_2	2	276252	283
Chi_P03_2	2	276252	111
Chi_P03_2	2	276252	73
Chi_P03_2	2	276252	92
Chi_P03_2	2	276252	157
Chi_P03_2	2	276252	108
Chi_P03_2	2	276252	104
Chi_P03_2	2	276252	141
Chi_P03_2	2	276252	124
Chi_P03_2	2	276252	126
Chi_P03_2	2	276252	162
Chi_P03_2	2	276252	251
Chi_P03_2	2	276252	87
Chi_P03_2	2	276252	206
Chi_P03_2	2	276252	97
Chi_P03_2	2	276252	124
Chi_P03_2	2	276252	189
Chi_P03_2	2	276252	107
Chi_P03_2	2	276252	80
Chi_P03_2	2	276252	196
Chi_P03_2	2	276252	145
Chi_P03_2	2	276252	17
Chi_P03_2	2	276252	21
Chi_P03_2	2	276252	91
Chi_P03_2	2	276252	96
Chi_P03_2	2	276252	163
Chi_P03_2	2	276252	113
Chi_P03_2	2	276252	133
Chi_P03_2	2	276252	44
Chi_P03_2	2	276252	128
Chi_P03_2	2	276252	74
Chi_P03_2	2	276252	61
Chi_P03_2	2	276252	108
Chi_P03_2	2	276252	44
Chi_P03_2	2	276252	94
Chi_P03_2	2	276252	105
Chi_P03_2	2	276252	118
Chi_P03_2	2	276252	109
Chi_P03_2	2	276252	94
Chi_P03_2	2	276252	85
Chi_P03_2	2	276252	110
Chi_P03_2	2	276252	103
Chi_P03_2	2	276252	74
Chi_P03_2	2	276252	97
Chi_P03_2	2	276252	16
Chi_P03_2	2	276252	100
Chi_P03_2	2	276252	132
Chi_P03_2	2	276252	188
Chi_P03_2	2	276252	86
Chi_P03_2	2	276252	47
Chi_P03_2	2	276252	274
Chi_P03_2	2	276252	159
Chi_P03_2	2	276252	105
Chi_P03_2	2	276252	73
Chi_P03_2	2	276252	89
Chi_P03_2	2	276252	120
Chi_P03_2	2	276252	36
Chi_P03_2	2	276252	82
Chi_P03_2	2	276252	107
Chi_P03_2	2	276252	113
Chi_P03_2	2	276252	109
Chi_P03_2	2	276252	135
Chi_P03_2	2	276252	129
Chi_P03_2	2	276252	160
Chi_P03_2	2	276252	121
Chi_P03_2	2	276252	117
Chi_P03_2	2	276252	254
Chi_P03_2	2	276252	105
Chi_P03_2	2	276252	88
Chi_P03_2	2	276252	57
Chi_P03_2	2	276252	29
Chi_P03_2	2	276252	66
Chi_P03_2	2	276252	48
Chi_P03_2	2	276252	89
Chi_P03_2	2	276252	56
Chi_P03_2	2	276252	81
Chi_P03_2	2	276252	146
Chi_P03_2	2	276252	93
Chi_P03_2	2	276252	88
Chi_P03_2	2	276252	165
Chi_P03_2	2	276252	44
Chi_P03_2	2	276252	114
Chi_P03_2	2	276252	109
Chi_P03_2	2	276252	112
Chi_P03_2	2	276252	59
Chi_P03_2	2	276252	56
Chi_P03_2	2	276252	47
Chi_P03_2	2	276252	74
Chi_P03_2	2	276252	33
Chi_P03_2	2	276252	55
Chi_P03_2	2	276252	47
Chi_P03_2	2	276252	74
Chi_P03_2	2	276252	89
Chi_P03_2	2	276252	89
Chi_P03_2	2	276252	100
Chi_P03_2	2	276252	100
Chi_P03_2	2	276252	110
Chi_P03_2	2	276252	82
Chi_P03_2	2	276252	38
Chi_P03_2	2	276252	64
Chi_P03_2	2	276252	99
Chi_P03_2	2	276252	95
Chi_P03_2	2	276252	54
Chi_P03_2	2	276252	59
Chi_P03_2	2	276252	91
Chi_P03_2	2	276252	20
Chi_P03_2	2	276252	50
Chi_P03_2	2	276252	90
Chi_P03_2	2	276252	108
Chi_P03_2	2	276252	92
Chi_P03_2	2	276252	77
Chi_P03_2	2	276252	99
Chi_P03_2	2	276252	24
Chi_P03_2	3	281184	67
Chi_P03_2	3	281184	122
Chi_P03_2	3	281184	124
Chi_P03_2	3	281184	87
Chi_P03_2	3	281184	78
Chi_P03_2	3	281184	85
Chi_P03_2	3	281184	96
Chi_P03_2	3	281184	135
Chi_P03_2	3	281184	56
Chi_P03_2	3	281184	145
Chi_P03_2	3	281184	121
Chi_P03_2	3	281184	106
Chi_P03_2	3	281184	80
Chi_P03_2	3	281184	114
Chi_P03_2	3	281184	113
Chi_P03_2	3	281184	136
Chi_P03_2	3	281184	129
Chi_P03_2	3	281184	105
Chi_P03_2	3	281184	136
Chi_P03_2	3	281184	116
Chi_P03_2	3	281184	147
Chi_P03_2	3	281184	168
Chi_P03_2	3	281184	92
Chi_P03_2	3	281184	202
Chi_P03_2	3	281184	260
Chi_P03_2	3	281184	72
Chi_P03_2	3	281184	126
Chi_P03_2	3	281184	73
Chi_P03_2	3	281184	72
Chi_P03_2	3	281184	328
Chi_P03_2	3	281184	153
Chi_P03_2	3	281184	84
Chi_P03_2	3	281184	305
Chi_P03_2	3	281184	116
Chi_P03_2	3	281184	108
Chi_P03_2	3	281184	243
Chi_P03_2	3	281184	96
Chi_P03_2	3	281184	86
Chi_P03_2	3	281184	133
Chi_P03_2	3	281184	78
Chi_P03_2	3	281184	75
Chi_P03_2	3	281184	142
Chi_P03_2	3	281184	71
Chi_P03_2	3	281184	212
Chi_P03_2	3	281184	105
Chi_P03_2	3	281184	98
Chi_P03_2	3	281184	58
Chi_P03_2	3	281184	159
Chi_P03_2	3	281184	95
Chi_P03_2	3	281184	70
Chi_P03_2	3	281184	192
Chi_P03_2	3	281184	116
Chi_P03_2	3	281184	48
Chi_P03_2	3	281184	26
Chi_P03_2	3	281184	134
Chi_P03_2	3	281184	85
Chi_P03_2	3	281184	48
Chi_P03_2	3	281184	45
Chi_P03_2	3	281184	42
Chi_P03_2	3	281184	38
Chi_P03_2	3	281184	106
Chi_P03_2	3	281184	152
Chi_P03_2	3	281184	95
Chi_P03_2	3	281184	141
Chi_P03_2	3	281184	69
Chi_P03_2	3	281184	58
Chi_P03_2	3	281184	134
Chi_P03_2	3	281184	51
Chi_P03_2	3	281184	106
Chi_P03_2	3	281184	97
Chi_P03_2	3	281184	123
Chi_P03_2	3	281184	129
Chi_P03_2	3	281184	78
Chi_P03_2	3	281184	97
Chi_P03_2	3	281184	88
Chi_P03_2	3	281184	61
Chi_P03_2	3	281184	90
Chi_P03_2	3	281184	57
Chi_P03_2	3	281184	75
Chi_P03_2	3	281184	119
Chi_P03_2	3	281184	267
Chi_P03_2	3	281184	38
Chi_P03_2	3	281184	66
Chi_P03_2	3	281184	88
Chi_P03_2	3	281184	142
Chi_P03_2	3	281184	111
Chi_P03_2	3	281184	169
Chi_P03_2	3	281184	82
Chi_P03_2	3	281184	93
Chi_P03_2	3	281184	111
Chi_P03_2	3	281184	89
Chi_P03_2	3	281184	83
Chi_P03_2	3	281184	101
Chi_P03_2	3	281184	163
Chi_P03_2	3	281184	122
Chi_P03_2	4	295509	86
Chi_P03_2	4	295509	98
Chi_P03_2	4	295509	68
Chi_P03_2	4	295509	84
Chi_P03_2	4	295509	104
Chi_P03_2	4	295509	72
Chi_P03_2	4	295509	126
Chi_P03_2	4	295509	94
Chi_P03_2	4	295509	77
Chi_P03_2	4	295509	97
Chi_P03_2	4	295509	105
Chi_P03_2	4	295509	110
Chi_P03_2	4	295509	87
Chi_P03_2	4	295509	10
Chi_P03_2	4	295509	88
Chi_P03_2	4	295509	123
Chi_P03_2	4	295509	94
Chi_P03_2	4	295509	101
Chi_P03_2	4	295509	158
Chi_P03_2	4	295509	67
Chi_P03_2	4	295509	81
Chi_P03_2	4	295509	50
Chi_P03_2	4	295509	234
Chi_P03_2	4	295509	110
Chi_P03_2	4	295509	129
Chi_P03_2	4	295509	79
Chi_P03_2	4	295509	181
Chi_P03_2	4	295509	157
Chi_P03_2	4	295509	153
Chi_P03_2	4	295509	160
Chi_P03_2	4	295509	53
Chi_P03_2	4	295509	141
Chi_P03_2	4	295509	39
Chi_P03_2	4	295509	106
Chi_P03_2	4	295509	123
Chi_P03_2	4	295509	170
Chi_P03_2	4	295509	88
Chi_P03_2	4	295509	75
Chi_P03_2	4	295509	77
Chi_P03_2	4	295509	66
Chi_P03_2	4	295509	133
Chi_P03_2	4	295509	58
Chi_P03_2	4	295509	142
Chi_P03_2	4	295509	123
Chi_P03_2	4	295509	437
Chi_P03_2	4	295509	96
Chi_P03_2	4	295509	131
Chi_P03_2	4	295509	106
Chi_P03_2	4	295509	108
Chi_P03_2	4	295509	82
Chi_P03_2	4	295509	84
Chi_P03_2	4	295509	320
Chi_P03_2	4	295509	138
Chi_P03_2	4	295509	81
Chi_P03_2	4	295509	134
Chi_P03_2	4	295509	112
Chi_P03_2	4	295509	100
Chi_P03_2	4	295509	97
Chi_P03_2	4	295509	244
Chi_P03_2	4	295509	111
Chi_P03_2	4	295509	116
Chi_P03_2	4	295509	119
Chi_P03_2	4	295509	120
Chi_P03_2	4	295509	26
Chi_P03_2	4	295509	295
Chi_P03_2	4	295509	40
Chi_P03_2	4	295509	113
Chi_P03_2	4	295509	86
Chi_P03_2	4	295509	78
Chi_P03_2	4	295509	191
Chi_P03_2	4	295509	57
Chi_P03_2	4	295509	77
Chi_P03_2	4	295509	152
Chi_P03_2	4	295509	118
Chi_P03_2	4	295509	78
Chi_P03_2	4	295509	97
Chi_P03_2	4	295509	122
Chi_P03_2	4	295509	94
Chi_P03_2	4	295509	136
Chi_P03_2	4	295509	126
Chi_P03_2	4	295509	141
Chi_P03_2	4	295509	93
Chi_P03_2	4	295509	93
Chi_P03_2	4	295509	86
Chi_P03_2	4	295509	64
Chi_P03_2	4	295509	262
Chi_P03_2	4	295509	203
Chi_P03_2	4	295509	212
Chi_P03_2	4	295509	119
Chi_P03_2	4	295509	228
Chi_P03_2	4	295509	133
Chi_P03_2	4	295509	115
Chi_P03_2	4	295509	231
Chi_P03_2	4	295509	75
Chi_P03_2	4	295509	394
Chi_P03_2	4	295509	143
Chi_P03_2	4	295509	109
Chi_P03_2	4	295509	87
Chi_P03_2	4	295509	64
Chi_P03_2	4	295509	134
Chi_P03_2	4	295509	109
Chi_P03_2	4	295509	119
Chi_P03_2	4	295509	97
Chi_P03_2	4	295509	158
Chi_P03_2	4	295509	249
Chi_P03_2	4	295509	109
Chi_P03_2	4	295509	227
Chi_P03_2	4	295509	189
Chi_P03_2	4	295509	114
Chi_P03_2	4	295509	87
Chi_P03_2	4	295509	85
Chi_P03_2	4	295509	186
Chi_P03_2	4	295509	67
Chi_P03_2	4	295509	177
Chi_P03_2	4	295509	168
Chi_P03_2	4	295509	93
Chi_P03_2	4	295509	82
Chi_P03_2	4	295509	87
Chi_P03_2	4	295509	126
Chi_P03_2	4	295509	361
Chi_P03_2	4	295509	167
Chi_P03_2	4	295509	91
Chi_P03_2	4	295509	148
Chi_P03_2	4	295509	110
Chi_P03_2	4	295509	144
Chi_P03_2	4	295509	89
Chi_P03_2	4	295509	93
Chi_P03_2	4	295509	179
Chi_P03_2	4	295509	220
Chi_P03_2	4	295509	49
Chi_P03_2	4	295509	180
Chi_P03_2	4	295509	28
Chi_P03_2	4	295509	147
Chi_P03_2	4	295509	85
Chi_P03_2	4	295509	117
Chi_P03_2	4	295509	68
Chi_P03_2	4	295509	147
Chi_P03_2	4	295509	48
Chi_P03_2	4	295509	56
Chi_P03_2	4	295509	108
Chi_P03_2	4	295509	29
Chi_P03_2	4	295509	116
Chi_P03_2	5	298423	157
Chi_P03_2	5	298423	63
Chi_P03_2	5	298423	95
Chi_P03_2	5	298423	96
Chi_P03_2	5	298423	93
Chi_P03_2	5	298423	89
Chi_P03_2	5	298423	99
Chi_P03_2	5	298423	97
Chi_P03_2	5	298423	123
Chi_P03_2	5	298423	43
Chi_P03_2	5	298423	121
Chi_P03_2	5	298423	114
Chi_P03_2	5	298423	174
Chi_P03_2	5	298423	94
Chi_P03_2	5	298423	93
Chi_P03_2	5	298423	120
Chi_P03_2	5	298423	139
Chi_P03_2	5	298423	130
Chi_P03_2	5	298423	210
Chi_P03_2	5	298423	102
Chi_P03_2	5	298423	97
Chi_P03_2	5	298423	100
Chi_P03_2	5	298423	116
Chi_P03_2	5	298423	144
Chi_P03_2	5	298423	187
Chi_P03_2	5	298423	118
Chi_P03_2	5	298423	125
Chi_P03_2	5	298423	116
Chi_P03_2	5	298423	130
Chi_P03_2	5	298423	96
Chi_P03_2	5	298423	61
Chi_P03_2	5	298423	163
Chi_P03_2	5	298423	98
Chi_P03_2	5	298423	59
Chi_P03_2	5	298423	91
Chi_P03_2	5	298423	140
Chi_P03_2	5	298423	94
Chi_P03_2	5	298423	150
Chi_P03_2	5	298423	146
Chi_P03_2	5	298423	126
Chi_P03_2	5	298423	178
Chi_P03_2	5	298423	138
Chi_P03_2	5	298423	118
Chi_P03_2	5	298423	99
Chi_P03_2	5	298423	140
Chi_P03_2	5	298423	148
Chi_P03_2	5	298423	257
Chi_P03_2	5	298423	61
Chi_P03_2	5	298423	96
Chi_P03_2	5	298423	149
Chi_P03_2	5	298423	93
Chi_P03_2	5	298423	148
Chi_P03_2	5	298423	89
Chi_P03_2	5	298423	112
Chi_P03_2	5	298423	89
Chi_P03_2	5	298423	91
Chi_P03_2	5	298423	156
Chi_P03_2	5	298423	110
Chi_P03_2	5	298423	155
Chi_P03_2	5	298423	133
Chi_P03_2	5	298423	182
Chi_P03_2	5	298423	244
Chi_P03_2	5	298423	117
Chi_P03_2	5	298423	165
Chi_P03_2	5	298423	91
Chi_P03_2	5	298423	122
Chi_P03_2	5	298423	265
Chi_P03_2	5	298423	122
Chi_P03_2	5	298423	160
Chi_P03_2	5	298423	143
Chi_P03_2	5	298423	141
Chi_P03_2	5	298423	129
Chi_P03_2	5	298423	88
Chi_P03_2	5	298423	239
Chi_P03_2	5	298423	147
Chi_P03_2	5	298423	282
Chi_P03_2	5	298423	166
Chi_P03_2	5	298423	123
Chi_P03_2	5	298423	140
Chi_P03_2	5	298423	268
Chi_P03_2	5	298423	91
Chi_P03_2	5	298423	177
Chi_P03_2	5	298423	151
Chi_P03_2	5	298423	98
Chi_P03_2	5	298423	125
Chi_P03_2	5	298423	215
Chi_P03_2	5	298423	320
Chi_P03_2	5	298423	83
Chi_P03_2	5	298423	134
Chi_P03_2	5	298423	195
Chi_P03_2	5	298423	185
Chi_P03_2	5	298423	88
Chi_P03_2	5	298423	65
Chi_P03_2	5	298423	114
Chi_P03_2	5	298423	102
Chi_P03_2	5	298423	107
Chi_P03_2	5	298423	71
Chi_P03_2	5	298423	29
Chi_P03_2	5	298423	77
Chi_P03_2	5	298423	226
Chi_P03_2	5	298423	219
Chi_P03_2	5	298423	50
Chi_P03_2	5	298423	309
Chi_P03_2	5	298423	107
Chi_P03_2	5	298423	80
Chi_P03_2	5	298423	130
Chi_P03_2	5	298423	74
Chi_P03_2	5	298423	202
Chi_P03_2	5	298423	110
Chi_P03_2	5	298423	219
Chi_P03_2	5	298423	85
Chi_P03_2	5	298423	279
Chi_P03_2	5	298423	110
Chi_P03_2	5	298423	186
Chi_P03_2	5	298423	124
Chi_P03_2	5	298423	143
Chi_P03_2	5	298423	50
Chi_P03_2	6	305218	21
Chi_P03_2	6	305218	55
Chi_P03_2	6	305218	145
Chi_P03_2	6	305218	118
Chi_P03_2	6	305218	208
Chi_P03_2	6	305218	68
Chi_P03_2	6	305218	112
Chi_P03_2	6	305218	108
Chi_P03_2	6	305218	119
Chi_P03_2	6	305218	128
Chi_P03_2	6	305218	122
Chi_P03_2	6	305218	190
Chi_P03_2	6	305218	417
Chi_P03_2	6	305218	92
Chi_P03_2	6	305218	115
Chi_P03_2	6	305218	149
Chi_P03_2	6	305218	96
Chi_P03_2	6	305218	108
Chi_P03_2	6	305218	98
Chi_P03_2	6	305218	82
Chi_P03_2	6	305218	40
Chi_P03_2	6	305218	53
Chi_P03_2	6	305218	74
Chi_P03_2	6	305218	108
Chi_P03_2	6	305218	72
Chi_P03_2	6	305218	51
Chi_P03_2	6	305218	93
Chi_P03_2	6	305218	105
Chi_P03_2	6	305218	97
Chi_P03_2	6	305218	87
Chi_P03_2	6	305218	92
Chi_P03_2	6	305218	134
Chi_P03_2	6	305218	151
Chi_P03_2	6	305218	89
Chi_P03_2	6	305218	106
Chi_P03_2	6	305218	101
Chi_P03_2	6	305218	96
Chi_P03_2	6	305218	80
Chi_P03_2	6	305218	74
Chi_P03_2	6	305218	81
Chi_P03_2	6	305218	92
Chi_P03_2	6	305218	68
Chi_P03_2	6	305218	114
Chi_P03_2	6	305218	109
Chi_P03_2	6	305218	75
Chi_P03_2	6	305218	121
Chi_P03_2	6	305218	145
Chi_P03_2	6	305218	38
Chi_P03_2	6	305218	116
Chi_P03_2	6	305218	114
Chi_P03_2	6	305218	73
Chi_P03_2	6	305218	117
Chi_P03_2	6	305218	73
Chi_P03_2	6	305218	159
Chi_P03_2	6	305218	72
Chi_P03_2	6	305218	92
Chi_P03_2	6	305218	26
Chi_P03_2	6	305218	67
Chi_P03_2	6	305218	135
Chi_P03_2	6	305218	131
Chi_P03_2	6	305218	93
Chi_P03_2	6	305218	74
Chi_P03_2	6	305218	111
Chi_P03_2	6	305218	135
Chi_P03_2	6	305218	150
Chi_P03_2	6	305218	111
Chi_P03_2	6	305218	99
Chi_P03_2	6	305218	150
Chi_P03_2	6	305218	160
Chi_P03_2	6	305218	149
Chi_P03_2	6	305218	176
Chi_P03_2	6	305218	76
Chi_P03_2	6	305218	118
Chi_P03_2	6	305218	121
Chi_P03_2	6	305218	136
Chi_P03_2	6	305218	85
Chi_P03_2	6	305218	120
Chi_P03_2	6	305218	144
Chi_P03_2	6	305218	160
Chi_P03_2	6	305218	108
Chi_P03_2	6	305218	164
Chi_P03_2	6	305218	88
Chi_P03_2	6	305218	112
Chi_P03_2	6	305218	64
Chi_P03_2	6	305218	96
Chi_P03_2	6	305218	103
Chi_P03_2	6	305218	79
Chi_P03_2	6	305218	118
Chi_P03_2	6	305218	68
Chi_P03_2	6	305218	153
Chi_P03_2	6	305218	172
Chi_P03_2	6	305218	224
Chi_P03_2	6	305218	68
Chi_P03_2	6	305218	75
Chi_P03_2	7	171839	80
Chi_P03_2	7	171839	68
Chi_P03_2	7	171839	40
Chi_P03_2	7	171839	43
Chi_P03_2	7	171839	33
Chi_P03_2	7	171839	62
Chi_P03_2	7	171839	33
Chi_P03_2	7	171839	42
Chi_P03_2	7	171839	145
Chi_P03_2	7	171839	380
Chi_P03_2	7	171839	63
Chi_P03_2	7	171839	118
Chi_P03_2	7	171839	152
Chi_P03_2	7	171839	70
Chi_P03_2	7	171839	149
Chi_P03_2	7	171839	226
Chi_P03_2	7	171839	78
Chi_P03_2	7	171839	88
Chi_P03_2	7	171839	173
Chi_P03_2	7	171839	114
Chi_P03_2	7	171839	38
Chi_P03_2	7	171839	111
Chi_P03_2	7	171839	136
Chi_P03_2	7	171839	135
Chi_P03_2	7	171839	80
Chi_P03_2	7	171839	86
Chi_P03_2	7	171839	112
Chi_P03_2	7	171839	103
Chi_P03_2	7	171839	84
Chi_P03_2	7	171839	85
Chi_P03_2	7	171839	99
Chi_P03_2	7	171839	87
Chi_P03_2	7	171839	77
Chi_P03_2	7	171839	55
Chi_P03_2	7	171839	170
Chi_P03_2	7	171839	136
Chi_P03_2	7	171839	63
Chi_P03_2	7	171839	102
Chi_P03_2	7	171839	80
Chi_P03_2	7	171839	181
Chi_P03_2	7	171839	92
Chi_P03_2	7	171839	218
Chi_P03_2	7	171839	131
Chi_P03_2	7	171839	125
Chi_P03_2	7	171839	110
Chi_P03_2	7	171839	140
Chi_P03_2	7	171839	151
Chi_P03_2	7	171839	97
Chi_P03_2	7	171839	83
Chi_P03_2	7	171839	98
Chi_P03_2	7	171839	131
Chi_P03_2	7	171839	172
Chi_P03_2	7	171839	167
Chi_P03_2	7	171839	125
Chi_P03_2	7	171839	106
Chi_P03_2	7	171839	83
Chi_P03_2	7	171839	141
Chi_P03_2	7	171839	106
Chi_P03_2	7	171839	92
Chi_P03_2	7	171839	97
Chi_P03_2	7	171839	68
Chi_P03_2	7	171839	76
Chi_P03_2	7	171839	110
Chi_P03_2	7	171839	136
Chi_P03_2	7	171839	106
Chi_P03_2	7	171839	102
Chi_P03_2	7	171839	107
Chi_P03_2	8	218489	90
Chi_P03_2	8	218489	101
Chi_P03_2	8	218489	80
Chi_P03_2	8	218489	114
Chi_P03_2	8	218489	107
Chi_P03_2	8	218489	125
Chi_P03_2	8	218489	63
Chi_P03_2	8	218489	134
Chi_P03_2	8	218489	100
Chi_P03_2	8	218489	38
Chi_P03_2	8	218489	92
Chi_P03_2	8	218489	64
Chi_P03_2	8	218489	72
Chi_P03_2	8	218489	144
Chi_P03_2	8	218489	98
Chi_P03_2	8	218489	30
Chi_P03_2	8	218489	104
Chi_P03_2	8	218489	122
Chi_P03_2	8	218489	164
Chi_P03_2	8	218489	94
Chi_P03_2	8	218489	82
Chi_P03_2	8	218489	133
Chi_P03_2	8	218489	115
Chi_P03_2	8	218489	140
Chi_P03_2	8	218489	126
Chi_P03_2	8	218489	97
Chi_P03_2	8	218489	94
Chi_P03_2	8	218489	116
Chi_P03_2	8	218489	158
Chi_P03_2	8	218489	12
Chi_P03_2	8	218489	183
Chi_P03_2	8	218489	146
Chi_P03_2	8	218489	93
Chi_P03_2	8	218489	116
Chi_P03_2	8	218489	160
Chi_P03_2	8	218489	59
Chi_P03_2	8	218489	128
Chi_P03_2	8	218489	103
Chi_P03_2	8	218489	112
Chi_P03_2	8	218489	23
Chi_P03_2	8	218489	101
Chi_P03_2	8	218489	75
Chi_P03_2	8	218489	93
Chi_P03_2	8	218489	262
Chi_P03_2	8	218489	34
Chi_P03_2	8	218489	215
Chi_P03_2	8	218489	227
Chi_P03_2	8	218489	73
Chi_P03_2	8	218489	247
Chi_P03_2	8	218489	131
Chi_P03_2	8	218489	12
Chi_P03_2	8	218489	149
Chi_P03_2	8	218489	148
Chi_P03_2	8	218489	127
Chi_P03_2	8	218489	197
Chi_P03_2	8	218489	232
Chi_P03_2	8	218489	112
Chi_P03_2	8	218489	79
Chi_P03_2	8	218489	88
Chi_P03_2	8	218489	213
Chi_P03_2	8	218489	121
Chi_P03_2	8	218489	160
Chi_P03_2	8	218489	102
Chi_P03_2	8	218489	112
Chi_P03_2	8	218489	417
Chi_P03_2	8	218489	107
Chi_P03_2	8	218489	78
Chi_P03_2	8	218489	95
Chi_P03_2	8	218489	110
Chi_P03_2	8	218489	69
Chi_P03_2	8	218489	76
Chi_P03_2	8	218489	238
Chi_P03_2	8	218489	183
Chi_P03_2	8	218489	81
Chi_P03_2	8	218489	157
Chi_P03_2	8	218489	63
Chi_P03_2	8	218489	120
Chi_P03_2	8	218489	144
Chi_P03_2	8	218489	192
Chi_P03_2	8	218489	145
Chi_P03_2	8	218489	130
Chi_P03_2	8	218489	124
Chi_P03_2	8	218489	136
Chi_P03_2	8	218489	152
Chi_P03_2	8	218489	70
Chi_P03_2	8	218489	101
Chi_P03_2	8	218489	37
Chi_P03_2	8	218489	46
Chi_P03_2	8	218489	90
Chi_P03_2	8	218489	62
Chi_P03_2	8	218489	93
Chi_P03_2	8	218489	107
Chi_P03_2	8	218489	103
Chi_P03_2	8	218489	128
Chi_P03_2	8	218489	48
Chi_P03_2	8	218489	89
Chi_P03_2	8	218489	87
Chi_P03_2	8	218489	57
Chi_P03_2	8	218489	103
Chi_P03_2	8	218489	144
Chi_P03_2	8	218489	383
Chi_P03_2	8	218489	89
Chi_P03_2	8	218489	107
Chi_P03_2	9	216522	76
Chi_P03_2	9	216522	64
Chi_P03_2	9	216522	44
Chi_P03_2	9	216522	81
Chi_P03_2	9	216522	138
Chi_P03_2	9	216522	54
Chi_P03_2	9	216522	73
Chi_P03_2	9	216522	107
Chi_P03_2	9	216522	87
Chi_P03_2	9	216522	44
Chi_P03_2	9	216522	43
Chi_P03_2	9	216522	75
Chi_P03_2	9	216522	109
Chi_P03_2	9	216522	167
Chi_P03_2	9	216522	107
Chi_P03_2	9	216522	98
Chi_P03_2	9	216522	141
Chi_P03_2	9	216522	106
Chi_P03_2	9	216522	100
Chi_P03_2	9	216522	79
Chi_P03_2	9	216522	291
Chi_P03_2	9	216522	335
Chi_P03_2	9	216522	195
Chi_P03_2	9	216522	160
Chi_P03_2	9	216522	109
Chi_P03_2	9	216522	80
Chi_P03_2	9	216522	107
Chi_P03_2	9	216522	51
Chi_P03_2	9	216522	63
Chi_P03_2	9	216522	63
Chi_P03_2	9	216522	107
Chi_P03_2	9	216522	162
Chi_P03_2	9	216522	69
Chi_P03_2	9	216522	139
Chi_P03_2	9	216522	130
Chi_P03_2	9	216522	75
Chi_P03_2	9	216522	148
Chi_P03_2	9	216522	85
Chi_P03_2	9	216522	167
Chi_P03_2	9	216522	122
Chi_P03_2	9	216522	87
Chi_P03_2	9	216522	49
Chi_P03_2	9	216522	63
Chi_P03_2	9	216522	125
Chi_P03_2	9	216522	47
Chi_P03_2	9	216522	37
Chi_P03_2	9	216522	125
Chi_P03_2	9	216522	138
Chi_P03_2	9	216522	133
Chi_P03_2	9	216522	150
Chi_P03_2	9	216522	111
Chi_P03_2	9	216522	188
Chi_P03_2	9	216522	124
Chi_P03_2	9	216522	144
Chi_P03_2	9	216522	105
Chi_P03_2	9	216522	125
Chi_P03_2	9	216522	178
Chi_P03_2	9	216522	197
Chi_P03_2	9	216522	120
Chi_P03_2	9	216522	93
Chi_P03_2	9	216522	67
Chi_P03_2	9	216522	155
Chi_P03_2	9	216522	202
Chi_P03_2	9	216522	95
Chi_P03_2	9	216522	264
Chi_P03_2	9	216522	133
Chi_P03_2	9	216522	137
Chi_P03_2	9	216522	94
Chi_P03_2	9	216522	186
Chi_P03_2	9	216522	148
Chi_P03_2	9	216522	106
Chi_P03_2	9	216522	129
Chi_P03_2	9	216522	123
Chi_P03_2	9	216522	113
Chi_P03_2	9	216522	95
Chi_P03_2	9	216522	82
Chi_P03_2	9	216522	152
Chi_P03_2	9	216522	136
Chi_P03_2	9	216522	117
Chi_P03_2	9	216522	230
Chi_P03_2	9	216522	105
Chi_P03_2	10	248597	80
Chi_P03_2	10	248597	36
Chi_P03_2	10	248597	44
Chi_P03_2	10	248597	38
Chi_P03_2	10	248597	88
Chi_P03_2	10	248597	80
Chi_P03_2	10	248597	93
Chi_P03_2	10	248597	153
Chi_P03_2	10	248597	97
Chi_P03_2	10	248597	76
Chi_P03_2	10	248597	52
Chi_P03_2	10	248597	65
Chi_P03_2	10	248597	108
Chi_P03_2	10	248597	64
Chi_P03_2	10	248597	108
Chi_P03_2	10	248597	125
Chi_P03_2	10	248597	115
Chi_P03_2	10	248597	89
Chi_P03_2	10	248597	90
Chi_P03_2	10	248597	137
Chi_P03_2	10	248597	154
Chi_P03_2	10	248597	88
Chi_P03_2	10	248597	138
Chi_P03_2	10	248597	36
Chi_P03_2	10	248597	218
Chi_P03_2	10	248597	77
Chi_P03_2	10	248597	103
Chi_P03_2	10	248597	110
Chi_P03_2	10	248597	158
Chi_P03_2	10	248597	150
Chi_P03_2	10	248597	116
Chi_P03_2	10	248597	76
Chi_P03_2	10	248597	70
Chi_P03_2	10	248597	51
Chi_P03_2	10	248597	195
Chi_P03_2	10	248597	150
Chi_P03_2	10	248597	82
Chi_P03_2	10	248597	51
Chi_P03_2	10	248597	53
Chi_P03_2	10	248597	205
Chi_P03_2	10	248597	93
Chi_P03_2	10	248597	80
Chi_P03_2	10	248597	28
Chi_P03_2	10	248597	145
Chi_P03_2	10	248597	89
Chi_P03_2	10	248597	80
Chi_P03_2	10	248597	95
Chi_P03_2	10	248597	47
Chi_P03_2	10	248597	56
Chi_P03_2	10	248597	69
Chi_P03_2	10	248597	92
Chi_P03_2	10	248597	69
Chi_P03_2	10	248597	74
Chi_P03_2	10	248597	116
Chi_P03_2	10	248597	152
Chi_P03_2	10	248597	148
Chi_P03_2	10	248597	15
Chi_P03_2	10	248597	74
Chi_P03_2	10	248597	85
Chi_P03_2	10	248597	108
Chi_P03_2	10	248597	103
Chi_P03_2	10	248597	20
Chi_P03_2	10	248597	112
Chi_P03_2	10	248597	115
Chi_P03_2	10	248597	61
Chi_P03_2	10	248597	70
Chi_P03_2	10	248597	119
Chi_P03_2	10	248597	112
Chi_P03_2	10	248597	82
Chi_P03_2	10	248597	119
Chi_P03_2	10	248597	48
Chi_P03_2	10	248597	113
Chi_P03_2	10	248597	55
Chi_P03_2	10	248597	160
Chi_P03_2	10	248597	91
Chi_P03_2	10	248597	115
Chi_P03_2	10	248597	50
Chi_P03_2	10	248597	136
Chi_P03_2	10	248597	24
Chi_P03_2	10	248597	253
Chi_P03_2	10	248597	87
Chi_P03_2	10	248597	38
Chi_P03_2	10	248597	11
Chi_P03_2	10	248597	97
Chi_P03_2	10	248597	124
Chi_P03_2	10	248597	30
Chi_P03_2	10	248597	66
Chi_P03_2	10	248597	122
Chi_P03_2	10	248597	122
Chi_P03_2	10	248597	29
Chi_P03_2	10	248597	49
Chi_P03_2	10	248597	35
Chi_P03_2	10	248597	42
Chi_P03_2	10	248597	99
Chi_P03_2	10	248597	84
Chi_P03_2	10	248597	101
Chi_P03_2	10	248597	49
Chi_P03_2	10	248597	15
Chi_P03_2	10	248597	131
Chi_P03_2	10	248597	54
Chi_P03_2	10	248597	25
Chi_P03_2	10	248597	38
Chi_P03_2	10	248597	139
Chi_P03_2	10	248597	91
Chi_P03_2	10	248597	23
Chi_P03_2	10	248597	17
Chi_P03_2	11	252184	69
Chi_P03_2	11	252184	52
Chi_P03_2	11	252184	132
Chi_P03_2	11	252184	125
Chi_P03_2	11	252184	145
Chi_P03_2	11	252184	118
Chi_P03_2	11	252184	149
Chi_P03_2	11	252184	116
Chi_P03_2	11	252184	49
Chi_P03_2	11	252184	149
Chi_P03_2	11	252184	83
Chi_P03_2	11	252184	271
Chi_P03_2	11	252184	59
Chi_P03_2	11	252184	94
Chi_P03_2	11	252184	199
Chi_P03_2	11	252184	61
Chi_P03_2	11	252184	44
Chi_P03_2	11	252184	166
Chi_P03_2	11	252184	113
Chi_P03_2	11	252184	160
Chi_P03_2	11	252184	91
Chi_P03_2	11	252184	122
Chi_P03_2	11	252184	56
Chi_P03_2	11	252184	153
Chi_P03_2	11	252184	82
Chi_P03_2	11	252184	139
Chi_P03_2	11	252184	92
Chi_P03_2	11	252184	82
Chi_P03_2	11	252184	100
Chi_P03_2	11	252184	75
Chi_P03_2	11	252184	154
Chi_P03_2	11	252184	134
Chi_P03_2	11	252184	108
Chi_P03_2	11	252184	258
Chi_P03_2	11	252184	97
Chi_P03_2	11	252184	255
Chi_P03_2	11	252184	82
Chi_P03_2	11	252184	78
Chi_P03_2	11	252184	72
Chi_P03_2	11	252184	83
Chi_P03_2	11	252184	52
Chi_P03_2	11	252184	80
Chi_P03_2	11	252184	98
Chi_P03_2	11	252184	93
Chi_P03_2	11	252184	132
Chi_P03_2	11	252184	97
Chi_P03_2	11	252184	15
Chi_P03_2	11	252184	113
Chi_P03_2	11	252184	220
Chi_P03_2	11	252184	96
Chi_P03_2	11	252184	26
Chi_P03_2	11	252184	72
Chi_P03_2	11	252184	290
Chi_P03_2	11	252184	105
Chi_P03_2	11	252184	241
Chi_P03_2	11	252184	89
Chi_P03_2	11	252184	73
Chi_P03_2	11	252184	78
Chi_P03_2	11	252184	120
Chi_P03_2	11	252184	68
Chi_P03_2	11	252184	101
Chi_P03_2	11	252184	436
Chi_P03_2	11	252184	155
Chi_P03_2	11	252184	87
Chi_P03_2	11	252184	298
Chi_P03_2	11	252184	124
Chi_P03_2	11	252184	385
Chi_P03_2	11	252184	101
Chi_P03_2	11	252184	116
Chi_P03_2	11	252184	171
Chi_P03_2	11	252184	23
Chi_P03_2	11	252184	107
Chi_P03_2	11	252184	112
Chi_P03_2	11	252184	60
Chi_P03_2	11	252184	94
Chi_P03_2	11	252184	85
Chi_P03_2	11	252184	130
Chi_P03_2	11	252184	114
Chi_P03_2	11	252184	55
Chi_P03_2	11	252184	96
Chi_P03_2	11	252184	105
Chi_P03_2	11	252184	138
Chi_P03_2	11	252184	126
Chi_P03_2	11	252184	32
Chi_P03_2	11	252184	94
Chi_P03_2	11	252184	84
Chi_P03_2	11	252184	116
Chi_P03_2	11	252184	26
Chi_P03_2	11	252184	142
Chi_P03_2	11	252184	159
Chi_P03_2	11	252184	122
Chi_P03_2	11	252184	93
Chi_P03_2	11	252184	121
Chi_P03_2	11	252184	136
Chi_P03_2	11	252184	51
Chi_P03_2	11	252184	77
Chi_P03_2	11	252184	144
Chi_P03_2	11	252184	86
Chi_P03_2	11	252184	167
Chi_P03_2	12	212996	55
Chi_P03_2	12	212996	75
Chi_P03_2	12	212996	53
Chi_P03_2	12	212996	233
Chi_P03_2	12	212996	23
Chi_P03_2	12	212996	65
Chi_P03_2	12	212996	137
Chi_P03_2	12	212996	144
Chi_P03_2	12	212996	21
Chi_P03_2	12	212996	274
Chi_P03_2	12	212996	70
Chi_P03_2	12	212996	169
Chi_P03_2	12	212996	83
Chi_P03_2	12	212996	89
Chi_P03_2	12	212996	166
Chi_P03_2	12	212996	87
Chi_P03_2	12	212996	95
Chi_P03_2	12	212996	119
Chi_P03_2	12	212996	98
Chi_P03_2	12	212996	81
Chi_P03_2	12	212996	84
Chi_P03_2	12	212996	138
Chi_P03_2	12	212996	126
Chi_P03_2	12	212996	73
Chi_P03_2	12	212996	61
Chi_P03_2	12	212996	95
Chi_P03_2	12	212996	57
Chi_P03_2	12	212996	77
Chi_P03_2	12	212996	86
Chi_P03_2	12	212996	49
Chi_P03_2	12	212996	55
Chi_P03_2	12	212996	54
Chi_P03_2	12	212996	88
Chi_P03_2	12	212996	92
Chi_P03_2	12	212996	46
Chi_P03_2	12	212996	254
Chi_P03_2	12	212996	46
Chi_P03_2	12	212996	109
Chi_P03_2	12	212996	49
Chi_P03_2	12	212996	52
Chi_P03_2	12	212996	75
Chi_P03_2	12	212996	80
Chi_P03_2	12	212996	74
Chi_P03_2	12	212996	69
Chi_P03_2	12	212996	26
Chi_P03_2	12	212996	87
Chi_P03_2	12	212996	96
Chi_P03_2	12	212996	25
Chi_P03_2	12	212996	115
Chi_P03_2	12	212996	79
Chi_P03_2	12	212996	63
Chi_P03_2	12	212996	19
Chi_P03_2	12	212996	65
Chi_P03_2	12	212996	80
Chi_P03_2	12	212996	74
Chi_P03_2	12	212996	86
Chi_P03_2	12	212996	137
Chi_P03_2	12	212996	59
Chi_P03_2	12	212996	103
Chi_P03_2	12	212996	83
Chi_P03_2	12	212996	51
Chi_P03_2	12	212996	131
Chi_P03_2	12	212996	77
Chi_P03_2	12	212996	116
Chi_P03_2	12	212996	87
Chi_P03_2	12	212996	98
Chi_P03_2	12	212996	94
Chi_P03_2	12	212996	93
Chi_P03_2	12	212996	78
Chi_P03_2	12	212996	77
Chi_P03_2	12	212996	116
Chi_P03_2	12	212996	63
Chi_P03_2	12	212996	72
Chi_P03_2	12	212996	65
Chi_P03_2	12	212996	23
Chi_P03_2	12	212996	103
Chi_P03_2	12	212996	37
Chi_P03_2	12	212996	91
Chi_P03_2	12	212996	75
Chi_P03_2	12	212996	105
Chi_P03_2	12	212996	55
Chi_P03_2	12	212996	61
Chi_P03_2	12	212996	74
Chi_P03_2	12	212996	30
Chi_P03_2	12	212996	120
Chi_P03_2	13	181649	62
Chi_P03_2	13	181649	15
Chi_P03_2	13	181649	18
Chi_P03_2	13	181649	80
Chi_P03_2	13	181649	77
Chi_P03_2	13	181649	55
Chi_P03_2	13	181649	51
Chi_P03_2	13	181649	144
Chi_P03_2	13	181649	134
Chi_P03_2	13	181649	121
Chi_P03_2	13	181649	86
Chi_P03_2	13	181649	64
Chi_P03_2	13	181649	132
Chi_P03_2	13	181649	80
Chi_P03_2	13	181649	81
Chi_P03_2	13	181649	72
Chi_P03_2	13	181649	85
Chi_P03_2	13	181649	124
Chi_P03_2	13	181649	127
Chi_P03_2	13	181649	99
Chi_P03_2	13	181649	222
Chi_P03_2	13	181649	86
Chi_P03_2	13	181649	136
Chi_P03_2	13	181649	211
Chi_P03_2	13	181649	86
Chi_P03_2	13	181649	126
Chi_P03_2	13	181649	39
Chi_P03_2	13	181649	97
Chi_P03_2	13	181649	195
Chi_P03_2	13	181649	106
Chi_P03_2	13	181649	74
Chi_P03_2	13	181649	94
Chi_P03_2	13	181649	116
Chi_P03_2	13	181649	42
Chi_P03_2	13	181649	123
Chi_P03_2	13	181649	97
Chi_P03_2	13	181649	70
Chi_P03_2	13	181649	75
Chi_P03_2	13	181649	131
Chi_P03_2	13	181649	103
Chi_P03_2	13	181649	115
Chi_P03_2	13	181649	137
Chi_P03_2	13	181649	104
Chi_P03_2	13	181649	131
Chi_P03_2	13	181649	273
Chi_P03_2	13	181649	84
Chi_P03_2	13	181649	112
Chi_P03_2	13	181649	135
Chi_P03_2	13	181649	112
Chi_P03_2	13	181649	121
Chi_P03_2	13	181649	136
Chi_P03_2	13	181649	139
Chi_P03_2	13	181649	33
Chi_P03_2	13	181649	126
Chi_P03_2	13	181649	129
Chi_P03_2	13	181649	76
Chi_P03_2	13	181649	108
Chi_P03_2	13	181649	205
Chi_P03_2	13	181649	96
Chi_P03_2	13	181649	165
Chi_P03_2	13	181649	107
Chi_P03_2	14	193638	85
Chi_P03_2	14	193638	84
Chi_P03_2	14	193638	62
Chi_P03_2	14	193638	38
Chi_P03_2	14	193638	64
Chi_P03_2	14	193638	307
Chi_P03_2	14	193638	103
Chi_P03_2	14	193638	151
Chi_P03_2	14	193638	109
Chi_P03_2	14	193638	91
Chi_P03_2	14	193638	164
Chi_P03_2	14	193638	53
Chi_P03_2	14	193638	75
Chi_P03_2	14	193638	223
Chi_P03_2	14	193638	88
Chi_P03_2	14	193638	38
Chi_P03_2	14	193638	298
Chi_P03_2	14	193638	37
Chi_P03_2	14	193638	128
Chi_P03_2	14	193638	66
Chi_P03_2	14	193638	214
Chi_P03_2	14	193638	124
Chi_P03_2	14	193638	97
Chi_P03_2	14	193638	75
Chi_P03_2	14	193638	102
Chi_P03_2	14	193638	229
Chi_P03_2	14	193638	131
Chi_P03_2	14	193638	477
Chi_P03_2	14	193638	129
Chi_P03_2	14	193638	142
Chi_P03_2	14	193638	141
Chi_P03_2	14	193638	135
Chi_P03_2	14	193638	188
Chi_P03_2	14	193638	133
Chi_P03_2	14	193638	78
Chi_P03_2	14	193638	83
Chi_P03_2	14	193638	192
Chi_P03_2	14	193638	140
Chi_P03_2	14	193638	125
Chi_P03_2	14	193638	170
Chi_P03_2	14	193638	187
Chi_P03_2	14	193638	104
Chi_P03_2	14	193638	84
Chi_P03_2	14	193638	131
Chi_P03_2	14	193638	156
Chi_P03_2	14	193638	74
Chi_P03_2	14	193638	249
Chi_P03_2	14	193638	162
Chi_P03_2	14	193638	165
Chi_P03_2	14	193638	150
Chi_P03_2	14	193638	304
Chi_P03_2	14	193638	183
Chi_P03_2	14	193638	82
Chi_P03_2	14	193638	107
Chi_P03_2	14	193638	223
Chi_P03_2	14	193638	101
Chi_P03_2	14	193638	71
Chi_P03_2	14	193638	68
Chi_P03_2	14	193638	110
Chi_P03_2	14	193638	73
Chi_P03_2	14	193638	184
Chi_P03_2	14	193638	119
Chi_P03_2	14	193638	142
Chi_P03_2	14	193638	137
Chi_P03_2	14	193638	117
Chi_P03_2	14	193638	207
Chi_P03_2	14	193638	124
Chi_P03_2	14	193638	130
Chi_P03_2	14	193638	92
Chi_P03_2	14	193638	120
Chi_P03_2	14	193638	55
Chi_P03_2	14	193638	90
Chi_P03_2	14	193638	91
Chi_P03_2	14	193638	218
Chi_P03_2	14	193638	117
Chi_P03_2	14	193638	52
Chi_P03_2	14	193638	106
Chi_P03_2	14	193638	104
Chi_P03_2	14	193638	120
Chi_P03_2	14	193638	161
Chi_P03_2	14	193638	138
Chi_P03_2	14	193638	130
Chi_P03_2	14	193638	89
Chi_P03_2	14	193638	131
Chi_P03_2	14	193638	122
Chi_P03_2	14	193638	193
Chi_P03_2	14	193638	114
Chi_P03_2	14	193638	21
Chi_P03_2	14	193638	40
Chi_P03_2	14	193638	101
Chi_P03_2	14	193638	111
Chi_P03_2	14	193638	230
Chi_P03_2	14	193638	160
Chi_P03_2	14	193638	160
Chi_P03_2	15	276899	21
Chi_P03_2	15	276899	32
Chi_P03_2	15	276899	60
Chi_P03_2	15	276899	116
Chi_P03_2	15	276899	70
Chi_P03_2	15	276899	22
Chi_P03_2	15	276899	35
Chi_P03_2	15	276899	41
Chi_P03_2	15	276899	68
Chi_P03_2	15	276899	151
Chi_P03_2	15	276899	87
Chi_P03_2	15	276899	93
Chi_P03_2	15	276899	78
Chi_P03_2	15	276899	123
Chi_P03_2	15	276899	73
Chi_P03_2	15	276899	100
Chi_P03_2	15	276899	55
Chi_P03_2	15	276899	60
Chi_P03_2	15	276899	106
Chi_P03_2	15	276899	53
Chi_P03_2	15	276899	50
Chi_P03_2	15	276899	48
Chi_P03_2	15	276899	68
Chi_P03_2	15	276899	43
Chi_P03_2	15	276899	159
Chi_P03_2	15	276899	83
Chi_P03_2	15	276899	72
Chi_P03_2	15	276899	31
Chi_P03_2	15	276899	173
Chi_P03_2	15	276899	74
Chi_P03_2	15	276899	145
Chi_P03_2	15	276899	44
Chi_P03_2	15	276899	89
Chi_P03_2	15	276899	91
Chi_P03_2	15	276899	121
Chi_P03_2	15	276899	63
Chi_P03_2	15	276899	82
Chi_P03_2	15	276899	50
Chi_P03_2	15	276899	78
Chi_P03_2	15	276899	68
Chi_P03_2	15	276899	130
Chi_P03_2	15	276899	43
Chi_P03_2	15	276899	49
Chi_P03_2	15	276899	88
Chi_P03_2	15	276899	185
Chi_P03_2	15	276899	106
Chi_P03_2	15	276899	252
Chi_P03_2	15	276899	75
Chi_P03_2	15	276899	70
Chi_P03_2	15	276899	115
Chi_P03_2	15	276899	71
Chi_P03_2	15	276899	27
Chi_P03_2	15	276899	66
Chi_P03_2	15	276899	78
Chi_P03_2	15	276899	110
Chi_P03_2	15	276899	215
Chi_P03_2	15	276899	86
Chi_P03_2	15	276899	370
Chi_P03_2	15	276899	91
Chi_P03_2	15	276899	130
Chi_P03_2	15	276899	89
Chi_P03_2	15	276899	98
Chi_P03_2	15	276899	127
Chi_P03_2	15	276899	110
Chi_P03_2	15	276899	160
Chi_P03_2	15	276899	204
Chi_P03_2	15	276899	96
Chi_P03_2	15	276899	186
Chi_P03_2	15	276899	231
Chi_P03_2	15	276899	41
Chi_P03_2	15	276899	121
Chi_P03_2	15	276899	135
Chi_P03_2	15	276899	122
Chi_P03_2	15	276899	110
Chi_P03_2	15	276899	309
Chi_P03_2	15	276899	85
Chi_P03_2	15	276899	137
Chi_P03_2	15	276899	117
Chi_P03_2	15	276899	175
Chi_P03_2	15	276899	77
Chi_P03_2	15	276899	130
Chi_P03_2	15	276899	152
Chi_P03_2	15	276899	91
Chi_P03_2	15	276899	126
Chi_P03_2	15	276899	169
Chi_P03_2	15	276899	143
Chi_P03_2	15	276899	102
Chi_P03_2	15	276899	135
Chi_P03_2	15	276899	42
Chi_P03_2	15	276899	79
Chi_P03_2	15	276899	184
Chi_P03_2	15	276899	42
Chi_P03_2	15	276899	99
Chi_P03_2	15	276899	143
Chi_P03_2	15	276899	134
Chi_P03_2	15	276899	164
Chi_P03_2	15	276899	127
Chi_P03_2	15	276899	135
Chi_P03_2	15	276899	109
Chi_P03_2	15	276899	184
Chi_P03_2	15	276899	161
Chi_P03_2	15	276899	130
Chi_P03_2	15	276899	234
Chi_P03_2	15	276899	92
Chi_P03_2	15	276899	307
Chi_P03_2	15	276899	151
Chi_P03_2	15	276899	142
Chi_P03_2	15	276899	126
Chi_P03_2	15	276899	91
Chi_P03_2	15	276899	108
Chi_P03_2	15	276899	127
Chi_P03_2	15	276899	136
Chi_P03_2	15	276899	104
Chi_P03_2	15	276899	92
Chi_P03_2	15	276899	160
Chi_P03_2	15	276899	95
Chi_P03_2	15	276899	122
Chi_P03_2	15	276899	91
Chi_P03_2	15	276899	92
Chi_P03_2	15	276899	96
Chi_P03_2	15	276899	195
Chi_P03_2	15	276899	42
Chi_P03_2	15	276899	216
Chi_P03_2	15	276899	101
Chi_P03_2	15	276899	80
Chi_P03_2	15	276899	80
Chi_P03_2	15	276899	117
Chi_P03_2	15	276899	173
Chi_P03_2	15	276899	209
Chi_P03_2	15	276899	139
Chi_P03_2	15	276899	87
Chi_P03_2	15	276899	127
Chi_P03_2	15	276899	72
Chi_P03_2	15	276899	107
Chi_P03_2	15	276899	257
Chi_P03_2	15	276899	87
Chi_P03_2	15	276899	131
Chi_P03_2	15	276899	34
Chi_P03_2	15	276899	141
Chi_P03_2	15	276899	96
Chi_P03_2	15	276899	54
Chi_P03_2	15	276899	144
Chi_P03_2	15	276899	179
Chi_P03_2	15	276899	92
Chi_P03_2	15	276899	182
Chi_P03_2	16	238760	138
Chi_P03_2	16	238760	92
Chi_P03_2	16	238760	188
Chi_P03_2	16	238760	111
Chi_P03_2	16	238760	98
Chi_P03_2	16	238760	83
Chi_P03_2	16	238760	93
Chi_P03_2	16	238760	115
Chi_P03_2	16	238760	115
Chi_P03_2	16	238760	123
Chi_P03_2	16	238760	94
Chi_P03_2	16	238760	116
Chi_P03_2	16	238760	171
Chi_P03_2	16	238760	96
Chi_P03_2	16	238760	151
Chi_P03_2	16	238760	110
Chi_P03_2	16	238760	107
Chi_P03_2	16	238760	102
Chi_P03_2	16	238760	89
Chi_P03_2	16	238760	89
Chi_P03_2	16	238760	88
Chi_P03_2	16	238760	199
Chi_P03_2	16	238760	265
Chi_P03_2	16	238760	118
Chi_P03_2	16	238760	73
Chi_P03_2	16	238760	76
Chi_P03_2	16	238760	106
Chi_P03_2	16	238760	64
Chi_P03_2	16	238760	178
Chi_P03_2	16	238760	138
Chi_P03_2	16	238760	60
Chi_P03_2	16	238760	143
Chi_P03_2	16	238760	126
Chi_P03_2	16	238760	91
Chi_P03_2	16	238760	119
Chi_P03_2	16	238760	95
Chi_P03_2	16	238760	130
Chi_P03_2	16	238760	61
Chi_P03_2	16	238760	115
Chi_P03_2	16	238760	127
Chi_P03_2	16	238760	110
Chi_P03_2	16	238760	110
Chi_P03_2	16	238760	111
Chi_P03_2	16	238760	93
Chi_P03_2	16	238760	77
Chi_P03_2	16	238760	92
Chi_P03_2	16	238760	98
Chi_P03_2	16	238760	94
Chi_P03_2	16	238760	187
Chi_P03_2	16	238760	95
Chi_P03_2	16	238760	184
Chi_P03_2	16	238760	81
Chi_P03_2	16	238760	92
Chi_P03_2	16	238760	95
Chi_P03_2	16	238760	77
Chi_P03_2	16	238760	88
Chi_P03_2	16	238760	72
Chi_P03_2	16	238760	89
Chi_P03_2	16	238760	272
Chi_P03_2	16	238760	79
Chi_P03_2	16	238760	130
Chi_P03_2	16	238760	72
Chi_P03_2	16	238760	106
Chi_P03_2	16	238760	87
Chi_P03_2	16	238760	26
Chi_P03_2	16	238760	108
Chi_P03_2	16	238760	80
Chi_P03_2	16	238760	82
Chi_P03_2	16	238760	106
Chi_P03_2	16	238760	82
Chi_P03_2	16	238760	84
Chi_P03_2	16	238760	98
Chi_P03_2	16	238760	112
Chi_P03_2	16	238760	81
Chi_P03_2	16	238760	107
Chi_P03_2	17	281009	172
Chi_P03_2	17	281009	50
Chi_P03_2	17	281009	72
Chi_P03_2	17	281009	84
Chi_P03_2	17	281009	107
Chi_P03_2	17	281009	107
Chi_P03_2	17	281009	72
Chi_P03_2	17	281009	76
Chi_P03_2	17	281009	90
Chi_P03_2	17	281009	69
Chi_P03_2	17	281009	116
Chi_P03_2	17	281009	93
Chi_P03_2	17	281009	65
Chi_P03_2	17	281009	135
Chi_P03_2	17	281009	285
Chi_P03_2	17	281009	133
Chi_P03_2	17	281009	120
Chi_P03_2	17	281009	107
Chi_P03_2	17	281009	92
Chi_P03_2	17	281009	94
Chi_P03_2	17	281009	106
Chi_P03_2	17	281009	162
Chi_P03_2	17	281009	150
Chi_P03_2	17	281009	118
Chi_P03_2	17	281009	201
Chi_P03_2	17	281009	153
Chi_P03_2	17	281009	96
Chi_P03_2	17	281009	172
Chi_P03_2	17	281009	114
Chi_P03_2	17	281009	143
Chi_P03_2	17	281009	193
Chi_P03_2	17	281009	85
Chi_P03_2	17	281009	138
Chi_P03_2	17	281009	285
Chi_P03_2	17	281009	99
Chi_P03_2	17	281009	118
Chi_P03_2	17	281009	137
Chi_P03_2	17	281009	82
Chi_P03_2	17	281009	168
Chi_P03_2	17	281009	102
Chi_P03_2	17	281009	178
Chi_P03_2	17	281009	111
Chi_P03_2	17	281009	128
Chi_P03_2	17	281009	161
Chi_P03_2	17	281009	292
Chi_P03_2	17	281009	186
Chi_P03_2	17	281009	458
Chi_P03_2	17	281009	193
Chi_P03_2	17	281009	106
Chi_P03_2	17	281009	169
Chi_P03_2	17	281009	316
Chi_P03_2	17	281009	107
Chi_P03_2	17	281009	102
Chi_P03_2	17	281009	125
Chi_P03_2	17	281009	134
Chi_P03_2	17	281009	83
Chi_P03_2	17	281009	178
Chi_P03_2	17	281009	120
Chi_P03_2	17	281009	125
Chi_P03_2	17	281009	317
Chi_P03_2	17	281009	81
Chi_P03_2	17	281009	66
Chi_P03_2	17	281009	132
Chi_P03_2	17	281009	188
Chi_P03_2	17	281009	188
Chi_P03_2	17	281009	103
Chi_P03_2	17	281009	160
Chi_P03_2	17	281009	326
Chi_P03_2	17	281009	123
Chi_P03_2	17	281009	145
Chi_P03_2	17	281009	88
Chi_P03_2	17	281009	164
Chi_P03_2	17	281009	145
Chi_P03_2	17	281009	158
Chi_P03_2	17	281009	89
Chi_P03_2	17	281009	133
Chi_P03_2	17	281009	445
Chi_P03_2	17	281009	123
Chi_P03_2	17	281009	115
Chi_P03_2	17	281009	142
Chi_P03_2	17	281009	143
Chi_P03_2	17	281009	193
Chi_P03_2	17	281009	406
Chi_P03_2	17	281009	171
Chi_P03_2	17	281009	143
Chi_P03_2	17	281009	234
Chi_P03_2	17	281009	264
Chi_P03_2	17	281009	120
Chi_P03_2	17	281009	116
Chi_P03_2	17	281009	85
Chi_P03_2	17	281009	106
Chi_P03_2	17	281009	98
Chi_P03_2	17	281009	108
Chi_P03_2	17	281009	82
Chi_P03_2	17	281009	62
Chi_P03_2	17	281009	119
Chi_P03_2	17	281009	146
Chi_P03_2	17	281009	86
Chi_P03_2	17	281009	90
Chi_P03_2	17	281009	96
Chi_P03_2	17	281009	131
Chi_P03_2	17	281009	83
Chi_P03_2	17	281009	244
Chi_P03_2	17	281009	89
Chi_P03_2	17	281009	154
Chi_P03_2	17	281009	182
Chi_P03_2	17	281009	146
Chi_P03_2	17	281009	179
Chi_P03_2	17	281009	89
Chi_P03_2	17	281009	81
Chi_P03_2	17	281009	73
Chi_P03_2	17	281009	167
Chi_P03_2	17	281009	125
Chi_P03_2	17	281009	87
Chi_P03_2	17	281009	26
Chi_P03_2	18	291229	150
Chi_P03_2	18	291229	102
Chi_P03_2	18	291229	195
Chi_P03_2	18	291229	122
Chi_P03_2	18	291229	135
Chi_P03_2	18	291229	70
Chi_P03_2	18	291229	81
Chi_P03_2	18	291229	36
Chi_P03_2	18	291229	136
Chi_P03_2	18	291229	119
Chi_P03_2	18	291229	104
Chi_P03_2	18	291229	113
Chi_P03_2	18	291229	15
Chi_P03_2	18	291229	83
Chi_P03_2	18	291229	74
Chi_P03_2	18	291229	157
Chi_P03_2	18	291229	156
Chi_P03_2	18	291229	147
Chi_P03_2	18	291229	108
Chi_P03_2	18	291229	89
Chi_P03_2	18	291229	105
Chi_P03_2	18	291229	50
Chi_P03_2	18	291229	102
Chi_P03_2	18	291229	95
Chi_P03_2	18	291229	109
Chi_P03_2	18	291229	122
Chi_P03_2	18	291229	77
Chi_P03_2	18	291229	102
Chi_P03_2	18	291229	81
Chi_P03_2	18	291229	38
Chi_P03_2	18	291229	99
Chi_P03_2	18	291229	55
Chi_P03_2	18	291229	116
Chi_P03_2	18	291229	66
Chi_P03_2	18	291229	113
Chi_P03_2	18	291229	222
Chi_P03_2	18	291229	172
Chi_P03_2	18	291229	124
Chi_P03_2	18	291229	133
Chi_P03_2	18	291229	126
Chi_P03_2	18	291229	138
Chi_P03_2	18	291229	92
Chi_P03_2	18	291229	64
Chi_P03_2	18	291229	115
Chi_P03_2	18	291229	164
Chi_P03_2	18	291229	140
Chi_P03_2	18	291229	81
Chi_P03_2	18	291229	123
Chi_P03_2	18	291229	254
Chi_P03_2	18	291229	105
Chi_P03_2	18	291229	243
Chi_P03_2	18	291229	112
Chi_P03_2	18	291229	91
Chi_P03_2	18	291229	94
Chi_P03_2	18	291229	21
Chi_P03_2	18	291229	66
Chi_P03_2	18	291229	181
Chi_P03_2	18	291229	32
Chi_P03_2	18	291229	166
Chi_P03_2	18	291229	137
Chi_P03_2	18	291229	127
Chi_P03_2	18	291229	136
Chi_P03_2	18	291229	189
Chi_P03_2	18	291229	145
Chi_P03_2	18	291229	125
Chi_P03_2	18	291229	172
Chi_P03_2	18	291229	114
Chi_P03_2	18	291229	95
Chi_P03_2	18	291229	85
Chi_P03_2	18	291229	94
Chi_P03_2	18	291229	119
Chi_P03_2	18	291229	95
Chi_P03_2	18	291229	83
Chi_P03_2	18	291229	89
Chi_P03_2	18	291229	136
Chi_P03_2	18	291229	37
Chi_P03_2	18	291229	46
Chi_P03_2	18	291229	142
Chi_P03_2	18	291229	145
Chi_P03_2	18	291229	76
Chi_P03_2	18	291229	98
Chi_P03_2	18	291229	126
Chi_P03_2	18	291229	71
Chi_P03_2	18	291229	73
Chi_P03_2	18	291229	33
Chi_P03_2	18	291229	214
Chi_P03_2	18	291229	45
Chi_P03_2	18	291229	139
Chi_P03_2	18	291229	87
Chi_P03_2	18	291229	231
Chi_P03_2	18	291229	127
Chi_P03_2	18	291229	85
Chi_P03_2	18	291229	253
Chi_P03_2	18	291229	110
Chi_P03_2	19	216227	40
Chi_P03_2	19	216227	93
Chi_P03_2	19	216227	32
Chi_P03_2	19	216227	116
Chi_P03_2	19	216227	59
Chi_P03_2	19	216227	80
Chi_P03_2	19	216227	56
Chi_P03_2	19	216227	75
Chi_P03_2	19	216227	140
Chi_P03_2	19	216227	70
Chi_P03_2	19	216227	220
Chi_P03_2	19	216227	86
Chi_P03_2	19	216227	88
Chi_P03_2	19	216227	199
Chi_P03_2	19	216227	27
Chi_P03_2	19	216227	127
Chi_P03_2	19	216227	87
Chi_P03_2	19	216227	173
Chi_P03_2	19	216227	107
Chi_P03_2	19	216227	237
Chi_P03_2	19	216227	228
Chi_P03_2	19	216227	359
Chi_P03_2	19	216227	117
Chi_P03_2	19	216227	81
Chi_P03_2	19	216227	246
Chi_P03_2	19	216227	106
Chi_P03_2	19	216227	90
Chi_P03_2	19	216227	66
Chi_P03_2	19	216227	76
Chi_P03_2	19	216227	82
Chi_P03_2	19	216227	41
Chi_P03_2	19	216227	104
Chi_P03_2	19	216227	61
Chi_P03_2	19	216227	119
Chi_P03_2	19	216227	145
Chi_P03_2	19	216227	92
Chi_P03_2	19	216227	90
Chi_P03_2	19	216227	221
Chi_P03_2	19	216227	80
Chi_P03_2	19	216227	100
Chi_P03_2	19	216227	409
Chi_P03_2	19	216227	110
Chi_P03_2	19	216227	120
Chi_P03_2	19	216227	202
Chi_P03_2	19	216227	388
Chi_P03_2	19	216227	138
Chi_P03_2	19	216227	22
Chi_P03_2	19	216227	68
Chi_P03_2	19	216227	120
Chi_P03_2	19	216227	229
Chi_P03_2	19	216227	85
Chi_P03_2	19	216227	109
Chi_P03_2	19	216227	110
Chi_P03_2	19	216227	93
Chi_P03_2	19	216227	43
Chi_P03_2	19	216227	147
Chi_P03_2	19	216227	89
Chi_P03_2	19	216227	329
Chi_P03_2	19	216227	173
Chi_P03_2	19	216227	93
Chi_P03_2	19	216227	87
Chi_P03_2	19	216227	96
Chi_P03_2	19	216227	53
Chi_P03_2	19	216227	239
Chi_P03_2	19	216227	105
Chi_P03_2	19	216227	93
Chi_P03_2	19	216227	714
Chi_P03_2	19	216227	129
Chi_P03_2	19	216227	68
Chi_P03_2	19	216227	365
Chi_P03_2	19	216227	61
Chi_P03_2	19	216227	58
Chi_P03_2	19	216227	132
Chi_P03_2	19	216227	151
Chi_P03_2	19	216227	73
Chi_P03_2	19	216227	231
Chi_P03_2	19	216227	118
Chi_P03_2	19	216227	109
Chi_P03_2	19	216227	18
Chi_P03_2	19	216227	257
Chi_P03_2	19	216227	164
Chi_P03_2	19	216227	75
Chi_P03_2	19	216227	88
Chi_P03_2	19	216227	36
Chi_P03_2	19	216227	86
Chi_P03_2	19	216227	93
Chi_P03_2	19	216227	230
Chi_P03_2	19	216227	71
Chi_P03_2	19	216227	108
Chi_P03_2	19	216227	33
Chi_P03_2	19	216227	122
Chi_P03_2	19	216227	213
Chi_P03_2	19	216227	85
Chi_P03_2	19	216227	58
Chi_P03_2	19	216227	75
Chi_P03_2	19	216227	75
Chi_P03_2	19	216227	153
Chi_P03_2	20	291036	208
Chi_P03_2	20	291036	158
Chi_P03_2	20	291036	102
Chi_P03_2	20	291036	124
Chi_P03_2	20	291036	162
Chi_P03_2	20	291036	146
Chi_P03_2	20	291036	132
Chi_P03_2	20	291036	148
Chi_P03_2	20	291036	59
Chi_P03_2	20	291036	182
Chi_P03_2	20	291036	93
Chi_P03_2	20	291036	117
Chi_P03_2	20	291036	107
Chi_P03_2	20	291036	93
Chi_P03_2	20	291036	66
Chi_P03_2	20	291036	125
Chi_P03_2	20	291036	65
Chi_P03_2	20	291036	77
Chi_P03_2	20	291036	43
Chi_P03_2	20	291036	84
Chi_P03_2	20	291036	101
Chi_P03_2	20	291036	220
Chi_P03_2	20	291036	79
Chi_P03_2	20	291036	62
Chi_P03_2	20	291036	67
Chi_P03_2	20	291036	159
Chi_P03_2	20	291036	69
Chi_P03_2	20	291036	92
Chi_P03_2	20	291036	71
Chi_P03_2	20	291036	96
Chi_P03_2	20	291036	88
Chi_P03_2	20	291036	63
Chi_P03_2	20	291036	90
Chi_P03_2	20	291036	123
Chi_P03_2	20	291036	105
Chi_P03_2	20	291036	78
Chi_P03_2	20	291036	97
Chi_P03_2	20	291036	81
Chi_P03_2	20	291036	59
Chi_P03_2	20	291036	96
Chi_P03_2	20	291036	103
Chi_P03_2	20	291036	178
Chi_P03_2	20	291036	60
Chi_P03_2	20	291036	122
Chi_P03_2	20	291036	74
Chi_P03_2	20	291036	91
Chi_P03_2	20	291036	73
Chi_P03_2	20	291036	77
Chi_P03_2	20	291036	54
Chi_P03_2	20	291036	73
Chi_P03_2	20	291036	34
Chi_P03_2	20	291036	138
Chi_P03_2	20	291036	89
Chi_P03_2	20	291036	54
Chi_P03_2	20	291036	182
Chi_P03_2	20	291036	56
Chi_P03_2	20	291036	44
Chi_P03_2	20	291036	19
Chi_P03_2	20	291036	80
Chi_P03_2	20	291036	136
Chi_P03_2	20	291036	81
Chi_P03_2	20	291036	50
Chi_P03_2	20	291036	186
Chi_P03_2	20	291036	117
Chi_P03_2	20	291036	152
Chi_P03_2	20	291036	84
Chi_P03_2	20	291036	163
Chi_P03_2	20	291036	167
Chi_P03_2	20	291036	64
Chi_P03_2	20	291036	95
Chi_P03_2	20	291036	36
Chi_P03_2	20	291036	98
Chi_P03_2	20	291036	119
Chi_P03_2	20	291036	129
Chi_P03_2	20	291036	89
Chi_P03_2	20	291036	133
Chi_P03_2	20	291036	152
Chi_P03_2	20	291036	89
Chi_P03_2	20	291036	71
Chi_P03_2	20	291036	318
Chi_P03_2	20	291036	12
Chi_P03_2	20	291036	89
Chi_P03_2	20	291036	104
Chi_P03_2	20	291036	119
Chi_P03_2	20	291036	95
Chi_P03_2	20	291036	111
Chi_P03_2	20	291036	170
Chi_P03_2	20	291036	503
Chi_P03_2	20	291036	129
Chi_P03_2	20	291036	83
Chi_P03_2	20	291036	107
Chi_P03_2	20	291036	209
Chi_P03_2	20	291036	125
Chi_P03_2	20	291036	88
Chi_P03_2	20	291036	90
Chi_P03_2	20	291036	364
Chi_P03_2	20	291036	145
Chi_P03_2	20	291036	94
Chi_P03_2	20	291036	101
Chi_P03_2	20	291036	80
Chi_P03_2	20	291036	101
Chi_P03_2	20	291036	97
Chi_P03_2	20	291036	85
Chi_P03_2	20	291036	261
Chi_P03_2	20	291036	227
Chi_P03_2	20	291036	94
Chi_P03_2	20	291036	99
Chi_P03_2	20	291036	76
Chi_P03_2	20	291036	57
Chi_P03_2	20	291036	107
Chi_P03_2	21	257954	68
Chi_P03_2	21	257954	93
Chi_P03_2	21	257954	143
Chi_P03_2	21	257954	88
Chi_P03_2	21	257954	79
Chi_P03_2	21	257954	132
Chi_P03_2	21	257954	118
Chi_P03_2	21	257954	100
Chi_P03_2	21	257954	126
Chi_P03_2	21	257954	124
Chi_P03_2	21	257954	80
Chi_P03_2	21	257954	130
Chi_P03_2	21	257954	240
Chi_P03_2	21	257954	78
Chi_P03_2	21	257954	74
Chi_P03_2	21	257954	93
Chi_P03_2	21	257954	65
Chi_P03_2	21	257954	103
Chi_P03_2	21	257954	111
Chi_P03_2	21	257954	174
Chi_P03_2	21	257954	42
Chi_P03_2	21	257954	84
Chi_P03_2	21	257954	89
Chi_P03_2	21	257954	80
Chi_P03_2	21	257954	165
Chi_P03_2	21	257954	117
Chi_P03_2	21	257954	96
Chi_P03_2	21	257954	127
Chi_P03_2	21	257954	62
Chi_P03_2	21	257954	140
Chi_P03_2	21	257954	189
Chi_P03_2	21	257954	170
Chi_P03_2	21	257954	138
Chi_P03_2	21	257954	88
Chi_P03_2	21	257954	216
Chi_P03_2	21	257954	143
Chi_P03_2	21	257954	138
Chi_P03_2	21	257954	119
Chi_P03_2	21	257954	516
Chi_P03_2	21	257954	137
Chi_P03_2	21	257954	68
Chi_P03_2	21	257954	299
Chi_P03_2	21	257954	117
Chi_P03_2	21	257954	206
Chi_P03_2	21	257954	76
Chi_P03_2	21	257954	119
Chi_P03_2	21	257954	473
Chi_P03_2	21	257954	217
Chi_P03_2	21	257954	145
Chi_P03_2	21	257954	124
Chi_P03_2	21	257954	272
Chi_P03_2	21	257954	169
Chi_P03_2	21	257954	225
Chi_P03_2	21	257954	204
Chi_P03_2	21	257954	107
Chi_P03_2	21	257954	104
Chi_P03_2	21	257954	123
Chi_P03_2	21	257954	337
Chi_P03_2	21	257954	164
Chi_P03_2	21	257954	245
Chi_P03_2	21	257954	248
Chi_P03_2	21	257954	103
Chi_P03_2	21	257954	137
Chi_P03_2	21	257954	155
Chi_P03_2	21	257954	172
Chi_P03_2	21	257954	86
Chi_P03_2	21	257954	212
Chi_P03_2	21	257954	314
Chi_P03_2	21	257954	68
Chi_P03_2	21	257954	167
Chi_P03_2	21	257954	85
Chi_P03_2	21	257954	104
Chi_P03_2	21	257954	99
Chi_P03_2	21	257954	145
Chi_P03_2	21	257954	120
Chi_P03_2	21	257954	137
Chi_P03_2	21	257954	131
Chi_P03_2	21	257954	73
Chi_P03_2	21	257954	118
Chi_P03_2	21	257954	14
Chi_P03_2	21	257954	41
Chi_P03_2	21	257954	107
Chi_P03_2	21	257954	99
Chi_P03_2	21	257954	120
Chi_P03_2	21	257954	134
Chi_P03_2	21	257954	100
Chi_P03_2	21	257954	117
Chi_P03_2	21	257954	586
Chi_P03_2	21	257954	85
Chi_P03_2	21	257954	108
Chi_P03_2	21	257954	107
Chi_P03_2	21	257954	128
Chi_P03_2	21	257954	121
Chi_P03_2	21	257954	216
Chi_P03_2	21	257954	106
Chi_P03_2	21	257954	191
Chi_P03_2	21	257954	90
Chi_P03_2	21	257954	282
Chi_P03_2	21	257954	189
Chi_P03_2	21	257954	152
Chi_P03_2	21	257954	375
Chi_P03_2	21	257954	92
Chi_P03_2	21	257954	152
Chi_P03_2	21	257954	145
Chi_P03_2	21	257954	183
Chi_P03_2	21	257954	76
Chi_P03_2	21	257954	325
Chi_P03_2	21	257954	169
Chi_P03_2	21	257954	151
Chi_P03_2	21	257954	110
Chi_P03_2	21	257954	158
Chi_P03_2	21	257954	440
Chi_P03_2	21	257954	55
Chi_P03_2	21	257954	152
Chi_P03_2	21	257954	242
Chi_P03_2	21	257954	183
Chi_P03_2	21	257954	120
Chi_P03_2	21	257954	175
Chi_P03_2	21	257954	132
Chi_P03_2	21	257954	127
Chi_P03_2	21	257954	424
Chi_P03_2	21	257954	98
Chi_P03_2	21	257954	298
Chi_P03_2	21	257954	124
Chi_P03_2	21	257954	106
Chi_P03_2	21	257954	162
Chi_P03_2	21	257954	17
Chi_P03_2	21	257954	113
Chi_P03_2	21	257954	306
Chi_P03_2	21	257954	103
Chi_P03_2	21	257954	137
Chi_P03_2	21	257954	182
Chi_P03_2	21	257954	109
Chi_P03_2	21	257954	29
Chi_P03_2	22	276801	109
Chi_P03_2	22	276801	57
Chi_P03_2	22	276801	109
Chi_P03_2	22	276801	198
Chi_P03_2	22	276801	101
Chi_P03_2	22	276801	96
Chi_P03_2	22	276801	76
Chi_P03_2	22	276801	127
Chi_P03_2	22	276801	81
Chi_P03_2	22	276801	61
Chi_P03_2	22	276801	62
Chi_P03_2	22	276801	80
Chi_P03_2	22	276801	76
Chi_P03_2	22	276801	80
Chi_P03_2	22	276801	59
Chi_P03_2	22	276801	146
Chi_P03_2	22	276801	97
Chi_P03_2	22	276801	47
Chi_P03_2	22	276801	98
Chi_P03_2	22	276801	116
Chi_P03_2	22	276801	108
Chi_P03_2	22	276801	69
Chi_P03_2	22	276801	80
Chi_P03_2	22	276801	115
Chi_P03_2	22	276801	91
Chi_P03_2	22	276801	100
Chi_P03_2	22	276801	177
Chi_P03_2	22	276801	43
Chi_P03_2	22	276801	164
Chi_P03_2	22	276801	94
Chi_P03_2	22	276801	95
Chi_P03_2	22	276801	109
Chi_P03_2	22	276801	164
Chi_P03_2	22	276801	131
Chi_P03_2	22	276801	103
Chi_P03_2	22	276801	276
Chi_P03_2	22	276801	178
Chi_P03_2	22	276801	165
Chi_P03_2	22	276801	47
Chi_P03_2	22	276801	131
Chi_P03_2	22	276801	46
Chi_P03_2	22	276801	121
Chi_P03_2	22	276801	119
Chi_P03_2	22	276801	81
Chi_P03_2	22	276801	55
Chi_P03_2	22	276801	101
Chi_P03_2	22	276801	119
Chi_P03_2	22	276801	87
Chi_P03_2	22	276801	109
Chi_P03_2	22	276801	67
Chi_P03_2	22	276801	111
Chi_P03_2	22	276801	47
Chi_P03_2	22	276801	102
Chi_P03_2	22	276801	76
Chi_P03_2	22	276801	55
Chi_P03_2	22	276801	84
Chi_P03_2	22	276801	123
Chi_P03_2	22	276801	93
Chi_P03_2	22	276801	163
Chi_P03_2	22	276801	101
Chi_P03_2	22	276801	129
Chi_P03_2	22	276801	79
Chi_P03_2	22	276801	94
Chi_P03_2	22	276801	69
Chi_P03_2	22	276801	92
Chi_P03_2	22	276801	109
Chi_P03_2	22	276801	51
Chi_P03_2	22	276801	163
Chi_P03_2	22	276801	78
Chi_P03_2	22	276801	75
Chi_P03_2	22	276801	86
Chi_P03_2	22	276801	104
Chi_P03_2	22	276801	70
Chi_P03_2	22	276801	58
Chi_P03_2	22	276801	81
Chi_P03_2	22	276801	103
Chi_P03_2	22	276801	100
Chi_P03_2	22	276801	169
Chi_P03_2	22	276801	91
Chi_P03_2	22	276801	46
Chi_P03_2	22	276801	167
Chi_P03_2	22	276801	50
Chi_P03_2	22	276801	10
Chi_P03_2	22	276801	62
Chi_P03_2	22	276801	69
Chi_P03_2	22	276801	105
Chi_P03_2	22	276801	27
Chi_P03_2	22	276801	137
Chi_P03_2	22	276801	109
Chi_P03_2	22	276801	69
Chi_P03_2	22	276801	87
Chi_P03_2	22	276801	76
Chi_P03_2	22	276801	324
Chi_P03_2	22	276801	71
Chi_P03_2	22	276801	103
Chi_P03_2	22	276801	163
Chi_P03_2	22	276801	96
Chi_P03_2	22	276801	83
Chi_P03_2	22	276801	35
Chi_P03_2	22	276801	86
Chi_P03_2	22	276801	84
Chi_P03_2	22	276801	75
Chi_P03_2	22	276801	40
Chi_P03_2	22	276801	78
Chi_P03_2	22	276801	93
Chi_P03_2	22	276801	81
Chi_P03_2	22	276801	91
Chi_P03_2	22	276801	36
Chi_P03_2	22	276801	117
Chi_P03_2	22	276801	100
