fichier	leaf	surfaceLeaf	surfaceLesion
Chi_P11_1	1	349140	80
Chi_P11_1	1	349140	69
Chi_P11_1	1	349140	101
Chi_P11_1	1	349140	113
Chi_P11_1	1	349140	112
Chi_P11_1	1	349140	73
Chi_P11_1	1	349140	64
Chi_P11_1	1	349140	22
Chi_P11_1	1	349140	139
Chi_P11_1	1	349140	103
Chi_P11_1	1	349140	186
Chi_P11_1	1	349140	126
Chi_P11_1	1	349140	84
Chi_P11_1	1	349140	76
Chi_P11_1	1	349140	133
Chi_P11_1	1	349140	123
Chi_P11_1	1	349140	155
Chi_P11_1	1	349140	75
Chi_P11_1	1	349140	76
Chi_P11_1	1	349140	88
Chi_P11_1	1	349140	99
Chi_P11_1	1	349140	266
Chi_P11_1	1	349140	94
Chi_P11_1	1	349140	61
Chi_P11_1	1	349140	137
Chi_P11_1	1	349140	209
Chi_P11_1	1	349140	185
Chi_P11_1	1	349140	74
Chi_P11_1	1	349140	157
Chi_P11_1	1	349140	107
Chi_P11_1	1	349140	119
Chi_P11_1	1	349140	87
Chi_P11_1	1	349140	94
Chi_P11_1	1	349140	37
Chi_P11_1	1	349140	89
Chi_P11_1	1	349140	105
Chi_P11_1	1	349140	56
Chi_P11_1	1	349140	111
Chi_P11_1	1	349140	102
Chi_P11_1	1	349140	95
Chi_P11_1	1	349140	136
Chi_P11_1	1	349140	98
Chi_P11_1	1	349140	88
Chi_P11_1	1	349140	115
Chi_P11_1	1	349140	157
Chi_P11_1	1	349140	96
Chi_P11_1	1	349140	171
Chi_P11_1	1	349140	117
Chi_P11_1	1	349140	137
Chi_P11_1	1	349140	40
Chi_P11_1	1	349140	142
Chi_P11_1	1	349140	121
Chi_P11_1	1	349140	209
Chi_P11_1	1	349140	83
Chi_P11_1	1	349140	82
Chi_P11_1	1	349140	79
Chi_P11_1	1	349140	126
Chi_P11_1	1	349140	81
Chi_P11_1	1	349140	77
Chi_P11_1	1	349140	149
Chi_P11_1	1	349140	176
Chi_P11_1	1	349140	182
Chi_P11_1	1	349140	98
Chi_P11_1	1	349140	116
Chi_P11_1	1	349140	90
Chi_P11_1	1	349140	156
Chi_P11_1	1	349140	147
Chi_P11_1	1	349140	143
Chi_P11_1	1	349140	112
Chi_P11_1	1	349140	161
Chi_P11_1	1	349140	102
Chi_P11_1	1	349140	103
Chi_P11_1	1	349140	69
Chi_P11_1	1	349140	154
Chi_P11_1	1	349140	148
Chi_P11_1	1	349140	152
Chi_P11_1	1	349140	82
Chi_P11_1	1	349140	177
Chi_P11_1	1	349140	115
Chi_P11_1	1	349140	283
Chi_P11_1	1	349140	130
Chi_P11_1	1	349140	164
Chi_P11_1	1	349140	70
Chi_P11_1	1	349140	142
Chi_P11_1	1	349140	144
Chi_P11_1	1	349140	89
Chi_P11_1	1	349140	155
Chi_P11_1	1	349140	98
Chi_P11_1	1	349140	95
Chi_P11_1	1	349140	83
Chi_P11_1	1	349140	115
Chi_P11_1	1	349140	201
Chi_P11_1	1	349140	87
Chi_P11_1	1	349140	122
Chi_P11_1	1	349140	77
Chi_P11_1	1	349140	72
Chi_P11_1	1	349140	111
Chi_P11_1	1	349140	145
Chi_P11_1	1	349140	131
Chi_P11_1	1	349140	93
Chi_P11_1	1	349140	100
Chi_P11_1	1	349140	213
Chi_P11_1	1	349140	89
Chi_P11_1	1	349140	74
Chi_P11_1	1	349140	90
Chi_P11_1	1	349140	144
Chi_P11_1	1	349140	170
Chi_P11_1	1	349140	156
Chi_P11_1	1	349140	88
Chi_P11_1	1	349140	97
Chi_P11_1	1	349140	116
Chi_P11_1	1	349140	101
Chi_P11_1	1	349140	76
Chi_P11_1	1	349140	111
Chi_P11_1	1	349140	72
Chi_P11_1	1	349140	79
Chi_P11_1	1	349140	37
Chi_P11_1	1	349140	117
Chi_P11_1	1	349140	252
Chi_P11_1	1	349140	59
Chi_P11_1	1	349140	11
Chi_P11_1	1	349140	16
Chi_P11_1	1	349140	75
Chi_P11_1	1	349140	17
Chi_P11_1	1	349140	128
Chi_P11_1	1	349140	21
Chi_P11_1	1	349140	41
Chi_P11_1	1	349140	143
Chi_P11_1	1	349140	124
Chi_P11_1	1	349140	96
Chi_P11_1	1	349140	157
Chi_P11_1	1	349140	137
Chi_P11_1	1	349140	17
Chi_P11_1	1	349140	124
Chi_P11_1	1	349140	243
Chi_P11_1	1	349140	104
Chi_P11_1	1	349140	80
Chi_P11_1	1	349140	112
Chi_P11_1	1	349140	81
Chi_P11_1	1	349140	56
Chi_P11_1	2	330114	58
Chi_P11_1	2	330114	69
Chi_P11_1	2	330114	63
Chi_P11_1	2	330114	95
Chi_P11_1	2	330114	43
Chi_P11_1	2	330114	52
Chi_P11_1	2	330114	106
Chi_P11_1	2	330114	106
Chi_P11_1	2	330114	84
Chi_P11_1	2	330114	77
Chi_P11_1	2	330114	75
Chi_P11_1	2	330114	80
Chi_P11_1	2	330114	135
Chi_P11_1	2	330114	160
Chi_P11_1	2	330114	49
Chi_P11_1	2	330114	91
Chi_P11_1	2	330114	67
Chi_P11_1	2	330114	50
Chi_P11_1	2	330114	79
Chi_P11_1	2	330114	88
Chi_P11_1	2	330114	96
Chi_P11_1	2	330114	87
Chi_P11_1	2	330114	139
Chi_P11_1	2	330114	126
Chi_P11_1	2	330114	65
Chi_P11_1	2	330114	129
Chi_P11_1	2	330114	90
Chi_P11_1	2	330114	66
Chi_P11_1	2	330114	180
Chi_P11_1	2	330114	105
Chi_P11_1	2	330114	113
Chi_P11_1	2	330114	161
Chi_P11_1	2	330114	146
Chi_P11_1	2	330114	78
Chi_P11_1	2	330114	107
Chi_P11_1	2	330114	100
Chi_P11_1	2	330114	98
Chi_P11_1	2	330114	98
Chi_P11_1	2	330114	169
Chi_P11_1	2	330114	129
Chi_P11_1	2	330114	132
Chi_P11_1	2	330114	105
Chi_P11_1	2	330114	116
Chi_P11_1	2	330114	97
Chi_P11_1	2	330114	108
Chi_P11_1	2	330114	85
Chi_P11_1	2	330114	41
Chi_P11_1	2	330114	98
Chi_P11_1	2	330114	102
Chi_P11_1	2	330114	149
Chi_P11_1	2	330114	97
Chi_P11_1	2	330114	139
Chi_P11_1	2	330114	128
Chi_P11_1	2	330114	118
Chi_P11_1	2	330114	38
Chi_P11_1	2	330114	89
Chi_P11_1	2	330114	59
Chi_P11_1	2	330114	153
Chi_P11_1	2	330114	149
Chi_P11_1	2	330114	119
Chi_P11_1	2	330114	100
Chi_P11_1	2	330114	150
Chi_P11_1	2	330114	145
Chi_P11_1	2	330114	152
Chi_P11_1	2	330114	253
Chi_P11_1	2	330114	95
Chi_P11_1	2	330114	105
Chi_P11_1	2	330114	150
Chi_P11_1	2	330114	19
Chi_P11_1	2	330114	123
Chi_P11_1	2	330114	123
Chi_P11_1	2	330114	156
Chi_P11_1	2	330114	184
Chi_P11_1	2	330114	107
Chi_P11_1	2	330114	98
Chi_P11_1	2	330114	119
Chi_P11_1	2	330114	145
Chi_P11_1	2	330114	147
Chi_P11_1	2	330114	101
Chi_P11_1	2	330114	68
Chi_P11_1	2	330114	100
Chi_P11_1	2	330114	170
Chi_P11_1	2	330114	129
Chi_P11_1	2	330114	84
Chi_P11_1	2	330114	96
Chi_P11_1	2	330114	132
Chi_P11_1	2	330114	117
Chi_P11_1	2	330114	114
Chi_P11_1	2	330114	51
Chi_P11_1	2	330114	98
Chi_P11_1	2	330114	91
Chi_P11_1	2	330114	71
Chi_P11_1	2	330114	157
Chi_P11_1	2	330114	117
Chi_P11_1	2	330114	119
Chi_P11_1	2	330114	151
Chi_P11_1	2	330114	113
Chi_P11_1	2	330114	56
Chi_P11_1	2	330114	76
Chi_P11_1	2	330114	452
Chi_P11_1	2	330114	116
Chi_P11_1	2	330114	109
Chi_P11_1	2	330114	52
Chi_P11_1	2	330114	195
Chi_P11_1	2	330114	14
Chi_P11_1	2	330114	30
Chi_P11_1	2	330114	99
Chi_P11_1	2	330114	99
Chi_P11_1	2	330114	66
Chi_P11_1	3	333823	101
Chi_P11_1	3	333823	192
Chi_P11_1	3	333823	116
Chi_P11_1	3	333823	173
Chi_P11_1	3	333823	89
Chi_P11_1	3	333823	156
Chi_P11_1	3	333823	144
Chi_P11_1	3	333823	110
Chi_P11_1	3	333823	110
Chi_P11_1	3	333823	133
Chi_P11_1	3	333823	112
Chi_P11_1	3	333823	26
Chi_P11_1	3	333823	92
Chi_P11_1	3	333823	137
Chi_P11_1	3	333823	104
Chi_P11_1	3	333823	264
Chi_P11_1	3	333823	113
Chi_P11_1	3	333823	217
Chi_P11_1	3	333823	94
Chi_P11_1	3	333823	121
Chi_P11_1	3	333823	84
Chi_P11_1	3	333823	174
Chi_P11_1	3	333823	142
Chi_P11_1	3	333823	62
Chi_P11_1	3	333823	94
Chi_P11_1	3	333823	195
Chi_P11_1	3	333823	169
Chi_P11_1	3	333823	65
Chi_P11_1	3	333823	283
Chi_P11_1	3	333823	112
Chi_P11_1	3	333823	147
Chi_P11_1	3	333823	226
Chi_P11_1	3	333823	257
Chi_P11_1	3	333823	156
Chi_P11_1	3	333823	155
Chi_P11_1	3	333823	91
Chi_P11_1	3	333823	131
Chi_P11_1	3	333823	89
Chi_P11_1	3	333823	100
Chi_P11_1	3	333823	140
Chi_P11_1	3	333823	76
Chi_P11_1	3	333823	126
Chi_P11_1	3	333823	266
Chi_P11_1	3	333823	150
Chi_P11_1	3	333823	129
Chi_P11_1	3	333823	360
Chi_P11_1	3	333823	97
Chi_P11_1	3	333823	120
Chi_P11_1	3	333823	145
Chi_P11_1	3	333823	93
Chi_P11_1	3	333823	117
Chi_P11_1	3	333823	146
Chi_P11_1	3	333823	133
Chi_P11_1	3	333823	176
Chi_P11_1	3	333823	113
Chi_P11_1	3	333823	102
Chi_P11_1	3	333823	98
Chi_P11_1	3	333823	98
Chi_P11_1	3	333823	97
Chi_P11_1	3	333823	129
Chi_P11_1	3	333823	98
Chi_P11_1	3	333823	173
Chi_P11_1	3	333823	142
Chi_P11_1	3	333823	56
Chi_P11_1	3	333823	139
Chi_P11_1	3	333823	270
Chi_P11_1	3	333823	59
Chi_P11_1	3	333823	71
Chi_P11_1	3	333823	124
Chi_P11_1	3	333823	53
Chi_P11_1	3	333823	146
Chi_P11_1	3	333823	95
Chi_P11_1	3	333823	117
Chi_P11_1	3	333823	100
Chi_P11_1	3	333823	93
Chi_P11_1	3	333823	459
Chi_P11_1	3	333823	41
Chi_P11_1	3	333823	103
Chi_P11_1	3	333823	130
Chi_P11_1	3	333823	218
Chi_P11_1	3	333823	145
Chi_P11_1	3	333823	138
Chi_P11_1	3	333823	143
Chi_P11_1	3	333823	90
Chi_P11_1	3	333823	217
Chi_P11_1	3	333823	154
Chi_P11_1	3	333823	91
Chi_P11_1	3	333823	124
Chi_P11_1	3	333823	83
Chi_P11_1	3	333823	185
Chi_P11_1	3	333823	151
Chi_P11_1	3	333823	114
Chi_P11_1	3	333823	174
Chi_P11_1	3	333823	265
Chi_P11_1	3	333823	117
Chi_P11_1	3	333823	138
Chi_P11_1	3	333823	79
Chi_P11_1	3	333823	98
Chi_P11_1	3	333823	123
Chi_P11_1	3	333823	116
Chi_P11_1	3	333823	91
Chi_P11_1	3	333823	127
Chi_P11_1	3	333823	69
Chi_P11_1	3	333823	158
Chi_P11_1	3	333823	69
Chi_P11_1	3	333823	110
Chi_P11_1	3	333823	107
Chi_P11_1	3	333823	95
Chi_P11_1	3	333823	112
Chi_P11_1	3	333823	108
Chi_P11_1	3	333823	39
Chi_P11_1	3	333823	99
Chi_P11_1	3	333823	134
Chi_P11_1	3	333823	133
Chi_P11_1	3	333823	99
Chi_P11_1	3	333823	86
Chi_P11_1	3	333823	112
Chi_P11_1	3	333823	39
Chi_P11_1	3	333823	126
Chi_P11_1	3	333823	83
Chi_P11_1	3	333823	160
Chi_P11_1	3	333823	66
Chi_P11_1	3	333823	24
Chi_P11_1	3	333823	81
Chi_P11_1	3	333823	55
Chi_P11_1	3	333823	91
Chi_P11_1	4	360602	107
Chi_P11_1	4	360602	118
Chi_P11_1	4	360602	108
Chi_P11_1	4	360602	150
Chi_P11_1	4	360602	79
Chi_P11_1	4	360602	110
Chi_P11_1	4	360602	256
Chi_P11_1	4	360602	102
Chi_P11_1	4	360602	156
Chi_P11_1	4	360602	126
Chi_P11_1	4	360602	80
Chi_P11_1	4	360602	155
Chi_P11_1	4	360602	109
Chi_P11_1	4	360602	252
Chi_P11_1	4	360602	406
Chi_P11_1	4	360602	118
Chi_P11_1	4	360602	117
Chi_P11_1	4	360602	130
Chi_P11_1	4	360602	156
Chi_P11_1	4	360602	99
Chi_P11_1	4	360602	82
Chi_P11_1	4	360602	161
Chi_P11_1	4	360602	168
Chi_P11_1	4	360602	187
Chi_P11_1	4	360602	137
Chi_P11_1	4	360602	44
Chi_P11_1	4	360602	82
Chi_P11_1	4	360602	51
Chi_P11_1	4	360602	155
Chi_P11_1	4	360602	104
Chi_P11_1	4	360602	52
Chi_P11_1	4	360602	62
Chi_P11_1	4	360602	122
Chi_P11_1	4	360602	183
Chi_P11_1	4	360602	127
Chi_P11_1	4	360602	74
Chi_P11_1	4	360602	100
Chi_P11_1	4	360602	149
Chi_P11_1	4	360602	201
Chi_P11_1	4	360602	98
Chi_P11_1	4	360602	100
Chi_P11_1	4	360602	113
Chi_P11_1	4	360602	116
Chi_P11_1	4	360602	135
Chi_P11_1	4	360602	127
Chi_P11_1	4	360602	83
Chi_P11_1	4	360602	157
Chi_P11_1	4	360602	73
Chi_P11_1	4	360602	106
Chi_P11_1	4	360602	62
Chi_P11_1	4	360602	160
Chi_P11_1	4	360602	73
Chi_P11_1	4	360602	116
Chi_P11_1	4	360602	86
Chi_P11_1	4	360602	174
Chi_P11_1	4	360602	109
Chi_P11_1	4	360602	143
Chi_P11_1	4	360602	119
Chi_P11_1	4	360602	101
Chi_P11_1	4	360602	165
Chi_P11_1	4	360602	134
Chi_P11_1	4	360602	88
Chi_P11_1	4	360602	218
Chi_P11_1	4	360602	72
Chi_P11_1	4	360602	106
Chi_P11_1	4	360602	128
Chi_P11_1	4	360602	246
Chi_P11_1	4	360602	95
Chi_P11_1	4	360602	96
Chi_P11_1	4	360602	125
Chi_P11_1	4	360602	58
Chi_P11_1	4	360602	65
Chi_P11_1	4	360602	78
Chi_P11_1	4	360602	49
Chi_P11_1	4	360602	100
Chi_P11_1	4	360602	32
Chi_P11_1	4	360602	70
Chi_P11_1	4	360602	97
Chi_P11_1	4	360602	48
Chi_P11_1	4	360602	155
Chi_P11_1	4	360602	196
Chi_P11_1	4	360602	69
Chi_P11_1	4	360602	120
Chi_P11_1	4	360602	93
Chi_P11_1	4	360602	134
Chi_P11_1	4	360602	15
Chi_P11_1	4	360602	52
Chi_P11_1	4	360602	41
Chi_P11_1	4	360602	80
Chi_P11_1	4	360602	77
Chi_P11_1	4	360602	196
Chi_P11_1	4	360602	98
Chi_P11_1	4	360602	119
Chi_P11_1	4	360602	184
Chi_P11_1	4	360602	117
Chi_P11_1	4	360602	120
Chi_P11_1	4	360602	98
Chi_P11_1	4	360602	141
Chi_P11_1	4	360602	63
Chi_P11_1	4	360602	57
Chi_P11_1	4	360602	124
Chi_P11_1	4	360602	25
Chi_P11_1	4	360602	108
Chi_P11_1	4	360602	53
Chi_P11_1	4	360602	56
Chi_P11_1	4	360602	70
Chi_P11_1	4	360602	97
Chi_P11_1	4	360602	91
Chi_P11_1	4	360602	20
Chi_P11_1	4	360602	147
Chi_P11_1	4	360602	84
Chi_P11_1	4	360602	127
Chi_P11_1	4	360602	62
Chi_P11_1	5	337363	125
Chi_P11_1	5	337363	333
Chi_P11_1	5	337363	68
Chi_P11_1	5	337363	190
Chi_P11_1	5	337363	220
Chi_P11_1	5	337363	99
Chi_P11_1	5	337363	188
Chi_P11_1	5	337363	189
Chi_P11_1	5	337363	109
Chi_P11_1	5	337363	81
Chi_P11_1	5	337363	152
Chi_P11_1	5	337363	80
Chi_P11_1	5	337363	159
Chi_P11_1	5	337363	72
Chi_P11_1	5	337363	109
Chi_P11_1	5	337363	126
Chi_P11_1	5	337363	102
Chi_P11_1	5	337363	131
Chi_P11_1	5	337363	242
Chi_P11_1	5	337363	176
Chi_P11_1	5	337363	59
Chi_P11_1	5	337363	51
Chi_P11_1	5	337363	126
Chi_P11_1	5	337363	65
Chi_P11_1	5	337363	115
Chi_P11_1	5	337363	112
Chi_P11_1	5	337363	137
Chi_P11_1	5	337363	145
Chi_P11_1	5	337363	145
Chi_P11_1	5	337363	107
Chi_P11_1	5	337363	137
Chi_P11_1	5	337363	68
Chi_P11_1	5	337363	123
Chi_P11_1	5	337363	102
Chi_P11_1	5	337363	64
Chi_P11_1	5	337363	104
Chi_P11_1	5	337363	113
Chi_P11_1	5	337363	251
Chi_P11_1	5	337363	112
Chi_P11_1	5	337363	84
Chi_P11_1	5	337363	165
Chi_P11_1	5	337363	91
Chi_P11_1	5	337363	176
Chi_P11_1	5	337363	118
Chi_P11_1	5	337363	225
Chi_P11_1	5	337363	114
Chi_P11_1	5	337363	121
Chi_P11_1	5	337363	159
Chi_P11_1	5	337363	107
Chi_P11_1	5	337363	170
Chi_P11_1	5	337363	81
Chi_P11_1	5	337363	143
Chi_P11_1	5	337363	110
Chi_P11_1	5	337363	82
Chi_P11_1	5	337363	271
Chi_P11_1	5	337363	60
Chi_P11_1	5	337363	116
Chi_P11_1	5	337363	124
Chi_P11_1	5	337363	28
Chi_P11_1	5	337363	93
Chi_P11_1	5	337363	79
Chi_P11_1	5	337363	45
Chi_P11_1	5	337363	123
Chi_P11_1	5	337363	103
Chi_P11_1	5	337363	119
Chi_P11_1	5	337363	77
Chi_P11_1	5	337363	109
Chi_P11_1	5	337363	135
Chi_P11_1	5	337363	100
Chi_P11_1	5	337363	137
Chi_P11_1	5	337363	335
Chi_P11_1	5	337363	109
Chi_P11_1	5	337363	59
Chi_P11_1	5	337363	44
Chi_P11_1	5	337363	131
Chi_P11_1	5	337363	32
Chi_P11_1	5	337363	168
Chi_P11_1	5	337363	118
Chi_P11_1	5	337363	78
Chi_P11_1	5	337363	143
Chi_P11_1	5	337363	175
Chi_P11_1	5	337363	54
Chi_P11_1	5	337363	232
Chi_P11_1	5	337363	82
Chi_P11_1	5	337363	128
Chi_P11_1	5	337363	519
Chi_P11_1	5	337363	81
Chi_P11_1	5	337363	249
Chi_P11_1	5	337363	104
Chi_P11_1	5	337363	87
Chi_P11_1	5	337363	100
Chi_P11_1	5	337363	41
Chi_P11_1	5	337363	171
Chi_P11_1	5	337363	62
Chi_P11_1	5	337363	79
Chi_P11_1	5	337363	76
Chi_P11_1	5	337363	94
Chi_P11_1	5	337363	65
Chi_P11_1	5	337363	29
Chi_P11_1	5	337363	177
Chi_P11_1	5	337363	80
Chi_P11_1	5	337363	40
Chi_P11_1	5	337363	11
Chi_P11_1	5	337363	81
Chi_P11_1	5	337363	124
Chi_P11_1	5	337363	55
Chi_P11_1	5	337363	69
Chi_P11_1	5	337363	60
Chi_P11_1	5	337363	79
Chi_P11_1	5	337363	78
Chi_P11_1	5	337363	88
Chi_P11_1	5	337363	110
Chi_P11_1	5	337363	103
Chi_P11_1	5	337363	131
Chi_P11_1	5	337363	100
Chi_P11_1	5	337363	29
Chi_P11_1	5	337363	68
Chi_P11_1	5	337363	119
Chi_P11_1	5	337363	80
Chi_P11_1	5	337363	30
Chi_P11_1	5	337363	111
Chi_P11_1	5	337363	44
Chi_P11_1	5	337363	121
Chi_P11_1	5	337363	89
Chi_P11_1	5	337363	84
Chi_P11_1	5	337363	68
Chi_P11_1	5	337363	57
Chi_P11_1	5	337363	109
Chi_P11_1	5	337363	144
Chi_P11_1	5	337363	48
Chi_P11_1	5	337363	79
Chi_P11_1	5	337363	41
Chi_P11_1	5	337363	160
Chi_P11_1	5	337363	103
Chi_P11_1	5	337363	54
Chi_P11_1	5	337363	108
Chi_P11_1	5	337363	25
Chi_P11_1	5	337363	83
Chi_P11_1	5	337363	121
Chi_P11_1	5	337363	55
Chi_P11_1	5	337363	77
Chi_P11_1	5	337363	89
Chi_P11_1	5	337363	106
Chi_P11_1	5	337363	117
Chi_P11_1	5	337363	117
Chi_P11_1	5	337363	130
Chi_P11_1	5	337363	95
Chi_P11_1	5	337363	60
Chi_P11_1	6	370739	98
Chi_P11_1	6	370739	103
Chi_P11_1	6	370739	73
Chi_P11_1	6	370739	75
Chi_P11_1	6	370739	61
Chi_P11_1	6	370739	92
Chi_P11_1	6	370739	115
Chi_P11_1	6	370739	100
Chi_P11_1	6	370739	119
Chi_P11_1	6	370739	212
Chi_P11_1	6	370739	101
Chi_P11_1	6	370739	90
Chi_P11_1	6	370739	64
Chi_P11_1	6	370739	193
Chi_P11_1	6	370739	202
Chi_P11_1	6	370739	70
Chi_P11_1	6	370739	85
Chi_P11_1	6	370739	80
Chi_P11_1	6	370739	91
Chi_P11_1	6	370739	116
Chi_P11_1	6	370739	97
Chi_P11_1	6	370739	120
Chi_P11_1	6	370739	127
Chi_P11_1	6	370739	135
Chi_P11_1	6	370739	109
Chi_P11_1	6	370739	80
Chi_P11_1	6	370739	62
Chi_P11_1	6	370739	71
Chi_P11_1	6	370739	81
Chi_P11_1	6	370739	147
Chi_P11_1	6	370739	83
Chi_P11_1	6	370739	47
Chi_P11_1	6	370739	175
Chi_P11_1	6	370739	135
Chi_P11_1	6	370739	119
Chi_P11_1	6	370739	99
Chi_P11_1	6	370739	234
Chi_P11_1	6	370739	71
Chi_P11_1	6	370739	138
Chi_P11_1	6	370739	140
Chi_P11_1	6	370739	122
Chi_P11_1	6	370739	104
Chi_P11_1	6	370739	51
Chi_P11_1	6	370739	59
Chi_P11_1	6	370739	103
Chi_P11_1	6	370739	122
Chi_P11_1	6	370739	106
Chi_P11_1	6	370739	86
Chi_P11_1	6	370739	112
Chi_P11_1	6	370739	152
Chi_P11_1	6	370739	27
Chi_P11_1	6	370739	82
Chi_P11_1	6	370739	131
Chi_P11_1	6	370739	151
Chi_P11_1	6	370739	144
Chi_P11_1	6	370739	138
Chi_P11_1	6	370739	111
Chi_P11_1	6	370739	127
Chi_P11_1	6	370739	374
Chi_P11_1	6	370739	120
Chi_P11_1	6	370739	56
Chi_P11_1	6	370739	105
Chi_P11_1	6	370739	144
Chi_P11_1	6	370739	134
Chi_P11_1	6	370739	284
Chi_P11_1	6	370739	210
Chi_P11_1	6	370739	99
Chi_P11_1	6	370739	98
Chi_P11_1	6	370739	128
Chi_P11_1	6	370739	61
Chi_P11_1	6	370739	125
Chi_P11_1	6	370739	71
Chi_P11_1	6	370739	109
Chi_P11_1	6	370739	113
Chi_P11_1	6	370739	132
Chi_P11_1	6	370739	149
Chi_P11_1	6	370739	107
Chi_P11_1	6	370739	115
Chi_P11_1	6	370739	101
Chi_P11_1	6	370739	81
Chi_P11_1	6	370739	162
Chi_P11_1	6	370739	210
Chi_P11_1	6	370739	166
Chi_P11_1	6	370739	144
Chi_P11_1	6	370739	73
Chi_P11_1	6	370739	92
Chi_P11_1	6	370739	110
Chi_P11_1	6	370739	102
Chi_P11_1	6	370739	100
Chi_P11_1	6	370739	138
Chi_P11_1	6	370739	118
Chi_P11_1	6	370739	152
Chi_P11_1	6	370739	160
Chi_P11_1	6	370739	214
Chi_P11_1	6	370739	75
Chi_P11_1	6	370739	109
Chi_P11_1	6	370739	107
Chi_P11_1	6	370739	461
Chi_P11_1	6	370739	275
Chi_P11_1	6	370739	85
Chi_P11_1	6	370739	100
Chi_P11_1	6	370739	145
Chi_P11_1	6	370739	66
Chi_P11_1	6	370739	44
Chi_P11_1	6	370739	10
Chi_P11_1	6	370739	142
Chi_P11_1	6	370739	108
Chi_P11_1	6	370739	80
Chi_P11_1	6	370739	127
Chi_P11_1	6	370739	120
Chi_P11_1	6	370739	115
Chi_P11_1	6	370739	105
Chi_P11_1	6	370739	95
Chi_P11_1	6	370739	132
Chi_P11_1	6	370739	111
Chi_P11_1	6	370739	246
Chi_P11_1	6	370739	89
Chi_P11_1	6	370739	93
Chi_P11_1	6	370739	280
Chi_P11_1	6	370739	91
Chi_P11_1	6	370739	99
Chi_P11_1	6	370739	58
Chi_P11_1	6	370739	93
Chi_P11_1	6	370739	127
Chi_P11_1	6	370739	74
Chi_P11_1	6	370739	11
Chi_P11_1	6	370739	188
Chi_P11_1	6	370739	96
Chi_P11_1	6	370739	77
Chi_P11_1	6	370739	1270
Chi_P11_1	6	370739	84
Chi_P11_1	6	370739	71
Chi_P11_1	6	370739	72
Chi_P11_1	6	370739	135
Chi_P11_1	6	370739	93
Chi_P11_1	6	370739	108
Chi_P11_1	6	370739	24
Chi_P11_1	6	370739	157
Chi_P11_1	6	370739	86
Chi_P11_1	6	370739	103
Chi_P11_1	6	370739	22
Chi_P11_1	6	370739	94
Chi_P11_1	6	370739	79
Chi_P11_1	6	370739	72
Chi_P11_1	6	370739	113
Chi_P11_1	6	370739	71
Chi_P11_1	6	370739	176
Chi_P11_1	6	370739	69
Chi_P11_1	6	370739	60
Chi_P11_1	7	363010	18
Chi_P11_1	7	363010	106
Chi_P11_1	7	363010	152
Chi_P11_1	7	363010	113
Chi_P11_1	7	363010	148
Chi_P11_1	7	363010	206
Chi_P11_1	7	363010	92
Chi_P11_1	7	363010	146
Chi_P11_1	7	363010	120
Chi_P11_1	7	363010	148
Chi_P11_1	7	363010	140
Chi_P11_1	7	363010	95
Chi_P11_1	7	363010	197
Chi_P11_1	7	363010	170
Chi_P11_1	7	363010	202
Chi_P11_1	7	363010	314
Chi_P11_1	7	363010	234
Chi_P11_1	7	363010	173
Chi_P11_1	7	363010	114
Chi_P11_1	7	363010	224
Chi_P11_1	7	363010	138
Chi_P11_1	7	363010	104
Chi_P11_1	7	363010	193
Chi_P11_1	7	363010	121
Chi_P11_1	7	363010	160
Chi_P11_1	7	363010	247
Chi_P11_1	7	363010	168
Chi_P11_1	7	363010	125
Chi_P11_1	7	363010	60
Chi_P11_1	7	363010	114
Chi_P11_1	7	363010	126
Chi_P11_1	7	363010	224
Chi_P11_1	7	363010	155
Chi_P11_1	7	363010	186
Chi_P11_1	7	363010	153
Chi_P11_1	7	363010	100
Chi_P11_1	7	363010	130
Chi_P11_1	7	363010	179
Chi_P11_1	7	363010	196
Chi_P11_1	7	363010	97
Chi_P11_1	7	363010	112
Chi_P11_1	7	363010	123
Chi_P11_1	7	363010	204
Chi_P11_1	7	363010	183
Chi_P11_1	7	363010	108
Chi_P11_1	7	363010	141
Chi_P11_1	7	363010	176
Chi_P11_1	7	363010	107
Chi_P11_1	7	363010	119
Chi_P11_1	7	363010	114
Chi_P11_1	7	363010	93
Chi_P11_1	7	363010	113
Chi_P11_1	7	363010	164
Chi_P11_1	7	363010	138
Chi_P11_1	7	363010	39
Chi_P11_1	7	363010	135
Chi_P11_1	7	363010	195
Chi_P11_1	7	363010	152
Chi_P11_1	7	363010	114
Chi_P11_1	7	363010	235
Chi_P11_1	7	363010	100
Chi_P11_1	7	363010	190
Chi_P11_1	7	363010	146
Chi_P11_1	7	363010	229
Chi_P11_1	7	363010	118
Chi_P11_1	7	363010	223
Chi_P11_1	7	363010	106
Chi_P11_1	7	363010	133
Chi_P11_1	7	363010	65
Chi_P11_1	7	363010	162
Chi_P11_1	7	363010	115
Chi_P11_1	7	363010	155
Chi_P11_1	7	363010	93
Chi_P11_1	7	363010	136
Chi_P11_1	7	363010	205
Chi_P11_1	7	363010	96
Chi_P11_1	7	363010	73
Chi_P11_1	7	363010	161
Chi_P11_1	7	363010	110
Chi_P11_1	7	363010	196
Chi_P11_1	7	363010	129
Chi_P11_1	7	363010	152
Chi_P11_1	7	363010	89
Chi_P11_1	7	363010	109
Chi_P11_1	7	363010	106
Chi_P11_1	7	363010	160
Chi_P11_1	7	363010	118
Chi_P11_1	7	363010	110
Chi_P11_1	7	363010	104
Chi_P11_1	7	363010	59
Chi_P11_1	7	363010	98
Chi_P11_1	7	363010	195
Chi_P11_1	7	363010	36
Chi_P11_1	7	363010	413
Chi_P11_1	7	363010	166
Chi_P11_1	7	363010	100
Chi_P11_1	7	363010	107
Chi_P11_1	7	363010	183
Chi_P11_1	7	363010	80
Chi_P11_1	7	363010	172
Chi_P11_1	7	363010	64
Chi_P11_1	7	363010	206
Chi_P11_1	7	363010	163
Chi_P11_1	7	363010	78
Chi_P11_1	7	363010	65
Chi_P11_1	7	363010	81
Chi_P11_1	7	363010	93
Chi_P11_1	7	363010	25
Chi_P11_1	7	363010	184
Chi_P11_1	7	363010	61
Chi_P11_1	7	363010	74
Chi_P11_1	7	363010	156
Chi_P11_1	7	363010	175
Chi_P11_1	7	363010	55
Chi_P11_1	7	363010	120
Chi_P11_1	8	338097	89
Chi_P11_1	8	338097	114
Chi_P11_1	8	338097	70
Chi_P11_1	8	338097	86
Chi_P11_1	8	338097	130
Chi_P11_1	8	338097	110
Chi_P11_1	8	338097	87
Chi_P11_1	8	338097	99
Chi_P11_1	8	338097	139
Chi_P11_1	8	338097	141
Chi_P11_1	8	338097	149
Chi_P11_1	8	338097	138
Chi_P11_1	8	338097	108
Chi_P11_1	8	338097	355
Chi_P11_1	8	338097	81
Chi_P11_1	8	338097	212
Chi_P11_1	8	338097	237
Chi_P11_1	8	338097	94
Chi_P11_1	8	338097	239
Chi_P11_1	8	338097	127
Chi_P11_1	8	338097	127
Chi_P11_1	8	338097	121
Chi_P11_1	8	338097	112
Chi_P11_1	8	338097	165
Chi_P11_1	8	338097	128
Chi_P11_1	8	338097	130
Chi_P11_1	8	338097	143
Chi_P11_1	8	338097	154
Chi_P11_1	8	338097	139
Chi_P11_1	8	338097	170
Chi_P11_1	8	338097	141
Chi_P11_1	8	338097	111
Chi_P11_1	8	338097	433
Chi_P11_1	8	338097	241
Chi_P11_1	8	338097	144
Chi_P11_1	8	338097	128
Chi_P11_1	8	338097	91
Chi_P11_1	8	338097	101
Chi_P11_1	8	338097	183
Chi_P11_1	8	338097	168
Chi_P11_1	8	338097	207
Chi_P11_1	8	338097	113
Chi_P11_1	8	338097	139
Chi_P11_1	8	338097	103
Chi_P11_1	8	338097	104
Chi_P11_1	8	338097	164
Chi_P11_1	8	338097	165
Chi_P11_1	8	338097	91
Chi_P11_1	8	338097	105
Chi_P11_1	8	338097	167
Chi_P11_1	8	338097	287
Chi_P11_1	8	338097	167
Chi_P11_1	8	338097	130
Chi_P11_1	8	338097	104
Chi_P11_1	8	338097	169
Chi_P11_1	8	338097	149
Chi_P11_1	8	338097	505
Chi_P11_1	8	338097	223
Chi_P11_1	8	338097	262
Chi_P11_1	8	338097	176
Chi_P11_1	8	338097	218
Chi_P11_1	8	338097	259
Chi_P11_1	8	338097	153
Chi_P11_1	8	338097	147
Chi_P11_1	8	338097	188
Chi_P11_1	8	338097	121
Chi_P11_1	8	338097	387
Chi_P11_1	8	338097	172
Chi_P11_1	8	338097	195
Chi_P11_1	8	338097	388
Chi_P11_1	8	338097	92
Chi_P11_1	8	338097	127
Chi_P11_1	8	338097	391
Chi_P11_1	8	338097	153
Chi_P11_1	8	338097	150
Chi_P11_1	8	338097	99
Chi_P11_1	8	338097	203
Chi_P11_1	8	338097	198
Chi_P11_1	8	338097	166
Chi_P11_1	8	338097	13
Chi_P11_1	8	338097	129
Chi_P11_1	8	338097	102
Chi_P11_1	8	338097	76
Chi_P11_1	8	338097	89
Chi_P11_1	8	338097	81
Chi_P11_1	8	338097	176
Chi_P11_1	8	338097	80
Chi_P11_1	8	338097	113
Chi_P11_1	8	338097	123
Chi_P11_1	8	338097	111
Chi_P11_1	8	338097	140
Chi_P11_1	8	338097	124
Chi_P11_1	8	338097	159
Chi_P11_1	8	338097	176
Chi_P11_1	8	338097	169
Chi_P11_1	8	338097	153
Chi_P11_1	8	338097	161
Chi_P11_1	8	338097	220
Chi_P11_1	8	338097	136
Chi_P11_1	8	338097	313
Chi_P11_1	8	338097	207
Chi_P11_1	8	338097	204
Chi_P11_1	8	338097	186
Chi_P11_1	8	338097	219
Chi_P11_1	8	338097	127
Chi_P11_1	8	338097	119
Chi_P11_1	8	338097	134
Chi_P11_1	8	338097	703
Chi_P11_1	8	338097	99
Chi_P11_1	8	338097	182
Chi_P11_1	8	338097	151
Chi_P11_1	8	338097	77
Chi_P11_1	8	338097	211
Chi_P11_1	8	338097	69
Chi_P11_1	8	338097	190
Chi_P11_1	8	338097	147
Chi_P11_1	8	338097	175
Chi_P11_1	8	338097	493
Chi_P11_1	8	338097	311
Chi_P11_1	8	338097	75
Chi_P11_1	8	338097	177
Chi_P11_1	8	338097	113
Chi_P11_1	8	338097	243
Chi_P11_1	8	338097	153
Chi_P11_1	8	338097	184
Chi_P11_1	8	338097	211
Chi_P11_1	8	338097	312
Chi_P11_1	8	338097	178
Chi_P11_1	8	338097	194
Chi_P11_1	8	338097	152
Chi_P11_1	8	338097	218
Chi_P11_1	8	338097	163
Chi_P11_1	8	338097	227
Chi_P11_1	8	338097	278
Chi_P11_1	8	338097	136
Chi_P11_1	8	338097	207
Chi_P11_1	8	338097	117
Chi_P11_1	8	338097	146
Chi_P11_1	8	338097	118
Chi_P11_1	8	338097	128
Chi_P11_1	8	338097	153
Chi_P11_1	8	338097	104
Chi_P11_1	8	338097	247
Chi_P11_1	8	338097	83
Chi_P11_1	8	338097	199
Chi_P11_1	8	338097	204
Chi_P11_1	8	338097	183
Chi_P11_1	8	338097	147
Chi_P11_1	8	338097	92
Chi_P11_1	8	338097	135
Chi_P11_1	8	338097	137
Chi_P11_1	8	338097	36
Chi_P11_1	8	338097	121
Chi_P11_1	8	338097	108
Chi_P11_1	8	338097	162
Chi_P11_1	8	338097	161
Chi_P11_1	8	338097	146
Chi_P11_1	8	338097	92
Chi_P11_1	8	338097	94
Chi_P11_1	8	338097	121
Chi_P11_1	8	338097	100
Chi_P11_1	8	338097	128
Chi_P11_1	8	338097	118
Chi_P11_1	8	338097	132
Chi_P11_1	8	338097	126
Chi_P11_1	8	338097	187
Chi_P11_1	8	338097	61
Chi_P11_1	8	338097	101
Chi_P11_1	8	338097	30
Chi_P11_1	8	338097	66
Chi_P11_1	8	338097	105
Chi_P11_1	8	338097	70
Chi_P11_1	8	338097	187
Chi_P11_1	8	338097	203
Chi_P11_1	8	338097	84
Chi_P11_1	8	338097	103
Chi_P11_1	8	338097	111
Chi_P11_1	8	338097	122
Chi_P11_1	8	338097	39
Chi_P11_1	8	338097	63
Chi_P11_1	8	338097	122
Chi_P11_1	8	338097	150
Chi_P11_1	8	338097	129
Chi_P11_1	9	311243	200
Chi_P11_1	9	311243	318
Chi_P11_1	9	311243	257
Chi_P11_1	9	311243	218
Chi_P11_1	9	311243	189
Chi_P11_1	9	311243	129
Chi_P11_1	9	311243	153
Chi_P11_1	9	311243	117
Chi_P11_1	9	311243	333
Chi_P11_1	9	311243	141
Chi_P11_1	9	311243	162
Chi_P11_1	9	311243	143
Chi_P11_1	9	311243	77
Chi_P11_1	9	311243	115
Chi_P11_1	9	311243	88
Chi_P11_1	9	311243	151
Chi_P11_1	9	311243	99
Chi_P11_1	9	311243	102
Chi_P11_1	9	311243	71
Chi_P11_1	9	311243	71
Chi_P11_1	9	311243	145
Chi_P11_1	9	311243	161
Chi_P11_1	9	311243	140
Chi_P11_1	9	311243	124
Chi_P11_1	9	311243	138
Chi_P11_1	9	311243	130
Chi_P11_1	9	311243	118
Chi_P11_1	9	311243	136
Chi_P11_1	9	311243	246
Chi_P11_1	9	311243	124
Chi_P11_1	9	311243	70
Chi_P11_1	9	311243	198
Chi_P11_1	9	311243	93
Chi_P11_1	9	311243	185
Chi_P11_1	9	311243	97
Chi_P11_1	9	311243	246
Chi_P11_1	9	311243	121
Chi_P11_1	9	311243	187
Chi_P11_1	9	311243	270
Chi_P11_1	9	311243	168
Chi_P11_1	9	311243	191
Chi_P11_1	9	311243	177
Chi_P11_1	9	311243	144
Chi_P11_1	9	311243	208
Chi_P11_1	9	311243	123
Chi_P11_1	9	311243	94
Chi_P11_1	9	311243	112
Chi_P11_1	9	311243	116
Chi_P11_1	9	311243	238
Chi_P11_1	9	311243	315
Chi_P11_1	9	311243	205
Chi_P11_1	9	311243	143
Chi_P11_1	9	311243	235
Chi_P11_1	9	311243	109
Chi_P11_1	9	311243	154
Chi_P11_1	9	311243	157
Chi_P11_1	9	311243	177
Chi_P11_1	9	311243	134
Chi_P11_1	9	311243	116
Chi_P11_1	9	311243	143
Chi_P11_1	9	311243	309
Chi_P11_1	9	311243	85
Chi_P11_1	9	311243	224
Chi_P11_1	9	311243	311
Chi_P11_1	9	311243	225
Chi_P11_1	9	311243	118
Chi_P11_1	9	311243	110
Chi_P11_1	9	311243	141
Chi_P11_1	9	311243	132
Chi_P11_1	9	311243	132
Chi_P11_1	9	311243	152
Chi_P11_1	9	311243	108
Chi_P11_1	9	311243	137
Chi_P11_1	9	311243	153
Chi_P11_1	9	311243	151
Chi_P11_1	9	311243	211
Chi_P11_1	9	311243	43
Chi_P11_1	9	311243	98
Chi_P11_1	9	311243	173
Chi_P11_1	9	311243	59
Chi_P11_1	9	311243	114
Chi_P11_1	9	311243	93
Chi_P11_1	9	311243	90
Chi_P11_1	9	311243	123
Chi_P11_1	9	311243	107
Chi_P11_1	9	311243	175
Chi_P11_1	9	311243	177
Chi_P11_1	9	311243	57
Chi_P11_1	9	311243	76
Chi_P11_1	9	311243	69
Chi_P11_1	9	311243	142
Chi_P11_1	9	311243	71
Chi_P11_1	9	311243	85
Chi_P11_1	9	311243	81
Chi_P11_1	9	311243	57
Chi_P11_1	10	368798	124
Chi_P11_1	10	368798	23
Chi_P11_1	10	368798	89
Chi_P11_1	10	368798	11
Chi_P11_1	10	368798	92
Chi_P11_1	10	368798	175
Chi_P11_1	10	368798	72
Chi_P11_1	10	368798	79
Chi_P11_1	10	368798	92
Chi_P11_1	10	368798	16
Chi_P11_1	10	368798	115
Chi_P11_1	10	368798	144
Chi_P11_1	10	368798	183
Chi_P11_1	10	368798	165
Chi_P11_1	10	368798	79
Chi_P11_1	10	368798	154
Chi_P11_1	10	368798	100
Chi_P11_1	10	368798	154
Chi_P11_1	10	368798	149
Chi_P11_1	10	368798	114
Chi_P11_1	10	368798	136
Chi_P11_1	10	368798	168
Chi_P11_1	10	368798	104
Chi_P11_1	10	368798	129
Chi_P11_1	10	368798	98
Chi_P11_1	10	368798	193
Chi_P11_1	10	368798	129
Chi_P11_1	10	368798	163
Chi_P11_1	10	368798	127
Chi_P11_1	10	368798	129
Chi_P11_1	10	368798	144
Chi_P11_1	10	368798	114
Chi_P11_1	10	368798	96
Chi_P11_1	10	368798	138
Chi_P11_1	10	368798	130
Chi_P11_1	10	368798	147
Chi_P11_1	10	368798	104
Chi_P11_1	10	368798	186
Chi_P11_1	10	368798	112
Chi_P11_1	10	368798	161
Chi_P11_1	10	368798	219
Chi_P11_1	10	368798	175
Chi_P11_1	10	368798	173
Chi_P11_1	10	368798	161
Chi_P11_1	10	368798	121
Chi_P11_1	10	368798	163
Chi_P11_1	10	368798	211
Chi_P11_1	10	368798	474
Chi_P11_1	10	368798	239
Chi_P11_1	10	368798	321
Chi_P11_1	10	368798	190
Chi_P11_1	10	368798	251
Chi_P11_1	10	368798	168
Chi_P11_1	10	368798	138
Chi_P11_1	10	368798	359
Chi_P11_1	10	368798	172
Chi_P11_1	10	368798	135
Chi_P11_1	10	368798	135
Chi_P11_1	10	368798	177
Chi_P11_1	10	368798	130
Chi_P11_1	10	368798	179
Chi_P11_1	10	368798	146
Chi_P11_1	10	368798	143
Chi_P11_1	10	368798	185
Chi_P11_1	10	368798	116
Chi_P11_1	10	368798	113
Chi_P11_1	10	368798	67
Chi_P11_1	10	368798	105
Chi_P11_1	10	368798	142
Chi_P11_1	10	368798	226
Chi_P11_1	10	368798	131
Chi_P11_1	10	368798	419
Chi_P11_1	10	368798	164
Chi_P11_1	10	368798	235
Chi_P11_1	10	368798	220
Chi_P11_1	10	368798	99
Chi_P11_1	10	368798	149
Chi_P11_1	10	368798	152
Chi_P11_1	10	368798	131
Chi_P11_1	10	368798	105
Chi_P11_1	10	368798	294
Chi_P11_1	10	368798	120
Chi_P11_1	10	368798	113
Chi_P11_1	10	368798	283
Chi_P11_1	10	368798	218
Chi_P11_1	10	368798	488
Chi_P11_1	10	368798	85
Chi_P11_1	10	368798	206
Chi_P11_1	10	368798	175
Chi_P11_1	10	368798	169
Chi_P11_1	10	368798	277
Chi_P11_1	10	368798	87
Chi_P11_1	10	368798	158
Chi_P11_1	10	368798	108
Chi_P11_1	11	369331	39
Chi_P11_1	11	369331	86
Chi_P11_1	11	369331	91
Chi_P11_1	11	369331	143
Chi_P11_1	11	369331	48
Chi_P11_1	11	369331	216
Chi_P11_1	11	369331	202
Chi_P11_1	11	369331	114
Chi_P11_1	11	369331	121
Chi_P11_1	11	369331	142
Chi_P11_1	11	369331	165
Chi_P11_1	11	369331	198
Chi_P11_1	11	369331	118
Chi_P11_1	11	369331	117
Chi_P11_1	11	369331	166
Chi_P11_1	11	369331	137
Chi_P11_1	11	369331	299
Chi_P11_1	11	369331	199
Chi_P11_1	11	369331	139
Chi_P11_1	11	369331	152
Chi_P11_1	11	369331	178
Chi_P11_1	11	369331	300
Chi_P11_1	11	369331	129
Chi_P11_1	11	369331	209
Chi_P11_1	11	369331	167
Chi_P11_1	11	369331	141
Chi_P11_1	11	369331	90
Chi_P11_1	11	369331	196
Chi_P11_1	11	369331	144
Chi_P11_1	11	369331	213
Chi_P11_1	11	369331	116
Chi_P11_1	11	369331	43
Chi_P11_1	11	369331	356
Chi_P11_1	11	369331	130
Chi_P11_1	11	369331	124
Chi_P11_1	11	369331	15
Chi_P11_1	11	369331	158
Chi_P11_1	11	369331	259
Chi_P11_1	11	369331	123
Chi_P11_1	11	369331	148
Chi_P11_1	11	369331	131
Chi_P11_1	11	369331	180
Chi_P11_1	11	369331	160
Chi_P11_1	11	369331	175
Chi_P11_1	11	369331	168
Chi_P11_1	11	369331	117
Chi_P11_1	11	369331	225
Chi_P11_1	11	369331	181
Chi_P11_1	11	369331	185
Chi_P11_1	11	369331	119
Chi_P11_1	11	369331	161
Chi_P11_1	11	369331	150
Chi_P11_1	11	369331	154
Chi_P11_1	11	369331	154
Chi_P11_1	11	369331	181
Chi_P11_1	11	369331	119
Chi_P11_1	11	369331	281
Chi_P11_1	11	369331	213
Chi_P11_1	11	369331	148
Chi_P11_1	11	369331	184
Chi_P11_1	11	369331	158
Chi_P11_1	11	369331	30
Chi_P11_1	11	369331	49
Chi_P11_1	11	369331	134
Chi_P11_1	11	369331	17
Chi_P11_1	11	369331	135
Chi_P11_1	11	369331	48
Chi_P11_1	11	369331	79
Chi_P11_1	11	369331	111
Chi_P11_1	11	369331	193
Chi_P11_1	11	369331	102
Chi_P11_1	11	369331	117
Chi_P11_1	11	369331	158
Chi_P11_1	11	369331	198
Chi_P11_1	11	369331	175
Chi_P11_1	11	369331	150
Chi_P11_1	11	369331	81
Chi_P11_1	11	369331	127
Chi_P11_1	11	369331	188
Chi_P11_1	11	369331	168
Chi_P11_1	11	369331	129
Chi_P11_1	11	369331	89
Chi_P11_1	11	369331	136
Chi_P11_1	11	369331	136
Chi_P11_1	11	369331	88
Chi_P11_1	11	369331	166
Chi_P11_1	11	369331	189
Chi_P11_1	11	369331	104
Chi_P11_1	11	369331	134
Chi_P11_1	11	369331	109
Chi_P11_1	11	369331	78
Chi_P11_1	11	369331	55
Chi_P11_1	11	369331	162
Chi_P11_1	11	369331	101
Chi_P11_1	11	369331	74
Chi_P11_1	11	369331	103
Chi_P11_1	11	369331	95
Chi_P11_1	11	369331	97
Chi_P11_1	11	369331	193
Chi_P11_1	11	369331	130
Chi_P11_1	11	369331	143
Chi_P11_1	11	369331	157
Chi_P11_1	11	369331	34
Chi_P11_1	11	369331	70
Chi_P11_1	11	369331	98
Chi_P11_1	11	369331	95
Chi_P11_1	11	369331	193
Chi_P11_1	11	369331	157
Chi_P11_1	11	369331	198
Chi_P11_1	11	369331	185
Chi_P11_1	11	369331	183
Chi_P11_1	11	369331	99
Chi_P11_1	11	369331	244
Chi_P11_1	11	369331	198
Chi_P11_1	11	369331	127
Chi_P11_1	11	369331	142
Chi_P11_1	11	369331	107
Chi_P11_1	11	369331	437
Chi_P11_1	11	369331	68
Chi_P11_1	11	369331	13
Chi_P11_1	11	369331	63
Chi_P11_1	11	369331	232
Chi_P11_1	11	369331	122
Chi_P11_1	11	369331	203
Chi_P11_1	11	369331	132
Chi_P11_1	11	369331	66
Chi_P11_1	11	369331	111
Chi_P11_1	11	369331	106
Chi_P11_1	11	369331	101
Chi_P11_1	11	369331	82
Chi_P11_1	11	369331	183
Chi_P11_1	11	369331	116
Chi_P11_1	11	369331	346
Chi_P11_1	12	333988	81
Chi_P11_1	12	333988	86
Chi_P11_1	12	333988	151
Chi_P11_1	12	333988	158
Chi_P11_1	12	333988	249
Chi_P11_1	12	333988	108
Chi_P11_1	12	333988	172
Chi_P11_1	12	333988	142
Chi_P11_1	12	333988	141
Chi_P11_1	12	333988	224
Chi_P11_1	12	333988	142
Chi_P11_1	12	333988	104
Chi_P11_1	12	333988	149
Chi_P11_1	12	333988	170
Chi_P11_1	12	333988	160
Chi_P11_1	12	333988	200
Chi_P11_1	12	333988	214
Chi_P11_1	12	333988	118
Chi_P11_1	12	333988	108
Chi_P11_1	12	333988	143
Chi_P11_1	12	333988	115
Chi_P11_1	12	333988	197
Chi_P11_1	12	333988	133
Chi_P11_1	12	333988	83
Chi_P11_1	12	333988	165
Chi_P11_1	12	333988	172
Chi_P11_1	12	333988	236
Chi_P11_1	12	333988	237
Chi_P11_1	12	333988	109
Chi_P11_1	12	333988	185
Chi_P11_1	12	333988	165
Chi_P11_1	12	333988	94
Chi_P11_1	12	333988	89
Chi_P11_1	12	333988	153
Chi_P11_1	12	333988	155
Chi_P11_1	12	333988	133
Chi_P11_1	12	333988	147
Chi_P11_1	12	333988	123
Chi_P11_1	12	333988	148
Chi_P11_1	12	333988	92
Chi_P11_1	12	333988	179
Chi_P11_1	12	333988	55
Chi_P11_1	12	333988	104
Chi_P11_1	12	333988	118
Chi_P11_1	12	333988	110
Chi_P11_1	12	333988	188
Chi_P11_1	12	333988	155
Chi_P11_1	12	333988	315
Chi_P11_1	12	333988	184
Chi_P11_1	12	333988	177
Chi_P11_1	12	333988	209
Chi_P11_1	12	333988	177
Chi_P11_1	12	333988	369
Chi_P11_1	12	333988	277
Chi_P11_1	12	333988	128
Chi_P11_1	12	333988	144
Chi_P11_1	12	333988	93
Chi_P11_1	12	333988	68
Chi_P11_1	12	333988	127
Chi_P11_1	12	333988	261
Chi_P11_1	12	333988	115
Chi_P11_1	12	333988	120
Chi_P11_1	12	333988	91
Chi_P11_1	12	333988	169
Chi_P11_1	12	333988	38
Chi_P11_1	12	333988	123
Chi_P11_1	12	333988	193
Chi_P11_1	12	333988	99
Chi_P11_1	12	333988	86
Chi_P11_1	12	333988	87
Chi_P11_1	12	333988	98
Chi_P11_1	12	333988	131
Chi_P11_1	12	333988	211
Chi_P11_1	12	333988	95
Chi_P11_1	12	333988	90
Chi_P11_1	12	333988	107
Chi_P11_1	12	333988	157
Chi_P11_1	12	333988	222
Chi_P11_1	12	333988	141
Chi_P11_1	12	333988	84
Chi_P11_1	12	333988	153
Chi_P11_1	12	333988	87
Chi_P11_1	12	333988	76
Chi_P11_1	12	333988	92
Chi_P11_1	12	333988	163
Chi_P11_1	12	333988	57
Chi_P11_1	12	333988	51
Chi_P11_1	12	333988	137
Chi_P11_1	12	333988	109
Chi_P11_1	12	333988	83
Chi_P11_1	12	333988	64
Chi_P11_1	12	333988	128
Chi_P11_1	12	333988	87
Chi_P11_1	12	333988	133
Chi_P11_1	12	333988	130
Chi_P11_1	12	333988	158
Chi_P11_1	12	333988	181
Chi_P11_1	12	333988	169
Chi_P11_1	12	333988	110
Chi_P11_1	12	333988	113
Chi_P11_1	12	333988	114
Chi_P11_1	12	333988	118
Chi_P11_1	12	333988	197
Chi_P11_1	12	333988	138
Chi_P11_1	12	333988	168
Chi_P11_1	12	333988	186
Chi_P11_1	12	333988	156
Chi_P11_1	12	333988	214
Chi_P11_1	12	333988	169
Chi_P11_1	12	333988	403
Chi_P11_1	12	333988	148
Chi_P11_1	12	333988	10
Chi_P11_1	12	333988	139
Chi_P11_1	12	333988	127
Chi_P11_1	12	333988	834
Chi_P11_1	12	333988	191
Chi_P11_1	12	333988	158
Chi_P11_1	12	333988	307
Chi_P11_1	12	333988	158
Chi_P11_1	12	333988	102
Chi_P11_1	12	333988	127
Chi_P11_1	12	333988	226
Chi_P11_1	12	333988	157
Chi_P11_1	12	333988	47
Chi_P11_1	12	333988	64
Chi_P11_1	12	333988	116
Chi_P11_1	12	333988	11
Chi_P11_1	12	333988	142
Chi_P11_1	12	333988	177
Chi_P11_1	12	333988	218
Chi_P11_1	12	333988	367
Chi_P11_1	12	333988	176
Chi_P11_1	12	333988	47
Chi_P11_1	12	333988	183
Chi_P11_1	12	333988	85
Chi_P11_1	12	333988	145
Chi_P11_1	12	333988	98
Chi_P11_1	12	333988	151
Chi_P11_1	12	333988	134
Chi_P11_1	13	394932	117
Chi_P11_1	13	394932	119
Chi_P11_1	13	394932	162
Chi_P11_1	13	394932	124
Chi_P11_1	13	394932	86
Chi_P11_1	13	394932	141
Chi_P11_1	13	394932	93
Chi_P11_1	13	394932	164
Chi_P11_1	13	394932	99
Chi_P11_1	13	394932	207
Chi_P11_1	13	394932	85
Chi_P11_1	13	394932	135
Chi_P11_1	13	394932	209
Chi_P11_1	13	394932	79
Chi_P11_1	13	394932	79
Chi_P11_1	13	394932	113
Chi_P11_1	13	394932	71
Chi_P11_1	13	394932	74
Chi_P11_1	13	394932	289
Chi_P11_1	13	394932	94
Chi_P11_1	13	394932	147
Chi_P11_1	13	394932	117
Chi_P11_1	13	394932	131
Chi_P11_1	13	394932	139
Chi_P11_1	13	394932	111
Chi_P11_1	13	394932	141
Chi_P11_1	13	394932	80
Chi_P11_1	13	394932	124
Chi_P11_1	13	394932	122
Chi_P11_1	13	394932	165
Chi_P11_1	13	394932	94
Chi_P11_1	13	394932	161
Chi_P11_1	13	394932	122
Chi_P11_1	13	394932	85
Chi_P11_1	13	394932	37
Chi_P11_1	13	394932	141
Chi_P11_1	13	394932	114
Chi_P11_1	13	394932	112
Chi_P11_1	13	394932	170
Chi_P11_1	13	394932	184
Chi_P11_1	13	394932	146
Chi_P11_1	13	394932	91
Chi_P11_1	13	394932	102
Chi_P11_1	13	394932	118
Chi_P11_1	13	394932	195
Chi_P11_1	13	394932	169
Chi_P11_1	13	394932	114
Chi_P11_1	13	394932	390
Chi_P11_1	13	394932	107
Chi_P11_1	13	394932	196
Chi_P11_1	13	394932	134
Chi_P11_1	13	394932	100
Chi_P11_1	13	394932	147
Chi_P11_1	13	394932	124
Chi_P11_1	13	394932	196
Chi_P11_1	13	394932	798
Chi_P11_1	13	394932	113
Chi_P11_1	13	394932	131
Chi_P11_1	13	394932	65
Chi_P11_1	13	394932	149
Chi_P11_1	13	394932	118
Chi_P11_1	13	394932	68
Chi_P11_1	13	394932	74
Chi_P11_1	13	394932	126
Chi_P11_1	13	394932	99
Chi_P11_1	13	394932	166
Chi_P11_1	13	394932	118
Chi_P11_1	13	394932	110
Chi_P11_1	13	394932	139
Chi_P11_1	13	394932	59
Chi_P11_1	13	394932	99
Chi_P11_1	13	394932	134
Chi_P11_1	13	394932	186
Chi_P11_1	13	394932	129
Chi_P11_1	13	394932	125
Chi_P11_1	13	394932	119
Chi_P11_1	13	394932	232
Chi_P11_1	13	394932	51
Chi_P11_1	13	394932	178
Chi_P11_1	13	394932	118
Chi_P11_1	13	394932	101
Chi_P11_1	13	394932	117
Chi_P11_1	13	394932	84
Chi_P11_1	13	394932	152
Chi_P11_1	13	394932	133
Chi_P11_1	13	394932	186
Chi_P11_1	13	394932	218
Chi_P11_1	13	394932	133
Chi_P11_1	13	394932	18
Chi_P11_1	13	394932	134
Chi_P11_1	13	394932	110
Chi_P11_1	13	394932	144
Chi_P11_1	13	394932	170
Chi_P11_1	13	394932	217
Chi_P11_1	13	394932	132
Chi_P11_1	13	394932	134
Chi_P11_1	13	394932	102
Chi_P11_1	13	394932	31
Chi_P11_1	13	394932	86
Chi_P11_1	13	394932	94
Chi_P11_1	13	394932	135
Chi_P11_1	13	394932	80
Chi_P11_1	13	394932	138
Chi_P11_1	13	394932	77
Chi_P11_1	13	394932	138
Chi_P11_1	13	394932	153
Chi_P11_1	13	394932	144
Chi_P11_1	13	394932	44
Chi_P11_1	13	394932	118
Chi_P11_1	13	394932	114
Chi_P11_1	13	394932	68
Chi_P11_1	13	394932	119
Chi_P11_1	13	394932	66
Chi_P11_1	13	394932	109
Chi_P11_1	13	394932	210
Chi_P11_1	13	394932	128
Chi_P11_1	13	394932	140
Chi_P11_1	13	394932	70
Chi_P11_1	13	394932	101
Chi_P11_1	13	394932	38
Chi_P11_1	14	312693	54
Chi_P11_1	14	312693	155
Chi_P11_1	14	312693	69
Chi_P11_1	14	312693	286
Chi_P11_1	14	312693	119
Chi_P11_1	14	312693	165
Chi_P11_1	14	312693	103
Chi_P11_1	14	312693	140
Chi_P11_1	14	312693	133
Chi_P11_1	14	312693	113
Chi_P11_1	14	312693	109
Chi_P11_1	14	312693	76
Chi_P11_1	14	312693	145
Chi_P11_1	14	312693	156
Chi_P11_1	14	312693	158
Chi_P11_1	14	312693	107
Chi_P11_1	14	312693	125
Chi_P11_1	14	312693	254
Chi_P11_1	14	312693	95
Chi_P11_1	14	312693	157
Chi_P11_1	14	312693	198
Chi_P11_1	14	312693	124
Chi_P11_1	14	312693	103
Chi_P11_1	14	312693	156
Chi_P11_1	14	312693	62
Chi_P11_1	14	312693	361
Chi_P11_1	14	312693	98
Chi_P11_1	14	312693	202
Chi_P11_1	14	312693	204
Chi_P11_1	14	312693	216
Chi_P11_1	14	312693	155
Chi_P11_1	14	312693	204
Chi_P11_1	14	312693	116
Chi_P11_1	14	312693	89
Chi_P11_1	14	312693	217
Chi_P11_1	14	312693	247
Chi_P11_1	14	312693	205
Chi_P11_1	14	312693	237
Chi_P11_1	14	312693	69
Chi_P11_1	14	312693	129
Chi_P11_1	14	312693	161
Chi_P11_1	14	312693	123
Chi_P11_1	14	312693	68
Chi_P11_1	14	312693	192
Chi_P11_1	14	312693	223
Chi_P11_1	14	312693	165
Chi_P11_1	14	312693	140
Chi_P11_1	14	312693	98
Chi_P11_1	14	312693	235
Chi_P11_1	14	312693	147
Chi_P11_1	14	312693	159
Chi_P11_1	14	312693	97
Chi_P11_1	14	312693	313
Chi_P11_1	14	312693	349
Chi_P11_1	14	312693	263
Chi_P11_1	14	312693	64
Chi_P11_1	14	312693	111
Chi_P11_1	14	312693	97
Chi_P11_1	14	312693	107
Chi_P11_1	14	312693	148
Chi_P11_1	14	312693	143
Chi_P11_1	14	312693	250
Chi_P11_1	14	312693	101
Chi_P11_1	14	312693	225
Chi_P11_1	14	312693	77
Chi_P11_1	14	312693	128
Chi_P11_1	14	312693	151
Chi_P11_1	14	312693	126
Chi_P11_1	14	312693	146
Chi_P11_1	14	312693	264
Chi_P11_1	14	312693	201
Chi_P11_1	14	312693	114
Chi_P11_1	14	312693	103
Chi_P11_1	14	312693	183
Chi_P11_1	14	312693	131
Chi_P11_1	14	312693	310
Chi_P11_1	14	312693	146
Chi_P11_1	14	312693	132
Chi_P11_1	14	312693	178
Chi_P11_1	14	312693	140
Chi_P11_1	14	312693	154
Chi_P11_1	14	312693	112
Chi_P11_1	14	312693	165
Chi_P11_1	14	312693	190
Chi_P11_1	14	312693	158
Chi_P11_1	14	312693	60
Chi_P11_1	14	312693	74
Chi_P11_1	14	312693	121
Chi_P11_1	14	312693	174
Chi_P11_1	14	312693	126
Chi_P11_1	14	312693	123
Chi_P11_1	14	312693	98
Chi_P11_1	14	312693	89
Chi_P11_1	14	312693	151
Chi_P11_1	14	312693	47
Chi_P11_1	14	312693	27
Chi_P11_1	14	312693	42
Chi_P11_1	14	312693	107
Chi_P11_1	14	312693	105
Chi_P11_1	14	312693	160
Chi_P11_1	14	312693	129
Chi_P11_1	14	312693	87
Chi_P11_1	14	312693	271
Chi_P11_1	14	312693	180
Chi_P11_1	14	312693	64
Chi_P11_1	14	312693	150
Chi_P11_1	14	312693	97
Chi_P11_1	14	312693	130
Chi_P11_1	14	312693	164
Chi_P11_1	14	312693	72
Chi_P11_1	14	312693	110
Chi_P11_1	14	312693	111
Chi_P11_1	14	312693	108
Chi_P11_1	14	312693	94
Chi_P11_1	14	312693	98
Chi_P11_1	14	312693	80
Chi_P11_1	14	312693	88
Chi_P11_1	14	312693	152
Chi_P11_1	14	312693	180
Chi_P11_1	14	312693	111
Chi_P11_1	14	312693	106
Chi_P11_1	15	349162	131
Chi_P11_1	15	349162	222
Chi_P11_1	15	349162	150
Chi_P11_1	15	349162	92
Chi_P11_1	15	349162	96
Chi_P11_1	15	349162	247
Chi_P11_1	15	349162	120
Chi_P11_1	15	349162	145
Chi_P11_1	15	349162	263
Chi_P11_1	15	349162	139
Chi_P11_1	15	349162	333
Chi_P11_1	15	349162	153
Chi_P11_1	15	349162	106
Chi_P11_1	15	349162	87
Chi_P11_1	15	349162	82
Chi_P11_1	15	349162	155
Chi_P11_1	15	349162	131
Chi_P11_1	15	349162	144
Chi_P11_1	15	349162	142
Chi_P11_1	15	349162	98
Chi_P11_1	15	349162	56
Chi_P11_1	15	349162	82
Chi_P11_1	15	349162	126
Chi_P11_1	15	349162	137
Chi_P11_1	15	349162	73
Chi_P11_1	15	349162	128
Chi_P11_1	15	349162	176
Chi_P11_1	15	349162	93
Chi_P11_1	15	349162	48
Chi_P11_1	15	349162	97
Chi_P11_1	15	349162	133
Chi_P11_1	15	349162	141
Chi_P11_1	15	349162	18
Chi_P11_1	15	349162	70
Chi_P11_1	15	349162	132
Chi_P11_1	15	349162	94
Chi_P11_1	15	349162	142
Chi_P11_1	15	349162	99
Chi_P11_1	15	349162	98
Chi_P11_1	15	349162	88
Chi_P11_1	15	349162	59
Chi_P11_1	15	349162	81
Chi_P11_1	15	349162	155
Chi_P11_1	15	349162	189
Chi_P11_1	15	349162	167
Chi_P11_1	15	349162	151
Chi_P11_1	15	349162	110
Chi_P11_1	15	349162	161
Chi_P11_1	15	349162	141
Chi_P11_1	15	349162	119
Chi_P11_1	15	349162	164
Chi_P11_1	15	349162	161
Chi_P11_1	15	349162	160
Chi_P11_1	15	349162	182
Chi_P11_1	15	349162	239
Chi_P11_1	15	349162	130
Chi_P11_1	15	349162	20
Chi_P11_1	15	349162	221
Chi_P11_1	15	349162	118
Chi_P11_1	15	349162	48
Chi_P11_1	15	349162	68
Chi_P11_1	15	349162	70
Chi_P11_1	15	349162	67
Chi_P11_1	15	349162	100
Chi_P11_1	15	349162	56
Chi_P11_1	15	349162	226
Chi_P11_1	15	349162	151
Chi_P11_1	15	349162	78
Chi_P11_1	15	349162	71
Chi_P11_1	15	349162	110
Chi_P11_1	15	349162	267
Chi_P11_1	15	349162	38
Chi_P11_1	15	349162	91
Chi_P11_1	15	349162	66
Chi_P11_1	15	349162	75
Chi_P11_1	15	349162	114
Chi_P11_1	15	349162	127
Chi_P11_1	15	349162	157
Chi_P11_1	15	349162	111
Chi_P11_1	15	349162	54
Chi_P11_1	15	349162	78
Chi_P11_1	15	349162	113
Chi_P11_1	15	349162	112
Chi_P11_1	15	349162	121
Chi_P11_1	15	349162	46
Chi_P11_1	15	349162	119
Chi_P11_1	15	349162	89
Chi_P11_1	15	349162	92
Chi_P11_1	15	349162	45
Chi_P11_1	15	349162	123
Chi_P11_1	15	349162	85
Chi_P11_1	15	349162	155
Chi_P11_1	15	349162	163
Chi_P11_1	15	349162	77
Chi_P11_1	15	349162	14
Chi_P11_1	15	349162	94
Chi_P11_1	15	349162	127
Chi_P11_1	15	349162	83
Chi_P11_1	15	349162	74
Chi_P11_1	15	349162	73
Chi_P11_1	15	349162	54
Chi_P11_1	15	349162	115
Chi_P11_1	15	349162	99
Chi_P11_1	15	349162	122
Chi_P11_1	15	349162	49
Chi_P11_1	16	232518	72
Chi_P11_1	16	232518	153
Chi_P11_1	16	232518	144
Chi_P11_1	16	232518	304
Chi_P11_1	16	232518	114
Chi_P11_1	16	232518	111
Chi_P11_1	16	232518	204
Chi_P11_1	16	232518	116
Chi_P11_1	16	232518	101
Chi_P11_1	16	232518	94
Chi_P11_1	16	232518	112
Chi_P11_1	16	232518	192
Chi_P11_1	16	232518	213
Chi_P11_1	16	232518	230
Chi_P11_1	16	232518	109
Chi_P11_1	16	232518	131
Chi_P11_1	16	232518	179
Chi_P11_1	16	232518	58
Chi_P11_1	16	232518	171
Chi_P11_1	16	232518	143
Chi_P11_1	16	232518	195
Chi_P11_1	16	232518	131
Chi_P11_1	16	232518	125
Chi_P11_1	16	232518	263
Chi_P11_1	16	232518	123
Chi_P11_1	16	232518	133
Chi_P11_1	16	232518	106
Chi_P11_1	16	232518	52
Chi_P11_1	16	232518	143
Chi_P11_1	16	232518	142
Chi_P11_1	16	232518	160
Chi_P11_1	16	232518	167
Chi_P11_1	16	232518	79
Chi_P11_1	16	232518	201
Chi_P11_1	16	232518	130
Chi_P11_1	16	232518	81
Chi_P11_1	16	232518	147
Chi_P11_1	16	232518	141
Chi_P11_1	16	232518	267
Chi_P11_1	16	232518	152
Chi_P11_1	16	232518	148
Chi_P11_1	16	232518	155
Chi_P11_1	16	232518	270
Chi_P11_1	16	232518	179
Chi_P11_1	16	232518	64
Chi_P11_1	16	232518	218
Chi_P11_1	16	232518	45
Chi_P11_1	16	232518	271
Chi_P11_1	16	232518	117
Chi_P11_1	16	232518	181
Chi_P11_1	16	232518	109
Chi_P11_1	16	232518	253
Chi_P11_1	16	232518	172
Chi_P11_1	16	232518	136
Chi_P11_1	16	232518	129
Chi_P11_1	16	232518	123
Chi_P11_1	16	232518	169
Chi_P11_1	16	232518	171
Chi_P11_1	16	232518	132
Chi_P11_1	16	232518	307
Chi_P11_1	16	232518	97
Chi_P11_1	16	232518	154
Chi_P11_1	16	232518	169
Chi_P11_1	16	232518	79
Chi_P11_1	16	232518	279
Chi_P11_1	16	232518	134
Chi_P11_1	16	232518	235
Chi_P11_1	16	232518	77
Chi_P11_1	16	232518	77
Chi_P11_1	16	232518	133
Chi_P11_1	16	232518	104
Chi_P11_1	16	232518	69
Chi_P11_1	16	232518	372
Chi_P11_1	16	232518	126
Chi_P11_1	16	232518	159
Chi_P11_1	16	232518	205
Chi_P11_1	16	232518	79
Chi_P11_1	16	232518	145
Chi_P11_1	16	232518	156
Chi_P11_1	16	232518	103
Chi_P11_1	16	232518	143
Chi_P11_1	16	232518	131
Chi_P11_1	16	232518	270
Chi_P11_1	17	300696	191
Chi_P11_1	17	300696	101
Chi_P11_1	17	300696	161
Chi_P11_1	17	300696	102
Chi_P11_1	17	300696	110
Chi_P11_1	17	300696	123
Chi_P11_1	17	300696	168
Chi_P11_1	17	300696	39
Chi_P11_1	17	300696	117
Chi_P11_1	17	300696	68
Chi_P11_1	17	300696	167
Chi_P11_1	17	300696	117
Chi_P11_1	17	300696	112
Chi_P11_1	17	300696	369
Chi_P11_1	17	300696	134
Chi_P11_1	17	300696	119
Chi_P11_1	17	300696	84
Chi_P11_1	17	300696	111
Chi_P11_1	17	300696	99
Chi_P11_1	17	300696	87
Chi_P11_1	17	300696	91
Chi_P11_1	17	300696	109
Chi_P11_1	17	300696	80
Chi_P11_1	17	300696	39
Chi_P11_1	17	300696	93
Chi_P11_1	17	300696	66
Chi_P11_1	17	300696	67
Chi_P11_1	17	300696	185
Chi_P11_1	17	300696	70
Chi_P11_1	17	300696	95
Chi_P11_1	17	300696	137
Chi_P11_1	17	300696	124
Chi_P11_1	17	300696	119
Chi_P11_1	17	300696	97
Chi_P11_1	17	300696	85
Chi_P11_1	17	300696	22
Chi_P11_1	17	300696	50
Chi_P11_1	17	300696	108
Chi_P11_1	17	300696	136
Chi_P11_1	17	300696	123
Chi_P11_1	17	300696	49
Chi_P11_1	17	300696	109
Chi_P11_1	17	300696	144
Chi_P11_1	17	300696	83
Chi_P11_1	17	300696	46
Chi_P11_1	17	300696	180
Chi_P11_1	17	300696	149
Chi_P11_1	17	300696	70
Chi_P11_1	17	300696	46
Chi_P11_1	17	300696	85
Chi_P11_1	17	300696	78
Chi_P11_1	17	300696	124
Chi_P11_1	17	300696	78
Chi_P11_1	17	300696	119
Chi_P11_1	17	300696	190
Chi_P11_1	17	300696	69
Chi_P11_1	17	300696	168
Chi_P11_1	17	300696	30
Chi_P11_1	17	300696	87
Chi_P11_1	17	300696	70
Chi_P11_1	17	300696	125
Chi_P11_1	17	300696	95
Chi_P11_1	17	300696	77
Chi_P11_1	17	300696	98
Chi_P11_1	17	300696	123
Chi_P11_1	17	300696	104
Chi_P11_1	17	300696	37
Chi_P11_1	17	300696	103
Chi_P11_1	17	300696	117
Chi_P11_1	17	300696	57
Chi_P11_1	17	300696	100
Chi_P11_1	17	300696	157
Chi_P11_1	17	300696	140
Chi_P11_1	17	300696	134
Chi_P11_1	17	300696	87
Chi_P11_1	17	300696	77
Chi_P11_1	17	300696	123
Chi_P11_1	17	300696	168
Chi_P11_1	17	300696	111
Chi_P11_1	17	300696	100
Chi_P11_1	17	300696	172
Chi_P11_1	17	300696	375
Chi_P11_1	17	300696	104
Chi_P11_1	17	300696	179
Chi_P11_1	17	300696	125
Chi_P11_1	17	300696	78
Chi_P11_1	17	300696	193
Chi_P11_1	17	300696	78
Chi_P11_1	17	300696	119
Chi_P11_1	17	300696	90
Chi_P11_1	17	300696	135
Chi_P11_1	17	300696	136
Chi_P11_1	17	300696	125
Chi_P11_1	18	336869	59
Chi_P11_1	18	336869	132
Chi_P11_1	18	336869	39
Chi_P11_1	18	336869	129
Chi_P11_1	18	336869	129
Chi_P11_1	18	336869	89
Chi_P11_1	18	336869	74
Chi_P11_1	18	336869	138
Chi_P11_1	18	336869	99
Chi_P11_1	18	336869	96
Chi_P11_1	18	336869	195
Chi_P11_1	18	336869	89
Chi_P11_1	18	336869	95
Chi_P11_1	18	336869	63
Chi_P11_1	18	336869	51
Chi_P11_1	18	336869	118
Chi_P11_1	18	336869	67
Chi_P11_1	18	336869	102
Chi_P11_1	18	336869	176
Chi_P11_1	18	336869	15
Chi_P11_1	18	336869	169
Chi_P11_1	18	336869	110
Chi_P11_1	18	336869	63
Chi_P11_1	18	336869	147
Chi_P11_1	18	336869	154
Chi_P11_1	18	336869	76
Chi_P11_1	18	336869	108
Chi_P11_1	18	336869	134
Chi_P11_1	18	336869	204
Chi_P11_1	18	336869	163
Chi_P11_1	18	336869	154
Chi_P11_1	18	336869	95
Chi_P11_1	18	336869	123
Chi_P11_1	18	336869	95
Chi_P11_1	18	336869	186
Chi_P11_1	18	336869	131
Chi_P11_1	18	336869	153
Chi_P11_1	18	336869	128
Chi_P11_1	18	336869	66
Chi_P11_1	18	336869	134
Chi_P11_1	18	336869	88
Chi_P11_1	18	336869	63
Chi_P11_1	18	336869	143
Chi_P11_1	18	336869	87
Chi_P11_1	18	336869	150
Chi_P11_1	18	336869	133
Chi_P11_1	18	336869	203
Chi_P11_1	18	336869	146
Chi_P11_1	18	336869	42
Chi_P11_1	18	336869	66
Chi_P11_1	18	336869	107
Chi_P11_1	18	336869	247
Chi_P11_1	18	336869	74
Chi_P11_1	18	336869	111
Chi_P11_1	18	336869	132
Chi_P11_1	18	336869	83
Chi_P11_1	18	336869	205
Chi_P11_1	18	336869	247
Chi_P11_1	18	336869	114
Chi_P11_1	18	336869	146
Chi_P11_1	18	336869	375
Chi_P11_1	18	336869	108
Chi_P11_1	18	336869	246
Chi_P11_1	18	336869	78
Chi_P11_1	18	336869	217
Chi_P11_1	18	336869	116
Chi_P11_1	18	336869	148
Chi_P11_1	18	336869	136
Chi_P11_1	18	336869	227
Chi_P11_1	18	336869	79
Chi_P11_1	18	336869	102
Chi_P11_1	18	336869	82
Chi_P11_1	18	336869	64
Chi_P11_1	18	336869	122
Chi_P11_1	18	336869	218
Chi_P11_1	18	336869	147
Chi_P11_1	18	336869	97
Chi_P11_1	18	336869	107
Chi_P11_1	18	336869	176
Chi_P11_1	18	336869	158
Chi_P11_1	18	336869	173
Chi_P11_1	18	336869	91
Chi_P11_1	18	336869	259
Chi_P11_1	18	336869	20
Chi_P11_1	18	336869	61
Chi_P11_1	18	336869	85
Chi_P11_1	18	336869	112
Chi_P11_1	18	336869	135
Chi_P11_1	18	336869	235
Chi_P11_1	18	336869	150
Chi_P11_1	18	336869	109
Chi_P11_1	18	336869	80
Chi_P11_1	18	336869	128
Chi_P11_1	18	336869	17
