fichier	leaf	surfaceLeaf	surfaceLesion
Chi_P07_2	1	226997	284
Chi_P07_2	1	226997	126
Chi_P07_2	1	226997	167
Chi_P07_2	1	226997	108
Chi_P07_2	1	226997	129
Chi_P07_2	1	226997	133
Chi_P07_2	1	226997	77
Chi_P07_2	1	226997	102
Chi_P07_2	1	226997	107
Chi_P07_2	1	226997	101
Chi_P07_2	1	226997	142
Chi_P07_2	1	226997	115
Chi_P07_2	1	226997	218
Chi_P07_2	1	226997	200
Chi_P07_2	1	226997	135
Chi_P07_2	1	226997	173
Chi_P07_2	1	226997	169
Chi_P07_2	1	226997	251
Chi_P07_2	1	226997	125
Chi_P07_2	1	226997	135
Chi_P07_2	1	226997	191
Chi_P07_2	1	226997	113
Chi_P07_2	1	226997	216
Chi_P07_2	1	226997	315
Chi_P07_2	1	226997	248
Chi_P07_2	1	226997	114
Chi_P07_2	1	226997	142
Chi_P07_2	1	226997	152
Chi_P07_2	1	226997	174
Chi_P07_2	1	226997	149
Chi_P07_2	1	226997	205
Chi_P07_2	1	226997	306
Chi_P07_2	1	226997	93
Chi_P07_2	1	226997	183
Chi_P07_2	1	226997	321
Chi_P07_2	1	226997	80
Chi_P07_2	1	226997	126
Chi_P07_2	1	226997	132
Chi_P07_2	1	226997	117
Chi_P07_2	1	226997	243
Chi_P07_2	1	226997	267
Chi_P07_2	1	226997	97
Chi_P07_2	1	226997	84
Chi_P07_2	1	226997	206
Chi_P07_2	1	226997	115
Chi_P07_2	1	226997	207
Chi_P07_2	1	226997	151
Chi_P07_2	1	226997	69
Chi_P07_2	1	226997	167
Chi_P07_2	1	226997	70
Chi_P07_2	1	226997	33
Chi_P07_2	1	226997	130
Chi_P07_2	1	226997	183
Chi_P07_2	1	226997	40
Chi_P07_2	1	226997	152
Chi_P07_2	1	226997	144
Chi_P07_2	1	226997	161
Chi_P07_2	1	226997	100
Chi_P07_2	1	226997	231
Chi_P07_2	1	226997	82
Chi_P07_2	1	226997	36
Chi_P07_2	1	226997	57
Chi_P07_2	1	226997	76
Chi_P07_2	1	226997	65
Chi_P07_2	1	226997	232
Chi_P07_2	1	226997	46
Chi_P07_2	1	226997	105
Chi_P07_2	1	226997	90
Chi_P07_2	1	226997	26
Chi_P07_2	1	226997	113
Chi_P07_2	1	226997	261
Chi_P07_2	1	226997	134
Chi_P07_2	1	226997	195
Chi_P07_2	1	226997	64
Chi_P07_2	1	226997	24
Chi_P07_2	1	226997	112
Chi_P07_2	1	226997	62
Chi_P07_2	1	226997	96
Chi_P07_2	1	226997	115
Chi_P07_2	1	226997	99
Chi_P07_2	1	226997	137
Chi_P07_2	1	226997	738
Chi_P07_2	1	226997	339
Chi_P07_2	1	226997	51
Chi_P07_2	1	226997	150
Chi_P07_2	1	226997	90
Chi_P07_2	1	226997	48
Chi_P07_2	1	226997	169
Chi_P07_2	1	226997	92
Chi_P07_2	1	226997	154
Chi_P07_2	1	226997	186
Chi_P07_2	1	226997	188
Chi_P07_2	1	226997	111
Chi_P07_2	1	226997	81
Chi_P07_2	1	226997	96
Chi_P07_2	1	226997	52
Chi_P07_2	1	226997	81
Chi_P07_2	1	226997	116
Chi_P07_2	1	226997	36
Chi_P07_2	1	226997	127
Chi_P07_2	1	226997	226
Chi_P07_2	1	226997	102
Chi_P07_2	1	226997	300
Chi_P07_2	1	226997	188
Chi_P07_2	1	226997	93
Chi_P07_2	1	226997	72
Chi_P07_2	1	226997	118
Chi_P07_2	1	226997	44
Chi_P07_2	1	226997	223
Chi_P07_2	1	226997	66
Chi_P07_2	1	226997	37
Chi_P07_2	1	226997	212
Chi_P07_2	1	226997	188
Chi_P07_2	1	226997	22
Chi_P07_2	1	226997	164
Chi_P07_2	1	226997	57
Chi_P07_2	1	226997	52
Chi_P07_2	1	226997	70
Chi_P07_2	1	226997	136
Chi_P07_2	2	287349	138
Chi_P07_2	2	287349	125
Chi_P07_2	2	287349	68
Chi_P07_2	2	287349	328
Chi_P07_2	2	287349	168
Chi_P07_2	2	287349	19
Chi_P07_2	2	287349	213
Chi_P07_2	2	287349	71
Chi_P07_2	2	287349	142
Chi_P07_2	2	287349	91
Chi_P07_2	2	287349	64
Chi_P07_2	2	287349	124
Chi_P07_2	2	287349	96
Chi_P07_2	2	287349	204
Chi_P07_2	2	287349	74
Chi_P07_2	2	287349	111
Chi_P07_2	2	287349	318
Chi_P07_2	2	287349	154
Chi_P07_2	2	287349	86
Chi_P07_2	2	287349	91
Chi_P07_2	2	287349	313
Chi_P07_2	2	287349	60
Chi_P07_2	2	287349	99
Chi_P07_2	2	287349	86
Chi_P07_2	2	287349	127
Chi_P07_2	2	287349	45
Chi_P07_2	2	287349	15
Chi_P07_2	2	287349	157
Chi_P07_2	2	287349	134
Chi_P07_2	2	287349	96
Chi_P07_2	2	287349	154
Chi_P07_2	2	287349	72
Chi_P07_2	2	287349	238
Chi_P07_2	2	287349	501
Chi_P07_2	2	287349	134
Chi_P07_2	2	287349	123
Chi_P07_2	2	287349	102
Chi_P07_2	2	287349	73
Chi_P07_2	2	287349	59
Chi_P07_2	2	287349	86
Chi_P07_2	2	287349	101
Chi_P07_2	2	287349	100
Chi_P07_2	2	287349	146
Chi_P07_2	2	287349	171
Chi_P07_2	2	287349	112
Chi_P07_2	2	287349	74
Chi_P07_2	2	287349	91
Chi_P07_2	2	287349	119
Chi_P07_2	2	287349	90
Chi_P07_2	2	287349	134
Chi_P07_2	2	287349	49
Chi_P07_2	2	287349	62
Chi_P07_2	2	287349	84
Chi_P07_2	2	287349	34
Chi_P07_2	2	287349	56
Chi_P07_2	2	287349	16
Chi_P07_2	2	287349	106
Chi_P07_2	2	287349	11
Chi_P07_2	2	287349	144
Chi_P07_2	2	287349	58
Chi_P07_2	2	287349	121
Chi_P07_2	2	287349	57
Chi_P07_2	2	287349	137
Chi_P07_2	2	287349	102
Chi_P07_2	2	287349	85
Chi_P07_2	2	287349	58
Chi_P07_2	2	287349	101
Chi_P07_2	2	287349	99
Chi_P07_2	2	287349	140
Chi_P07_2	2	287349	67
Chi_P07_2	2	287349	120
Chi_P07_2	2	287349	68
Chi_P07_2	2	287349	131
Chi_P07_2	2	287349	105
Chi_P07_2	2	287349	47
Chi_P07_2	2	287349	161
Chi_P07_2	2	287349	77
Chi_P07_2	2	287349	145
Chi_P07_2	2	287349	88
Chi_P07_2	2	287349	68
Chi_P07_2	2	287349	142
Chi_P07_2	2	287349	62
Chi_P07_2	2	287349	77
Chi_P07_2	2	287349	57
Chi_P07_2	2	287349	196
Chi_P07_2	2	287349	81
Chi_P07_2	2	287349	131
Chi_P07_2	2	287349	78
Chi_P07_2	2	287349	103
Chi_P07_2	2	287349	136
Chi_P07_2	2	287349	136
Chi_P07_2	2	287349	88
Chi_P07_2	2	287349	118
Chi_P07_2	2	287349	264
Chi_P07_2	2	287349	92
Chi_P07_2	2	287349	118
Chi_P07_2	2	287349	101
Chi_P07_2	2	287349	125
Chi_P07_2	2	287349	10
Chi_P07_2	2	287349	104
Chi_P07_2	2	287349	89
Chi_P07_2	2	287349	81
Chi_P07_2	2	287349	81
Chi_P07_2	2	287349	68
Chi_P07_2	2	287349	130
Chi_P07_2	2	287349	85
Chi_P07_2	2	287349	49
Chi_P07_2	2	287349	90
Chi_P07_2	2	287349	106
Chi_P07_2	2	287349	133
Chi_P07_2	2	287349	88
Chi_P07_2	2	287349	181
Chi_P07_2	2	287349	77
Chi_P07_2	2	287349	94
Chi_P07_2	2	287349	542
Chi_P07_2	2	287349	136
Chi_P07_2	2	287349	105
Chi_P07_2	2	287349	244
Chi_P07_2	2	287349	138
Chi_P07_2	2	287349	116
Chi_P07_2	2	287349	163
Chi_P07_2	2	287349	24
Chi_P07_2	2	287349	144
Chi_P07_2	2	287349	80
Chi_P07_2	2	287349	60
Chi_P07_2	2	287349	61
Chi_P07_2	2	287349	106
Chi_P07_2	2	287349	138
Chi_P07_2	2	287349	183
Chi_P07_2	2	287349	68
Chi_P07_2	2	287349	48
Chi_P07_2	2	287349	246
Chi_P07_2	3	314207	159
Chi_P07_2	3	314207	115
Chi_P07_2	3	314207	88
Chi_P07_2	3	314207	175
Chi_P07_2	3	314207	72
Chi_P07_2	3	314207	130
Chi_P07_2	3	314207	135
Chi_P07_2	3	314207	102
Chi_P07_2	3	314207	116
Chi_P07_2	3	314207	76
Chi_P07_2	3	314207	53
Chi_P07_2	3	314207	90
Chi_P07_2	3	314207	118
Chi_P07_2	3	314207	106
Chi_P07_2	3	314207	68
Chi_P07_2	3	314207	136
Chi_P07_2	3	314207	103
Chi_P07_2	3	314207	110
Chi_P07_2	3	314207	101
Chi_P07_2	3	314207	102
Chi_P07_2	3	314207	84
Chi_P07_2	3	314207	102
Chi_P07_2	3	314207	93
Chi_P07_2	3	314207	207
Chi_P07_2	3	314207	78
Chi_P07_2	3	314207	130
Chi_P07_2	3	314207	54
Chi_P07_2	3	314207	142
Chi_P07_2	3	314207	97
Chi_P07_2	3	314207	96
Chi_P07_2	3	314207	10
Chi_P07_2	3	314207	83
Chi_P07_2	3	314207	166
Chi_P07_2	3	314207	100
Chi_P07_2	3	314207	42
Chi_P07_2	3	314207	66
Chi_P07_2	3	314207	109
Chi_P07_2	3	314207	157
Chi_P07_2	3	314207	91
Chi_P07_2	3	314207	63
Chi_P07_2	3	314207	65
Chi_P07_2	3	314207	67
Chi_P07_2	3	314207	127
Chi_P07_2	3	314207	118
Chi_P07_2	3	314207	28
Chi_P07_2	3	314207	102
Chi_P07_2	3	314207	79
Chi_P07_2	3	314207	132
Chi_P07_2	3	314207	114
Chi_P07_2	3	314207	198
Chi_P07_2	3	314207	78
Chi_P07_2	3	314207	160
Chi_P07_2	3	314207	118
Chi_P07_2	3	314207	100
Chi_P07_2	3	314207	63
Chi_P07_2	3	314207	75
Chi_P07_2	3	314207	80
Chi_P07_2	3	314207	217
Chi_P07_2	3	314207	201
Chi_P07_2	3	314207	89
Chi_P07_2	3	314207	256
Chi_P07_2	3	314207	32
Chi_P07_2	3	314207	124
Chi_P07_2	3	314207	131
Chi_P07_2	3	314207	119
Chi_P07_2	3	314207	72
Chi_P07_2	3	314207	72
Chi_P07_2	3	314207	206
Chi_P07_2	3	314207	124
Chi_P07_2	3	314207	84
Chi_P07_2	3	314207	125
Chi_P07_2	3	314207	85
Chi_P07_2	3	314207	70
Chi_P07_2	3	314207	84
Chi_P07_2	3	314207	62
Chi_P07_2	3	314207	79
Chi_P07_2	3	314207	117
Chi_P07_2	3	314207	97
Chi_P07_2	3	314207	45
Chi_P07_2	3	314207	121
Chi_P07_2	3	314207	72
Chi_P07_2	3	314207	164
Chi_P07_2	3	314207	104
Chi_P07_2	3	314207	106
Chi_P07_2	3	314207	42
Chi_P07_2	3	314207	132
Chi_P07_2	3	314207	62
Chi_P07_2	3	314207	77
Chi_P07_2	3	314207	84
Chi_P07_2	3	314207	125
Chi_P07_2	3	314207	89
Chi_P07_2	3	314207	140
Chi_P07_2	3	314207	147
Chi_P07_2	3	314207	84
Chi_P07_2	3	314207	132
Chi_P07_2	3	314207	70
Chi_P07_2	3	314207	95
Chi_P07_2	3	314207	80
Chi_P07_2	3	314207	89
Chi_P07_2	3	314207	72
Chi_P07_2	3	314207	97
Chi_P07_2	3	314207	89
Chi_P07_2	3	314207	54
Chi_P07_2	3	314207	299
Chi_P07_2	3	314207	24
Chi_P07_2	3	314207	135
Chi_P07_2	3	314207	102
Chi_P07_2	3	314207	98
Chi_P07_2	3	314207	155
Chi_P07_2	3	314207	42
Chi_P07_2	3	314207	113
Chi_P07_2	3	314207	107
Chi_P07_2	3	314207	212
Chi_P07_2	3	314207	104
Chi_P07_2	3	314207	106
Chi_P07_2	3	314207	64
Chi_P07_2	3	314207	87
Chi_P07_2	3	314207	81
Chi_P07_2	3	314207	88
Chi_P07_2	3	314207	61
Chi_P07_2	3	314207	80
Chi_P07_2	3	314207	56
Chi_P07_2	3	314207	110
Chi_P07_2	3	314207	73
Chi_P07_2	3	314207	73
Chi_P07_2	3	314207	126
Chi_P07_2	3	314207	58
Chi_P07_2	3	314207	107
Chi_P07_2	3	314207	93
Chi_P07_2	3	314207	87
Chi_P07_2	3	314207	93
Chi_P07_2	3	314207	94
Chi_P07_2	3	314207	88
Chi_P07_2	3	314207	47
Chi_P07_2	3	314207	30
Chi_P07_2	3	314207	101
Chi_P07_2	3	314207	793
Chi_P07_2	3	314207	13
Chi_P07_2	3	314207	63
Chi_P07_2	3	314207	123
Chi_P07_2	3	314207	87
Chi_P07_2	3	314207	79
Chi_P07_2	3	314207	79
Chi_P07_2	3	314207	101
Chi_P07_2	3	314207	122
Chi_P07_2	3	314207	71
Chi_P07_2	3	314207	102
Chi_P07_2	3	314207	62
Chi_P07_2	3	314207	76
Chi_P07_2	3	314207	33
Chi_P07_2	3	314207	147
Chi_P07_2	3	314207	34
Chi_P07_2	3	314207	52
Chi_P07_2	3	314207	43
Chi_P07_2	3	314207	232
Chi_P07_2	3	314207	114
Chi_P07_2	3	314207	72
Chi_P07_2	3	314207	92
Chi_P07_2	3	314207	142
Chi_P07_2	3	314207	136
Chi_P07_2	3	314207	29
Chi_P07_2	3	314207	172
Chi_P07_2	3	314207	64
Chi_P07_2	3	314207	76
Chi_P07_2	3	314207	35
Chi_P07_2	3	314207	20
Chi_P07_2	3	314207	43
Chi_P07_2	3	314207	68
Chi_P07_2	3	314207	125
Chi_P07_2	3	314207	79
Chi_P07_2	3	314207	79
Chi_P07_2	3	314207	121
Chi_P07_2	3	314207	61
Chi_P07_2	3	314207	114
Chi_P07_2	3	314207	259
Chi_P07_2	3	314207	66
Chi_P07_2	3	314207	110
Chi_P07_2	3	314207	121
Chi_P07_2	4	254507	82
Chi_P07_2	4	254507	74
Chi_P07_2	4	254507	128
Chi_P07_2	4	254507	37
Chi_P07_2	4	254507	75
Chi_P07_2	4	254507	44
Chi_P07_2	4	254507	58
Chi_P07_2	4	254507	17
Chi_P07_2	4	254507	55
Chi_P07_2	4	254507	101
Chi_P07_2	4	254507	151
Chi_P07_2	4	254507	122
Chi_P07_2	4	254507	30
Chi_P07_2	4	254507	103
Chi_P07_2	4	254507	70
Chi_P07_2	4	254507	252
Chi_P07_2	4	254507	134
Chi_P07_2	4	254507	171
Chi_P07_2	4	254507	124
Chi_P07_2	4	254507	132
Chi_P07_2	4	254507	95
Chi_P07_2	4	254507	111
Chi_P07_2	4	254507	104
Chi_P07_2	4	254507	116
Chi_P07_2	4	254507	116
Chi_P07_2	4	254507	172
Chi_P07_2	4	254507	137
Chi_P07_2	4	254507	78
Chi_P07_2	4	254507	176
Chi_P07_2	4	254507	159
Chi_P07_2	4	254507	80
Chi_P07_2	4	254507	123
Chi_P07_2	4	254507	101
Chi_P07_2	4	254507	104
Chi_P07_2	4	254507	124
Chi_P07_2	4	254507	70
Chi_P07_2	4	254507	12
Chi_P07_2	4	254507	64
Chi_P07_2	4	254507	149
Chi_P07_2	4	254507	59
Chi_P07_2	4	254507	171
Chi_P07_2	4	254507	107
Chi_P07_2	4	254507	110
Chi_P07_2	4	254507	80
Chi_P07_2	4	254507	177
Chi_P07_2	4	254507	135
Chi_P07_2	4	254507	166
Chi_P07_2	4	254507	135
Chi_P07_2	4	254507	65
Chi_P07_2	4	254507	73
Chi_P07_2	4	254507	82
Chi_P07_2	4	254507	123
Chi_P07_2	4	254507	62
Chi_P07_2	4	254507	113
Chi_P07_2	4	254507	69
Chi_P07_2	4	254507	270
Chi_P07_2	4	254507	172
Chi_P07_2	4	254507	169
Chi_P07_2	4	254507	117
Chi_P07_2	4	254507	48
Chi_P07_2	4	254507	94
Chi_P07_2	4	254507	136
Chi_P07_2	4	254507	63
Chi_P07_2	4	254507	116
Chi_P07_2	4	254507	94
Chi_P07_2	4	254507	113
Chi_P07_2	4	254507	65
Chi_P07_2	4	254507	174
Chi_P07_2	4	254507	57
Chi_P07_2	4	254507	112
Chi_P07_2	4	254507	217
Chi_P07_2	4	254507	46
Chi_P07_2	4	254507	162
Chi_P07_2	4	254507	52
Chi_P07_2	4	254507	58
Chi_P07_2	4	254507	62
Chi_P07_2	4	254507	161
Chi_P07_2	4	254507	67
Chi_P07_2	4	254507	98
Chi_P07_2	4	254507	88
Chi_P07_2	4	254507	285
Chi_P07_2	4	254507	146
Chi_P07_2	4	254507	92
Chi_P07_2	4	254507	82
Chi_P07_2	4	254507	208
Chi_P07_2	4	254507	83
Chi_P07_2	4	254507	61
Chi_P07_2	4	254507	123
Chi_P07_2	4	254507	198
Chi_P07_2	4	254507	267
Chi_P07_2	4	254507	98
Chi_P07_2	4	254507	78
Chi_P07_2	4	254507	236
Chi_P07_2	4	254507	134
Chi_P07_2	4	254507	107
Chi_P07_2	4	254507	127
Chi_P07_2	4	254507	69
Chi_P07_2	4	254507	709
Chi_P07_2	4	254507	75
Chi_P07_2	4	254507	87
Chi_P07_2	4	254507	83
Chi_P07_2	4	254507	162
Chi_P07_2	4	254507	125
Chi_P07_2	4	254507	78
Chi_P07_2	4	254507	46
Chi_P07_2	4	254507	372
Chi_P07_2	4	254507	75
Chi_P07_2	4	254507	263
Chi_P07_2	4	254507	97
Chi_P07_2	4	254507	73
Chi_P07_2	4	254507	147
Chi_P07_2	4	254507	34
Chi_P07_2	4	254507	65
Chi_P07_2	4	254507	105
Chi_P07_2	4	254507	101
Chi_P07_2	4	254507	89
Chi_P07_2	4	254507	100
Chi_P07_2	4	254507	195
Chi_P07_2	4	254507	95
Chi_P07_2	4	254507	84
Chi_P07_2	4	254507	129
Chi_P07_2	4	254507	115
Chi_P07_2	4	254507	32
Chi_P07_2	4	254507	118
Chi_P07_2	4	254507	209
Chi_P07_2	4	254507	145
Chi_P07_2	4	254507	109
Chi_P07_2	4	254507	101
Chi_P07_2	4	254507	69
Chi_P07_2	4	254507	84
Chi_P07_2	5	246173	78
Chi_P07_2	5	246173	150
Chi_P07_2	5	246173	30
Chi_P07_2	5	246173	129
Chi_P07_2	5	246173	85
Chi_P07_2	5	246173	147
Chi_P07_2	5	246173	67
Chi_P07_2	5	246173	65
Chi_P07_2	5	246173	106
Chi_P07_2	5	246173	34
Chi_P07_2	5	246173	159
Chi_P07_2	5	246173	96
Chi_P07_2	5	246173	148
Chi_P07_2	5	246173	151
Chi_P07_2	5	246173	70
Chi_P07_2	5	246173	216
Chi_P07_2	5	246173	119
Chi_P07_2	5	246173	73
Chi_P07_2	5	246173	136
Chi_P07_2	5	246173	197
Chi_P07_2	5	246173	142
Chi_P07_2	5	246173	176
Chi_P07_2	5	246173	260
Chi_P07_2	5	246173	224
Chi_P07_2	5	246173	157
Chi_P07_2	5	246173	92
Chi_P07_2	5	246173	198
Chi_P07_2	5	246173	176
Chi_P07_2	5	246173	150
Chi_P07_2	5	246173	121
Chi_P07_2	5	246173	174
Chi_P07_2	5	246173	52
Chi_P07_2	5	246173	217
Chi_P07_2	5	246173	113
Chi_P07_2	5	246173	117
Chi_P07_2	5	246173	191
Chi_P07_2	5	246173	176
Chi_P07_2	5	246173	147
Chi_P07_2	5	246173	136
Chi_P07_2	5	246173	176
Chi_P07_2	5	246173	218
Chi_P07_2	5	246173	170
Chi_P07_2	5	246173	91
Chi_P07_2	5	246173	190
Chi_P07_2	5	246173	388
Chi_P07_2	5	246173	212
Chi_P07_2	5	246173	358
Chi_P07_2	5	246173	178
Chi_P07_2	5	246173	143
Chi_P07_2	5	246173	199
Chi_P07_2	5	246173	184
Chi_P07_2	5	246173	299
Chi_P07_2	5	246173	135
Chi_P07_2	5	246173	151
Chi_P07_2	5	246173	68
Chi_P07_2	5	246173	303
Chi_P07_2	5	246173	107
Chi_P07_2	5	246173	98
Chi_P07_2	5	246173	181
Chi_P07_2	5	246173	129
Chi_P07_2	5	246173	130
Chi_P07_2	5	246173	152
Chi_P07_2	5	246173	257
Chi_P07_2	5	246173	174
Chi_P07_2	5	246173	137
Chi_P07_2	5	246173	226
Chi_P07_2	5	246173	80
Chi_P07_2	5	246173	161
Chi_P07_2	5	246173	290
Chi_P07_2	5	246173	266
Chi_P07_2	5	246173	87
Chi_P07_2	5	246173	155
Chi_P07_2	5	246173	114
Chi_P07_2	5	246173	108
Chi_P07_2	5	246173	137
Chi_P07_2	5	246173	50
Chi_P07_2	5	246173	140
Chi_P07_2	5	246173	377
Chi_P07_2	5	246173	69
Chi_P07_2	5	246173	102
Chi_P07_2	5	246173	128
Chi_P07_2	5	246173	81
Chi_P07_2	5	246173	229
Chi_P07_2	5	246173	200
Chi_P07_2	5	246173	160
Chi_P07_2	5	246173	132
Chi_P07_2	5	246173	111
Chi_P07_2	5	246173	187
Chi_P07_2	5	246173	107
Chi_P07_2	5	246173	568
Chi_P07_2	5	246173	121
Chi_P07_2	5	246173	124
Chi_P07_2	5	246173	379
Chi_P07_2	5	246173	66
Chi_P07_2	5	246173	200
Chi_P07_2	5	246173	72
Chi_P07_2	5	246173	100
Chi_P07_2	5	246173	89
Chi_P07_2	5	246173	234
Chi_P07_2	5	246173	94
Chi_P07_2	5	246173	117
Chi_P07_2	5	246173	225
Chi_P07_2	5	246173	253
Chi_P07_2	5	246173	586
Chi_P07_2	5	246173	127
Chi_P07_2	5	246173	165
Chi_P07_2	5	246173	99
Chi_P07_2	5	246173	129
Chi_P07_2	5	246173	411
Chi_P07_2	5	246173	123
Chi_P07_2	5	246173	107
Chi_P07_2	5	246173	108
Chi_P07_2	5	246173	124
Chi_P07_2	5	246173	128
Chi_P07_2	5	246173	160
Chi_P07_2	5	246173	131
Chi_P07_2	5	246173	105
Chi_P07_2	5	246173	109
Chi_P07_2	5	246173	156
Chi_P07_2	5	246173	57
Chi_P07_2	5	246173	157
Chi_P07_2	5	246173	145
Chi_P07_2	5	246173	214
Chi_P07_2	5	246173	164
Chi_P07_2	5	246173	95
Chi_P07_2	5	246173	163
Chi_P07_2	5	246173	66
Chi_P07_2	5	246173	294
Chi_P07_2	5	246173	122
Chi_P07_2	5	246173	119
Chi_P07_2	5	246173	88
Chi_P07_2	5	246173	158
Chi_P07_2	5	246173	52
Chi_P07_2	6	338415	13
Chi_P07_2	6	338415	67
Chi_P07_2	6	338415	53
Chi_P07_2	6	338415	26
Chi_P07_2	6	338415	52
Chi_P07_2	6	338415	63
Chi_P07_2	6	338415	43
Chi_P07_2	6	338415	48
Chi_P07_2	6	338415	13
Chi_P07_2	6	338415	86
Chi_P07_2	6	338415	102
Chi_P07_2	6	338415	10
Chi_P07_2	6	338415	18
Chi_P07_2	6	338415	50
Chi_P07_2	6	338415	32
Chi_P07_2	6	338415	92
Chi_P07_2	6	338415	180
Chi_P07_2	6	338415	36
Chi_P07_2	6	338415	48
Chi_P07_2	6	338415	49
Chi_P07_2	6	338415	40
Chi_P07_2	6	338415	85
Chi_P07_2	6	338415	71
Chi_P07_2	6	338415	89
Chi_P07_2	6	338415	45
Chi_P07_2	6	338415	40
Chi_P07_2	6	338415	53
Chi_P07_2	6	338415	68
Chi_P07_2	6	338415	76
Chi_P07_2	6	338415	69
Chi_P07_2	6	338415	59
Chi_P07_2	6	338415	131
Chi_P07_2	6	338415	41
Chi_P07_2	6	338415	62
Chi_P07_2	6	338415	46
Chi_P07_2	6	338415	93
Chi_P07_2	6	338415	69
Chi_P07_2	6	338415	132
Chi_P07_2	6	338415	47
Chi_P07_2	6	338415	152
Chi_P07_2	6	338415	105
Chi_P07_2	6	338415	36
Chi_P07_2	6	338415	122
Chi_P07_2	6	338415	238
Chi_P07_2	6	338415	61
Chi_P07_2	6	338415	61
Chi_P07_2	6	338415	108
Chi_P07_2	6	338415	117
Chi_P07_2	6	338415	51
Chi_P07_2	6	338415	44
Chi_P07_2	6	338415	100
Chi_P07_2	6	338415	237
Chi_P07_2	6	338415	36
Chi_P07_2	6	338415	77
Chi_P07_2	6	338415	136
Chi_P07_2	6	338415	78
Chi_P07_2	6	338415	67
Chi_P07_2	6	338415	92
Chi_P07_2	6	338415	118
Chi_P07_2	6	338415	26
Chi_P07_2	6	338415	40
Chi_P07_2	6	338415	134
Chi_P07_2	6	338415	96
Chi_P07_2	6	338415	63
Chi_P07_2	6	338415	101
Chi_P07_2	6	338415	59
Chi_P07_2	6	338415	148
Chi_P07_2	6	338415	54
Chi_P07_2	6	338415	92
Chi_P07_2	6	338415	43
Chi_P07_2	6	338415	114
Chi_P07_2	6	338415	758
Chi_P07_2	6	338415	88
Chi_P07_2	6	338415	82
Chi_P07_2	6	338415	60
Chi_P07_2	6	338415	160
Chi_P07_2	6	338415	82
Chi_P07_2	6	338415	84
Chi_P07_2	6	338415	66
Chi_P07_2	6	338415	58
Chi_P07_2	6	338415	93
Chi_P07_2	6	338415	52
Chi_P07_2	6	338415	120
Chi_P07_2	6	338415	42
Chi_P07_2	6	338415	124
Chi_P07_2	6	338415	416
Chi_P07_2	6	338415	15
Chi_P07_2	6	338415	58
Chi_P07_2	6	338415	137
Chi_P07_2	6	338415	55
Chi_P07_2	6	338415	39
Chi_P07_2	6	338415	242
Chi_P07_2	6	338415	137
Chi_P07_2	6	338415	113
Chi_P07_2	6	338415	63
Chi_P07_2	6	338415	77
Chi_P07_2	6	338415	38
Chi_P07_2	6	338415	39
Chi_P07_2	6	338415	40
Chi_P07_2	6	338415	102
Chi_P07_2	6	338415	73
Chi_P07_2	6	338415	24
Chi_P07_2	6	338415	52
Chi_P07_2	6	338415	70
Chi_P07_2	7	295872	27
Chi_P07_2	7	295872	53
Chi_P07_2	7	295872	30
Chi_P07_2	7	295872	46
Chi_P07_2	7	295872	37
Chi_P07_2	7	295872	40
Chi_P07_2	7	295872	35
Chi_P07_2	7	295872	62
Chi_P07_2	7	295872	105
Chi_P07_2	7	295872	71
Chi_P07_2	7	295872	59
Chi_P07_2	7	295872	70
Chi_P07_2	7	295872	55
Chi_P07_2	7	295872	72
Chi_P07_2	7	295872	53
Chi_P07_2	7	295872	71
Chi_P07_2	7	295872	118
Chi_P07_2	7	295872	116
Chi_P07_2	7	295872	46
Chi_P07_2	7	295872	72
Chi_P07_2	7	295872	123
Chi_P07_2	7	295872	33
Chi_P07_2	7	295872	60
Chi_P07_2	7	295872	59
Chi_P07_2	7	295872	87
Chi_P07_2	7	295872	64
Chi_P07_2	7	295872	47
Chi_P07_2	7	295872	110
Chi_P07_2	7	295872	24
Chi_P07_2	7	295872	93
Chi_P07_2	7	295872	25
Chi_P07_2	7	295872	130
Chi_P07_2	7	295872	52
Chi_P07_2	7	295872	40
Chi_P07_2	7	295872	64
Chi_P07_2	7	295872	92
Chi_P07_2	7	295872	130
Chi_P07_2	7	295872	92
Chi_P07_2	7	295872	77
Chi_P07_2	7	295872	53
Chi_P07_2	7	295872	12
Chi_P07_2	7	295872	12
Chi_P07_2	7	295872	23
Chi_P07_2	7	295872	196
Chi_P07_2	7	295872	50
Chi_P07_2	7	295872	42
Chi_P07_2	7	295872	46
Chi_P07_2	7	295872	120
Chi_P07_2	7	295872	37
Chi_P07_2	7	295872	22
Chi_P07_2	7	295872	171
Chi_P07_2	7	295872	80
Chi_P07_2	7	295872	42
Chi_P07_2	7	295872	45
Chi_P07_2	7	295872	104
Chi_P07_2	7	295872	38
Chi_P07_2	7	295872	99
Chi_P07_2	7	295872	33
Chi_P07_2	7	295872	86
Chi_P07_2	7	295872	103
Chi_P07_2	7	295872	68
Chi_P07_2	7	295872	121
Chi_P07_2	7	295872	69
Chi_P07_2	7	295872	846
Chi_P07_2	7	295872	52
Chi_P07_2	7	295872	139
Chi_P07_2	7	295872	73
Chi_P07_2	7	295872	87
Chi_P07_2	7	295872	57
Chi_P07_2	7	295872	109
Chi_P07_2	7	295872	95
Chi_P07_2	7	295872	77
Chi_P07_2	7	295872	104
Chi_P07_2	7	295872	104
Chi_P07_2	7	295872	88
Chi_P07_2	7	295872	55
Chi_P07_2	7	295872	97
Chi_P07_2	7	295872	54
Chi_P07_2	7	295872	99
Chi_P07_2	7	295872	151
Chi_P07_2	7	295872	55
Chi_P07_2	7	295872	123
Chi_P07_2	7	295872	47
Chi_P07_2	7	295872	23
Chi_P07_2	7	295872	73
Chi_P07_2	7	295872	55
Chi_P07_2	7	295872	99
Chi_P07_2	7	295872	139
Chi_P07_2	7	295872	57
Chi_P07_2	8	320721	25
Chi_P07_2	8	320721	43
Chi_P07_2	8	320721	16
Chi_P07_2	8	320721	22
Chi_P07_2	8	320721	86
Chi_P07_2	8	320721	38
Chi_P07_2	8	320721	17
Chi_P07_2	8	320721	54
Chi_P07_2	8	320721	37
Chi_P07_2	8	320721	50
Chi_P07_2	8	320721	45
Chi_P07_2	8	320721	29
Chi_P07_2	8	320721	54
Chi_P07_2	8	320721	45
Chi_P07_2	8	320721	34
Chi_P07_2	8	320721	29
Chi_P07_2	8	320721	18
Chi_P07_2	8	320721	19
Chi_P07_2	8	320721	47
Chi_P07_2	8	320721	54
Chi_P07_2	8	320721	44
Chi_P07_2	8	320721	58
Chi_P07_2	8	320721	17
Chi_P07_2	8	320721	63
Chi_P07_2	8	320721	54
Chi_P07_2	8	320721	94
Chi_P07_2	8	320721	105
Chi_P07_2	8	320721	176
Chi_P07_2	8	320721	50
Chi_P07_2	8	320721	83
Chi_P07_2	8	320721	165
Chi_P07_2	8	320721	68
Chi_P07_2	8	320721	565
Chi_P07_2	8	320721	84
Chi_P07_2	8	320721	143
Chi_P07_2	8	320721	86
Chi_P07_2	8	320721	59
Chi_P07_2	8	320721	48
Chi_P07_2	8	320721	73
Chi_P07_2	8	320721	28
Chi_P07_2	8	320721	168
Chi_P07_2	8	320721	95
Chi_P07_2	8	320721	73
Chi_P07_2	8	320721	58
Chi_P07_2	8	320721	122
Chi_P07_2	8	320721	130
Chi_P07_2	8	320721	103
Chi_P07_2	9	292989	76
Chi_P07_2	9	292989	87
Chi_P07_2	9	292989	90
Chi_P07_2	9	292989	135
Chi_P07_2	9	292989	114
Chi_P07_2	9	292989	92
Chi_P07_2	9	292989	10
Chi_P07_2	9	292989	56
Chi_P07_2	9	292989	48
Chi_P07_2	9	292989	109
Chi_P07_2	9	292989	103
Chi_P07_2	9	292989	101
Chi_P07_2	9	292989	155
Chi_P07_2	9	292989	113
Chi_P07_2	9	292989	154
Chi_P07_2	9	292989	44
Chi_P07_2	9	292989	98
Chi_P07_2	9	292989	105
Chi_P07_2	9	292989	139
Chi_P07_2	9	292989	111
Chi_P07_2	9	292989	103
Chi_P07_2	9	292989	113
Chi_P07_2	9	292989	53
Chi_P07_2	9	292989	77
Chi_P07_2	9	292989	123
Chi_P07_2	9	292989	122
Chi_P07_2	9	292989	115
Chi_P07_2	9	292989	337
Chi_P07_2	9	292989	140
Chi_P07_2	9	292989	204
Chi_P07_2	9	292989	72
Chi_P07_2	9	292989	110
Chi_P07_2	9	292989	49
Chi_P07_2	9	292989	89
Chi_P07_2	9	292989	107
Chi_P07_2	9	292989	83
Chi_P07_2	9	292989	78
Chi_P07_2	9	292989	62
Chi_P07_2	9	292989	424
Chi_P07_2	9	292989	61
Chi_P07_2	9	292989	114
Chi_P07_2	9	292989	83
Chi_P07_2	9	292989	113
Chi_P07_2	9	292989	44
Chi_P07_2	9	292989	226
Chi_P07_2	9	292989	155
Chi_P07_2	9	292989	76
Chi_P07_2	9	292989	147
Chi_P07_2	9	292989	116
Chi_P07_2	9	292989	99
Chi_P07_2	9	292989	103
Chi_P07_2	9	292989	242
Chi_P07_2	9	292989	134
Chi_P07_2	9	292989	95
Chi_P07_2	9	292989	101
Chi_P07_2	9	292989	150
Chi_P07_2	9	292989	118
Chi_P07_2	9	292989	78
Chi_P07_2	9	292989	115
Chi_P07_2	9	292989	141
Chi_P07_2	9	292989	25
Chi_P07_2	9	292989	167
Chi_P07_2	9	292989	106
Chi_P07_2	9	292989	121
Chi_P07_2	9	292989	192
Chi_P07_2	9	292989	51
Chi_P07_2	9	292989	94
Chi_P07_2	9	292989	148
Chi_P07_2	9	292989	63
Chi_P07_2	9	292989	184
Chi_P07_2	9	292989	57
Chi_P07_2	9	292989	146
Chi_P07_2	9	292989	57
Chi_P07_2	9	292989	103
Chi_P07_2	9	292989	131
Chi_P07_2	9	292989	171
Chi_P07_2	9	292989	185
Chi_P07_2	9	292989	152
Chi_P07_2	9	292989	155
Chi_P07_2	9	292989	147
Chi_P07_2	9	292989	31
Chi_P07_2	9	292989	130
Chi_P07_2	9	292989	230
Chi_P07_2	9	292989	213
Chi_P07_2	9	292989	156
Chi_P07_2	9	292989	474
Chi_P07_2	9	292989	163
Chi_P07_2	9	292989	110
Chi_P07_2	9	292989	128
Chi_P07_2	9	292989	83
Chi_P07_2	9	292989	120
Chi_P07_2	9	292989	66
Chi_P07_2	9	292989	124
Chi_P07_2	9	292989	135
Chi_P07_2	9	292989	22
Chi_P07_2	9	292989	108
Chi_P07_2	9	292989	169
Chi_P07_2	9	292989	162
Chi_P07_2	9	292989	71
Chi_P07_2	9	292989	181
Chi_P07_2	9	292989	109
Chi_P07_2	9	292989	182
Chi_P07_2	9	292989	42
Chi_P07_2	9	292989	140
Chi_P07_2	9	292989	131
Chi_P07_2	9	292989	45
Chi_P07_2	9	292989	112
Chi_P07_2	9	292989	156
Chi_P07_2	9	292989	91
Chi_P07_2	9	292989	134
Chi_P07_2	9	292989	108
Chi_P07_2	9	292989	103
Chi_P07_2	9	292989	69
Chi_P07_2	9	292989	171
Chi_P07_2	10	295471	257
Chi_P07_2	10	295471	35
Chi_P07_2	10	295471	58
Chi_P07_2	10	295471	51
Chi_P07_2	10	295471	64
Chi_P07_2	10	295471	119
Chi_P07_2	10	295471	85
Chi_P07_2	10	295471	96
Chi_P07_2	10	295471	73
Chi_P07_2	10	295471	162
Chi_P07_2	10	295471	78
Chi_P07_2	10	295471	59
Chi_P07_2	10	295471	164
Chi_P07_2	10	295471	78
Chi_P07_2	10	295471	72
Chi_P07_2	10	295471	75
Chi_P07_2	10	295471	99
Chi_P07_2	10	295471	115
Chi_P07_2	10	295471	97
Chi_P07_2	10	295471	108
Chi_P07_2	10	295471	118
Chi_P07_2	10	295471	96
Chi_P07_2	10	295471	87
Chi_P07_2	10	295471	14
Chi_P07_2	10	295471	56
Chi_P07_2	10	295471	101
Chi_P07_2	10	295471	56
Chi_P07_2	10	295471	75
Chi_P07_2	10	295471	64
Chi_P07_2	10	295471	98
Chi_P07_2	10	295471	137
Chi_P07_2	10	295471	89
Chi_P07_2	10	295471	96
Chi_P07_2	10	295471	70
Chi_P07_2	10	295471	68
Chi_P07_2	10	295471	204
Chi_P07_2	10	295471	91
Chi_P07_2	10	295471	98
Chi_P07_2	10	295471	58
Chi_P07_2	10	295471	169
Chi_P07_2	10	295471	113
Chi_P07_2	10	295471	38
Chi_P07_2	10	295471	28
Chi_P07_2	10	295471	38
Chi_P07_2	10	295471	81
Chi_P07_2	10	295471	11
Chi_P07_2	10	295471	98
Chi_P07_2	10	295471	129
Chi_P07_2	10	295471	91
Chi_P07_2	10	295471	67
Chi_P07_2	10	295471	129
Chi_P07_2	10	295471	76
Chi_P07_2	10	295471	30
Chi_P07_2	10	295471	755
Chi_P07_2	10	295471	135
Chi_P07_2	10	295471	121
Chi_P07_2	10	295471	101
Chi_P07_2	10	295471	39
Chi_P07_2	10	295471	50
Chi_P07_2	10	295471	82
Chi_P07_2	10	295471	125
Chi_P07_2	10	295471	31
Chi_P07_2	10	295471	55
Chi_P07_2	10	295471	41
Chi_P07_2	10	295471	75
Chi_P07_2	10	295471	121
Chi_P07_2	10	295471	30
Chi_P07_2	10	295471	99
Chi_P07_2	10	295471	211
Chi_P07_2	10	295471	96
Chi_P07_2	10	295471	10
Chi_P07_2	10	295471	140
Chi_P07_2	10	295471	107
Chi_P07_2	10	295471	71
Chi_P07_2	10	295471	60
Chi_P07_2	10	295471	109
Chi_P07_2	10	295471	109
Chi_P07_2	11	261547	56
Chi_P07_2	11	261547	70
Chi_P07_2	11	261547	55
Chi_P07_2	11	261547	55
Chi_P07_2	11	261547	91
Chi_P07_2	11	261547	259
Chi_P07_2	11	261547	150
Chi_P07_2	11	261547	61
Chi_P07_2	11	261547	277
Chi_P07_2	11	261547	72
Chi_P07_2	11	261547	56
Chi_P07_2	11	261547	152
Chi_P07_2	11	261547	86
Chi_P07_2	11	261547	118
Chi_P07_2	11	261547	83
Chi_P07_2	11	261547	15
Chi_P07_2	11	261547	33
Chi_P07_2	11	261547	68
Chi_P07_2	11	261547	174
Chi_P07_2	11	261547	64
Chi_P07_2	11	261547	70
Chi_P07_2	11	261547	39
Chi_P07_2	11	261547	50
Chi_P07_2	11	261547	51
Chi_P07_2	11	261547	99
Chi_P07_2	11	261547	64
Chi_P07_2	11	261547	50
Chi_P07_2	11	261547	131
Chi_P07_2	11	261547	79
Chi_P07_2	11	261547	83
Chi_P07_2	11	261547	182
Chi_P07_2	11	261547	140
Chi_P07_2	11	261547	84
Chi_P07_2	11	261547	106
Chi_P07_2	11	261547	83
Chi_P07_2	11	261547	99
Chi_P07_2	11	261547	114
Chi_P07_2	11	261547	57
Chi_P07_2	11	261547	62
Chi_P07_2	11	261547	120
Chi_P07_2	11	261547	109
Chi_P07_2	11	261547	92
Chi_P07_2	11	261547	78
Chi_P07_2	11	261547	428
Chi_P07_2	11	261547	92
Chi_P07_2	11	261547	67
Chi_P07_2	11	261547	93
Chi_P07_2	11	261547	128
Chi_P07_2	11	261547	139
Chi_P07_2	11	261547	239
Chi_P07_2	11	261547	143
Chi_P07_2	11	261547	83
Chi_P07_2	11	261547	91
Chi_P07_2	11	261547	73
Chi_P07_2	11	261547	123
Chi_P07_2	11	261547	218
Chi_P07_2	11	261547	100
Chi_P07_2	11	261547	175
Chi_P07_2	11	261547	113
Chi_P07_2	11	261547	196
Chi_P07_2	11	261547	143
Chi_P07_2	11	261547	114
Chi_P07_2	11	261547	99
Chi_P07_2	11	261547	119
Chi_P07_2	11	261547	47
Chi_P07_2	11	261547	77
Chi_P07_2	11	261547	224
Chi_P07_2	11	261547	49
Chi_P07_2	11	261547	105
Chi_P07_2	11	261547	92
Chi_P07_2	11	261547	149
Chi_P07_2	11	261547	620
Chi_P07_2	11	261547	103
Chi_P07_2	11	261547	244
Chi_P07_2	11	261547	119
Chi_P07_2	11	261547	62
Chi_P07_2	11	261547	327
Chi_P07_2	11	261547	64
Chi_P07_2	11	261547	153
Chi_P07_2	11	261547	100
Chi_P07_2	11	261547	84
Chi_P07_2	11	261547	104
Chi_P07_2	11	261547	60
Chi_P07_2	11	261547	96
Chi_P07_2	11	261547	123
Chi_P07_2	11	261547	90
Chi_P07_2	11	261547	141
Chi_P07_2	11	261547	77
Chi_P07_2	11	261547	124
Chi_P07_2	11	261547	117
Chi_P07_2	11	261547	143
Chi_P07_2	11	261547	33
Chi_P07_2	11	261547	80
Chi_P07_2	11	261547	75
Chi_P07_2	11	261547	204
Chi_P07_2	11	261547	106
Chi_P07_2	11	261547	31
Chi_P07_2	12	240045	128
Chi_P07_2	12	240045	152
Chi_P07_2	12	240045	194
Chi_P07_2	12	240045	154
Chi_P07_2	12	240045	174
Chi_P07_2	12	240045	86
Chi_P07_2	12	240045	103
Chi_P07_2	12	240045	12
Chi_P07_2	12	240045	109
Chi_P07_2	12	240045	81
Chi_P07_2	12	240045	175
Chi_P07_2	12	240045	151
Chi_P07_2	12	240045	162
Chi_P07_2	12	240045	224
Chi_P07_2	12	240045	109
Chi_P07_2	12	240045	122
Chi_P07_2	12	240045	120
Chi_P07_2	12	240045	100
Chi_P07_2	12	240045	267
Chi_P07_2	12	240045	172
Chi_P07_2	12	240045	231
Chi_P07_2	12	240045	226
Chi_P07_2	12	240045	108
Chi_P07_2	12	240045	158
Chi_P07_2	12	240045	117
Chi_P07_2	12	240045	308
Chi_P07_2	12	240045	167
Chi_P07_2	12	240045	183
Chi_P07_2	12	240045	157
Chi_P07_2	12	240045	147
Chi_P07_2	12	240045	145
Chi_P07_2	12	240045	126
Chi_P07_2	12	240045	461
Chi_P07_2	12	240045	122
Chi_P07_2	12	240045	137
Chi_P07_2	12	240045	22
Chi_P07_2	12	240045	28
Chi_P07_2	12	240045	116
Chi_P07_2	12	240045	128
Chi_P07_2	12	240045	82
Chi_P07_2	12	240045	149
Chi_P07_2	13	342574	89
Chi_P07_2	13	342574	94
Chi_P07_2	13	342574	113
Chi_P07_2	13	342574	97
Chi_P07_2	13	342574	127
Chi_P07_2	13	342574	99
Chi_P07_2	13	342574	118
Chi_P07_2	13	342574	90
Chi_P07_2	13	342574	117
Chi_P07_2	13	342574	49
Chi_P07_2	13	342574	71
Chi_P07_2	13	342574	115
Chi_P07_2	13	342574	92
Chi_P07_2	13	342574	168
Chi_P07_2	13	342574	185
Chi_P07_2	13	342574	69
Chi_P07_2	13	342574	104
Chi_P07_2	13	342574	129
Chi_P07_2	13	342574	194
Chi_P07_2	13	342574	133
Chi_P07_2	13	342574	75
Chi_P07_2	13	342574	61
Chi_P07_2	13	342574	76
Chi_P07_2	13	342574	65
Chi_P07_2	13	342574	178
Chi_P07_2	13	342574	134
Chi_P07_2	13	342574	115
Chi_P07_2	13	342574	95
Chi_P07_2	13	342574	98
Chi_P07_2	13	342574	112
Chi_P07_2	13	342574	57
Chi_P07_2	13	342574	65
Chi_P07_2	13	342574	71
Chi_P07_2	13	342574	38
Chi_P07_2	13	342574	146
Chi_P07_2	13	342574	133
Chi_P07_2	13	342574	96
Chi_P07_2	13	342574	141
Chi_P07_2	13	342574	93
Chi_P07_2	13	342574	63
Chi_P07_2	13	342574	10
Chi_P07_2	13	342574	49
Chi_P07_2	13	342574	167
Chi_P07_2	13	342574	107
Chi_P07_2	13	342574	126
Chi_P07_2	13	342574	246
Chi_P07_2	13	342574	114
Chi_P07_2	13	342574	120
Chi_P07_2	13	342574	49
Chi_P07_2	13	342574	140
Chi_P07_2	13	342574	84
Chi_P07_2	13	342574	121
Chi_P07_2	13	342574	80
Chi_P07_2	13	342574	104
Chi_P07_2	13	342574	175
Chi_P07_2	13	342574	37
Chi_P07_2	13	342574	157
Chi_P07_2	13	342574	186
Chi_P07_2	13	342574	121
Chi_P07_2	13	342574	53
Chi_P07_2	13	342574	148
Chi_P07_2	13	342574	137
Chi_P07_2	13	342574	94
Chi_P07_2	13	342574	116
Chi_P07_2	13	342574	105
Chi_P07_2	13	342574	135
Chi_P07_2	13	342574	38
Chi_P07_2	13	342574	112
Chi_P07_2	13	342574	120
Chi_P07_2	13	342574	150
Chi_P07_2	13	342574	88
Chi_P07_2	13	342574	146
Chi_P07_2	13	342574	157
Chi_P07_2	13	342574	71
Chi_P07_2	13	342574	139
Chi_P07_2	13	342574	194
Chi_P07_2	13	342574	86
Chi_P07_2	13	342574	75
Chi_P07_2	13	342574	171
Chi_P07_2	13	342574	122
Chi_P07_2	13	342574	131
Chi_P07_2	13	342574	168
Chi_P07_2	13	342574	110
Chi_P07_2	13	342574	126
Chi_P07_2	13	342574	79
Chi_P07_2	13	342574	95
Chi_P07_2	13	342574	984
Chi_P07_2	13	342574	317
Chi_P07_2	13	342574	81
Chi_P07_2	13	342574	124
Chi_P07_2	13	342574	195
Chi_P07_2	13	342574	86
Chi_P07_2	13	342574	89
Chi_P07_2	13	342574	104
Chi_P07_2	13	342574	142
Chi_P07_2	13	342574	92
Chi_P07_2	13	342574	101
Chi_P07_2	13	342574	66
Chi_P07_2	13	342574	126
Chi_P07_2	13	342574	114
Chi_P07_2	13	342574	189
Chi_P07_2	13	342574	131
Chi_P07_2	13	342574	105
Chi_P07_2	13	342574	160
Chi_P07_2	13	342574	104
Chi_P07_2	13	342574	140
Chi_P07_2	13	342574	246
Chi_P07_2	13	342574	167
Chi_P07_2	13	342574	122
Chi_P07_2	13	342574	70
Chi_P07_2	13	342574	102
Chi_P07_2	13	342574	180
Chi_P07_2	13	342574	132
Chi_P07_2	13	342574	17
Chi_P07_2	13	342574	50
Chi_P07_2	14	306205	142
Chi_P07_2	14	306205	100
Chi_P07_2	14	306205	39
Chi_P07_2	14	306205	78
Chi_P07_2	14	306205	90
Chi_P07_2	14	306205	78
Chi_P07_2	14	306205	152
Chi_P07_2	14	306205	134
Chi_P07_2	14	306205	114
Chi_P07_2	14	306205	70
Chi_P07_2	14	306205	117
Chi_P07_2	14	306205	223
Chi_P07_2	14	306205	273
Chi_P07_2	14	306205	55
Chi_P07_2	14	306205	104
Chi_P07_2	14	306205	147
Chi_P07_2	14	306205	92
Chi_P07_2	14	306205	134
Chi_P07_2	14	306205	156
Chi_P07_2	14	306205	76
Chi_P07_2	14	306205	132
Chi_P07_2	14	306205	78
Chi_P07_2	14	306205	127
Chi_P07_2	14	306205	155
Chi_P07_2	14	306205	86
Chi_P07_2	14	306205	95
Chi_P07_2	14	306205	215
Chi_P07_2	14	306205	136
Chi_P07_2	14	306205	14
Chi_P07_2	14	306205	114
Chi_P07_2	14	306205	52
Chi_P07_2	14	306205	28
Chi_P07_2	14	306205	93
Chi_P07_2	14	306205	75
Chi_P07_2	14	306205	34
Chi_P07_2	14	306205	142
Chi_P07_2	14	306205	84
Chi_P07_2	14	306205	75
Chi_P07_2	14	306205	53
Chi_P07_2	14	306205	65
Chi_P07_2	14	306205	70
Chi_P07_2	14	306205	93
Chi_P07_2	14	306205	122
Chi_P07_2	14	306205	75
Chi_P07_2	14	306205	84
Chi_P07_2	14	306205	59
Chi_P07_2	14	306205	87
Chi_P07_2	14	306205	91
Chi_P07_2	14	306205	63
Chi_P07_2	14	306205	63
Chi_P07_2	14	306205	82
Chi_P07_2	14	306205	142
Chi_P07_2	14	306205	60
Chi_P07_2	14	306205	71
Chi_P07_2	14	306205	86
Chi_P07_2	14	306205	58
Chi_P07_2	14	306205	166
Chi_P07_2	14	306205	82
Chi_P07_2	14	306205	32
Chi_P07_2	14	306205	98
Chi_P07_2	14	306205	58
Chi_P07_2	14	306205	99
Chi_P07_2	14	306205	209
Chi_P07_2	14	306205	80
Chi_P07_2	14	306205	67
Chi_P07_2	14	306205	152
Chi_P07_2	14	306205	226
Chi_P07_2	14	306205	170
Chi_P07_2	14	306205	13
Chi_P07_2	14	306205	113
Chi_P07_2	14	306205	91
Chi_P07_2	14	306205	126
Chi_P07_2	14	306205	125
Chi_P07_2	14	306205	114
Chi_P07_2	14	306205	82
Chi_P07_2	14	306205	79
Chi_P07_2	14	306205	76
Chi_P07_2	14	306205	104
Chi_P07_2	14	306205	100
Chi_P07_2	14	306205	118
Chi_P07_2	14	306205	54
Chi_P07_2	14	306205	97
Chi_P07_2	14	306205	133
Chi_P07_2	14	306205	144
Chi_P07_2	14	306205	53
Chi_P07_2	14	306205	143
Chi_P07_2	14	306205	164
Chi_P07_2	14	306205	157
Chi_P07_2	14	306205	65
Chi_P07_2	14	306205	119
Chi_P07_2	14	306205	132
Chi_P07_2	14	306205	718
Chi_P07_2	14	306205	194
Chi_P07_2	14	306205	86
Chi_P07_2	14	306205	201
Chi_P07_2	14	306205	210
Chi_P07_2	14	306205	94
Chi_P07_2	14	306205	147
Chi_P07_2	14	306205	64
Chi_P07_2	14	306205	182
Chi_P07_2	14	306205	96
Chi_P07_2	14	306205	132
Chi_P07_2	14	306205	84
Chi_P07_2	14	306205	175
Chi_P07_2	14	306205	97
Chi_P07_2	14	306205	63
Chi_P07_2	14	306205	134
Chi_P07_2	14	306205	130
Chi_P07_2	14	306205	54
Chi_P07_2	14	306205	69
Chi_P07_2	14	306205	43
Chi_P07_2	14	306205	81
Chi_P07_2	15	304678	62
Chi_P07_2	15	304678	95
Chi_P07_2	15	304678	340
Chi_P07_2	15	304678	153
Chi_P07_2	15	304678	143
Chi_P07_2	15	304678	66
Chi_P07_2	15	304678	172
Chi_P07_2	15	304678	13
Chi_P07_2	15	304678	157
Chi_P07_2	15	304678	181
Chi_P07_2	15	304678	52
Chi_P07_2	15	304678	39
Chi_P07_2	15	304678	104
Chi_P07_2	15	304678	83
Chi_P07_2	15	304678	211
Chi_P07_2	15	304678	98
Chi_P07_2	15	304678	78
Chi_P07_2	15	304678	86
Chi_P07_2	15	304678	85
Chi_P07_2	15	304678	206
Chi_P07_2	15	304678	152
Chi_P07_2	15	304678	140
Chi_P07_2	15	304678	111
Chi_P07_2	15	304678	12
Chi_P07_2	15	304678	144
Chi_P07_2	15	304678	64
Chi_P07_2	15	304678	66
Chi_P07_2	15	304678	217
Chi_P07_2	15	304678	76
Chi_P07_2	15	304678	104
Chi_P07_2	15	304678	102
Chi_P07_2	15	304678	82
Chi_P07_2	15	304678	144
Chi_P07_2	15	304678	199
Chi_P07_2	15	304678	65
Chi_P07_2	15	304678	65
Chi_P07_2	15	304678	76
Chi_P07_2	15	304678	36
Chi_P07_2	15	304678	198
Chi_P07_2	15	304678	99
Chi_P07_2	15	304678	105
Chi_P07_2	15	304678	266
Chi_P07_2	15	304678	66
Chi_P07_2	15	304678	117
Chi_P07_2	15	304678	100
Chi_P07_2	15	304678	157
Chi_P07_2	15	304678	266
Chi_P07_2	15	304678	91
Chi_P07_2	15	304678	52
Chi_P07_2	15	304678	39
Chi_P07_2	15	304678	79
Chi_P07_2	15	304678	215
Chi_P07_2	15	304678	36
Chi_P07_2	15	304678	58
Chi_P07_2	15	304678	130
Chi_P07_2	15	304678	85
Chi_P07_2	15	304678	179
Chi_P07_2	15	304678	160
Chi_P07_2	15	304678	93
Chi_P07_2	15	304678	124
Chi_P07_2	15	304678	128
Chi_P07_2	15	304678	98
Chi_P07_2	15	304678	106
Chi_P07_2	15	304678	120
Chi_P07_2	15	304678	144
Chi_P07_2	15	304678	130
Chi_P07_2	15	304678	108
Chi_P07_2	15	304678	131
Chi_P07_2	15	304678	58
Chi_P07_2	15	304678	180
Chi_P07_2	15	304678	59
Chi_P07_2	15	304678	175
Chi_P07_2	15	304678	112
Chi_P07_2	15	304678	157
Chi_P07_2	15	304678	40
Chi_P07_2	15	304678	56
Chi_P07_2	15	304678	153
Chi_P07_2	15	304678	261
Chi_P07_2	15	304678	72
Chi_P07_2	15	304678	111
Chi_P07_2	15	304678	54
Chi_P07_2	15	304678	167
Chi_P07_2	15	304678	68
Chi_P07_2	15	304678	152
Chi_P07_2	15	304678	158
Chi_P07_2	15	304678	148
Chi_P07_2	15	304678	102
Chi_P07_2	15	304678	90
Chi_P07_2	15	304678	45
Chi_P07_2	15	304678	96
Chi_P07_2	15	304678	75
Chi_P07_2	15	304678	131
Chi_P07_2	15	304678	108
Chi_P07_2	15	304678	128
Chi_P07_2	15	304678	196
Chi_P07_2	15	304678	90
Chi_P07_2	15	304678	309
Chi_P07_2	15	304678	100
Chi_P07_2	15	304678	103
Chi_P07_2	15	304678	115
Chi_P07_2	15	304678	163
Chi_P07_2	15	304678	160
Chi_P07_2	15	304678	167
Chi_P07_2	15	304678	143
Chi_P07_2	15	304678	137
Chi_P07_2	15	304678	148
Chi_P07_2	15	304678	167
Chi_P07_2	15	304678	147
Chi_P07_2	15	304678	133
Chi_P07_2	15	304678	198
Chi_P07_2	15	304678	177
Chi_P07_2	15	304678	160
Chi_P07_2	15	304678	168
Chi_P07_2	15	304678	510
Chi_P07_2	15	304678	137
Chi_P07_2	15	304678	119
Chi_P07_2	15	304678	323
Chi_P07_2	15	304678	203
Chi_P07_2	15	304678	157
Chi_P07_2	15	304678	188
Chi_P07_2	15	304678	146
Chi_P07_2	15	304678	110
Chi_P07_2	15	304678	166
Chi_P07_2	15	304678	214
Chi_P07_2	15	304678	155
Chi_P07_2	15	304678	111
Chi_P07_2	15	304678	248
Chi_P07_2	15	304678	400
Chi_P07_2	15	304678	176
Chi_P07_2	15	304678	157
Chi_P07_2	15	304678	158
Chi_P07_2	15	304678	381
Chi_P07_2	15	304678	122
Chi_P07_2	15	304678	108
Chi_P07_2	15	304678	111
Chi_P07_2	15	304678	132
Chi_P07_2	15	304678	102
Chi_P07_2	15	304678	355
Chi_P07_2	15	304678	51
Chi_P07_2	15	304678	200
Chi_P07_2	15	304678	191
Chi_P07_2	15	304678	244
Chi_P07_2	15	304678	77
Chi_P07_2	15	304678	144
Chi_P07_2	15	304678	156
Chi_P07_2	16	300394	145
Chi_P07_2	16	300394	73
Chi_P07_2	16	300394	120
Chi_P07_2	16	300394	128
Chi_P07_2	16	300394	141
Chi_P07_2	16	300394	347
Chi_P07_2	16	300394	162
Chi_P07_2	16	300394	120
Chi_P07_2	16	300394	60
Chi_P07_2	16	300394	121
Chi_P07_2	16	300394	200
Chi_P07_2	16	300394	328
Chi_P07_2	16	300394	179
Chi_P07_2	16	300394	176
Chi_P07_2	16	300394	675
Chi_P07_2	16	300394	270
Chi_P07_2	16	300394	228
Chi_P07_2	16	300394	104
Chi_P07_2	16	300394	167
Chi_P07_2	16	300394	178
Chi_P07_2	16	300394	104
Chi_P07_2	16	300394	85
Chi_P07_2	16	300394	104
Chi_P07_2	16	300394	252
Chi_P07_2	16	300394	112
Chi_P07_2	16	300394	297
Chi_P07_2	16	300394	75
Chi_P07_2	16	300394	116
Chi_P07_2	16	300394	155
Chi_P07_2	16	300394	201
Chi_P07_2	16	300394	185
Chi_P07_2	16	300394	183
Chi_P07_2	16	300394	100
Chi_P07_2	16	300394	203
Chi_P07_2	16	300394	188
Chi_P07_2	16	300394	82
Chi_P07_2	16	300394	100
Chi_P07_2	16	300394	114
Chi_P07_2	16	300394	115
Chi_P07_2	16	300394	114
Chi_P07_2	16	300394	73
Chi_P07_2	16	300394	51
Chi_P07_2	16	300394	73
Chi_P07_2	16	300394	17
Chi_P07_2	16	300394	44
Chi_P07_2	16	300394	233
Chi_P07_2	16	300394	244
Chi_P07_2	16	300394	154
Chi_P07_2	16	300394	245
Chi_P07_2	16	300394	114
Chi_P07_2	16	300394	181
Chi_P07_2	16	300394	85
Chi_P07_2	16	300394	215
Chi_P07_2	16	300394	73
Chi_P07_2	16	300394	51
Chi_P07_2	16	300394	96
Chi_P07_2	16	300394	45
Chi_P07_2	16	300394	102
Chi_P07_2	16	300394	201
Chi_P07_2	16	300394	88
Chi_P07_2	16	300394	196
Chi_P07_2	16	300394	670
Chi_P07_2	16	300394	159
Chi_P07_2	16	300394	168
Chi_P07_2	16	300394	99
Chi_P07_2	16	300394	98
Chi_P07_2	16	300394	317
Chi_P07_2	16	300394	108
Chi_P07_2	16	300394	176
Chi_P07_2	16	300394	84
Chi_P07_2	16	300394	80
Chi_P07_2	16	300394	171
Chi_P07_2	16	300394	82
Chi_P07_2	16	300394	89
Chi_P07_2	16	300394	285
Chi_P07_2	16	300394	87
Chi_P07_2	16	300394	80
Chi_P07_2	16	300394	133
Chi_P07_2	16	300394	67
Chi_P07_2	16	300394	111
Chi_P07_2	16	300394	140
Chi_P07_2	16	300394	38
Chi_P07_2	16	300394	136
Chi_P07_2	16	300394	106
Chi_P07_2	16	300394	32
Chi_P07_2	16	300394	108
Chi_P07_2	16	300394	230
Chi_P07_2	16	300394	101
Chi_P07_2	16	300394	373
Chi_P07_2	16	300394	80
Chi_P07_2	16	300394	57
Chi_P07_2	16	300394	224
Chi_P07_2	16	300394	101
Chi_P07_2	16	300394	17
Chi_P07_2	16	300394	93
Chi_P07_2	16	300394	56
Chi_P07_2	16	300394	209
Chi_P07_2	16	300394	76
Chi_P07_2	16	300394	119
Chi_P07_2	16	300394	160
Chi_P07_2	16	300394	132
Chi_P07_2	16	300394	424
Chi_P07_2	16	300394	138
Chi_P07_2	16	300394	184
Chi_P07_2	16	300394	154
Chi_P07_2	16	300394	130
Chi_P07_2	16	300394	103
Chi_P07_2	16	300394	85
Chi_P07_2	16	300394	98
Chi_P07_2	16	300394	143
Chi_P07_2	16	300394	140
Chi_P07_2	16	300394	102
Chi_P07_2	16	300394	246
Chi_P07_2	16	300394	144
Chi_P07_2	16	300394	128
Chi_P07_2	16	300394	60
Chi_P07_2	16	300394	533
Chi_P07_2	16	300394	84
Chi_P07_2	16	300394	216
Chi_P07_2	16	300394	161
Chi_P07_2	16	300394	408
Chi_P07_2	16	300394	181
Chi_P07_2	16	300394	89
Chi_P07_2	16	300394	121
Chi_P07_2	16	300394	153
Chi_P07_2	16	300394	174
Chi_P07_2	16	300394	234
Chi_P07_2	16	300394	522
Chi_P07_2	16	300394	188
Chi_P07_2	16	300394	124
Chi_P07_2	16	300394	76
Chi_P07_2	16	300394	199
Chi_P07_2	16	300394	129
Chi_P07_2	16	300394	168
Chi_P07_2	16	300394	135
Chi_P07_2	16	300394	103
Chi_P07_2	16	300394	173
Chi_P07_2	16	300394	139
Chi_P07_2	16	300394	52
Chi_P07_2	16	300394	147
Chi_P07_2	16	300394	125
Chi_P07_2	16	300394	87
Chi_P07_2	16	300394	91
Chi_P07_2	16	300394	162
Chi_P07_2	16	300394	272
Chi_P07_2	16	300394	122
Chi_P07_2	16	300394	118
Chi_P07_2	16	300394	74
Chi_P07_2	16	300394	107
Chi_P07_2	16	300394	113
Chi_P07_2	17	324505	82
Chi_P07_2	17	324505	164
Chi_P07_2	17	324505	134
Chi_P07_2	17	324505	97
Chi_P07_2	17	324505	103
Chi_P07_2	17	324505	212
Chi_P07_2	17	324505	230
Chi_P07_2	17	324505	150
Chi_P07_2	17	324505	336
Chi_P07_2	17	324505	57
Chi_P07_2	17	324505	129
Chi_P07_2	17	324505	135
Chi_P07_2	17	324505	125
Chi_P07_2	17	324505	165
Chi_P07_2	17	324505	171
Chi_P07_2	17	324505	77
Chi_P07_2	17	324505	135
Chi_P07_2	17	324505	110
Chi_P07_2	17	324505	146
Chi_P07_2	17	324505	138
Chi_P07_2	17	324505	171
Chi_P07_2	17	324505	123
Chi_P07_2	17	324505	295
Chi_P07_2	17	324505	124
Chi_P07_2	17	324505	97
Chi_P07_2	17	324505	155
Chi_P07_2	17	324505	131
Chi_P07_2	17	324505	99
Chi_P07_2	17	324505	120
Chi_P07_2	17	324505	168
Chi_P07_2	17	324505	178
Chi_P07_2	17	324505	176
Chi_P07_2	17	324505	198
Chi_P07_2	17	324505	198
Chi_P07_2	17	324505	203
Chi_P07_2	17	324505	189
Chi_P07_2	17	324505	127
Chi_P07_2	17	324505	127
Chi_P07_2	17	324505	163
Chi_P07_2	17	324505	164
Chi_P07_2	17	324505	55
Chi_P07_2	17	324505	268
Chi_P07_2	17	324505	202
Chi_P07_2	17	324505	220
Chi_P07_2	17	324505	75
Chi_P07_2	17	324505	281
Chi_P07_2	17	324505	94
Chi_P07_2	17	324505	148
Chi_P07_2	17	324505	78
Chi_P07_2	17	324505	196
Chi_P07_2	17	324505	107
Chi_P07_2	17	324505	135
Chi_P07_2	17	324505	151
Chi_P07_2	17	324505	120
Chi_P07_2	17	324505	162
Chi_P07_2	17	324505	136
Chi_P07_2	17	324505	244
Chi_P07_2	17	324505	132
Chi_P07_2	17	324505	117
Chi_P07_2	17	324505	66
Chi_P07_2	17	324505	159
Chi_P07_2	17	324505	178
Chi_P07_2	17	324505	80
Chi_P07_2	17	324505	269
Chi_P07_2	17	324505	44
Chi_P07_2	17	324505	73
Chi_P07_2	17	324505	145
Chi_P07_2	17	324505	153
Chi_P07_2	17	324505	192
Chi_P07_2	17	324505	143
Chi_P07_2	17	324505	135
Chi_P07_2	17	324505	94
Chi_P07_2	17	324505	137
Chi_P07_2	17	324505	154
Chi_P07_2	17	324505	109
Chi_P07_2	17	324505	220
Chi_P07_2	17	324505	63
Chi_P07_2	17	324505	105
Chi_P07_2	17	324505	58
Chi_P07_2	17	324505	175
Chi_P07_2	17	324505	137
Chi_P07_2	17	324505	82
Chi_P07_2	17	324505	74
Chi_P07_2	17	324505	138
Chi_P07_2	17	324505	180
Chi_P07_2	17	324505	79
Chi_P07_2	17	324505	110
Chi_P07_2	17	324505	148
Chi_P07_2	17	324505	96
Chi_P07_2	17	324505	106
Chi_P07_2	17	324505	172
Chi_P07_2	17	324505	102
Chi_P07_2	17	324505	232
Chi_P07_2	17	324505	140
Chi_P07_2	17	324505	72
Chi_P07_2	17	324505	161
Chi_P07_2	17	324505	109
Chi_P07_2	17	324505	126
Chi_P07_2	17	324505	218
Chi_P07_2	17	324505	74
Chi_P07_2	17	324505	85
Chi_P07_2	17	324505	146
Chi_P07_2	17	324505	74
Chi_P07_2	17	324505	902
Chi_P07_2	17	324505	133
Chi_P07_2	17	324505	119
Chi_P07_2	17	324505	364
Chi_P07_2	17	324505	73
Chi_P07_2	17	324505	140
Chi_P07_2	17	324505	67
Chi_P07_2	17	324505	157
Chi_P07_2	17	324505	127
Chi_P07_2	17	324505	55
Chi_P07_2	17	324505	112
Chi_P07_2	17	324505	69
Chi_P07_2	17	324505	84
Chi_P07_2	17	324505	66
Chi_P07_2	17	324505	73
Chi_P07_2	17	324505	12
Chi_P07_2	17	324505	137
Chi_P07_2	17	324505	40
Chi_P07_2	17	324505	14
Chi_P07_2	17	324505	156
Chi_P07_2	17	324505	180
Chi_P07_2	17	324505	59
Chi_P07_2	17	324505	184
Chi_P07_2	17	324505	322
Chi_P07_2	17	324505	87
Chi_P07_2	17	324505	91
Chi_P07_2	17	324505	164
Chi_P07_2	17	324505	119
Chi_P07_2	17	324505	253
Chi_P07_2	17	324505	157
Chi_P07_2	17	324505	118
Chi_P07_2	18	338881	124
Chi_P07_2	18	338881	125
Chi_P07_2	18	338881	127
Chi_P07_2	18	338881	238
Chi_P07_2	18	338881	107
Chi_P07_2	18	338881	45
Chi_P07_2	18	338881	189
Chi_P07_2	18	338881	77
Chi_P07_2	18	338881	299
Chi_P07_2	18	338881	111
Chi_P07_2	18	338881	126
Chi_P07_2	18	338881	119
Chi_P07_2	18	338881	144
Chi_P07_2	18	338881	190
Chi_P07_2	18	338881	135
Chi_P07_2	18	338881	139
Chi_P07_2	18	338881	117
Chi_P07_2	18	338881	126
Chi_P07_2	18	338881	134
Chi_P07_2	18	338881	357
Chi_P07_2	18	338881	34
Chi_P07_2	18	338881	171
Chi_P07_2	18	338881	168
Chi_P07_2	18	338881	87
Chi_P07_2	18	338881	51
Chi_P07_2	18	338881	206
Chi_P07_2	18	338881	103
Chi_P07_2	18	338881	50
Chi_P07_2	18	338881	144
Chi_P07_2	18	338881	99
Chi_P07_2	18	338881	147
Chi_P07_2	18	338881	77
Chi_P07_2	18	338881	156
Chi_P07_2	18	338881	69
Chi_P07_2	18	338881	111
Chi_P07_2	18	338881	318
Chi_P07_2	18	338881	303
Chi_P07_2	18	338881	195
Chi_P07_2	18	338881	129
Chi_P07_2	18	338881	143
Chi_P07_2	18	338881	174
Chi_P07_2	18	338881	373
Chi_P07_2	18	338881	203
Chi_P07_2	18	338881	137
Chi_P07_2	18	338881	90
Chi_P07_2	18	338881	153
Chi_P07_2	18	338881	149
Chi_P07_2	18	338881	128
Chi_P07_2	18	338881	179
Chi_P07_2	18	338881	45
Chi_P07_2	18	338881	163
Chi_P07_2	18	338881	167
Chi_P07_2	18	338881	193
Chi_P07_2	18	338881	550
Chi_P07_2	18	338881	75
Chi_P07_2	18	338881	152
Chi_P07_2	18	338881	134
Chi_P07_2	18	338881	120
Chi_P07_2	18	338881	140
Chi_P07_2	18	338881	138
Chi_P07_2	18	338881	170
Chi_P07_2	18	338881	138
Chi_P07_2	18	338881	63
Chi_P07_2	18	338881	90
Chi_P07_2	18	338881	152
Chi_P07_2	18	338881	58
Chi_P07_2	18	338881	101
Chi_P07_2	18	338881	100
Chi_P07_2	18	338881	172
Chi_P07_2	18	338881	88
Chi_P07_2	18	338881	177
Chi_P07_2	18	338881	112
Chi_P07_2	18	338881	207
Chi_P07_2	18	338881	254
Chi_P07_2	18	338881	125
Chi_P07_2	18	338881	163
Chi_P07_2	18	338881	127
Chi_P07_2	18	338881	130
Chi_P07_2	18	338881	110
Chi_P07_2	18	338881	110
Chi_P07_2	18	338881	123
Chi_P07_2	18	338881	212
Chi_P07_2	18	338881	85
Chi_P07_2	18	338881	121
Chi_P07_2	18	338881	95
Chi_P07_2	18	338881	178
Chi_P07_2	18	338881	67
Chi_P07_2	18	338881	247
Chi_P07_2	18	338881	98
Chi_P07_2	18	338881	65
Chi_P07_2	18	338881	63
Chi_P07_2	18	338881	132
Chi_P07_2	18	338881	266
Chi_P07_2	18	338881	118
Chi_P07_2	18	338881	220
Chi_P07_2	18	338881	263
Chi_P07_2	18	338881	155
Chi_P07_2	18	338881	136
Chi_P07_2	18	338881	75
Chi_P07_2	18	338881	118
Chi_P07_2	18	338881	1078
Chi_P07_2	18	338881	171
Chi_P07_2	18	338881	91
Chi_P07_2	18	338881	106
Chi_P07_2	18	338881	116
Chi_P07_2	18	338881	64
Chi_P07_2	18	338881	97
Chi_P07_2	18	338881	147
Chi_P07_2	18	338881	164
Chi_P07_2	18	338881	106
Chi_P07_2	18	338881	188
Chi_P07_2	18	338881	48
Chi_P07_2	18	338881	100
Chi_P07_2	18	338881	137
Chi_P07_2	18	338881	106
Chi_P07_2	18	338881	330
Chi_P07_2	18	338881	121
Chi_P07_2	18	338881	76
Chi_P07_2	18	338881	127
Chi_P07_2	18	338881	115
Chi_P07_2	18	338881	129
Chi_P07_2	18	338881	102
Chi_P07_2	18	338881	149
Chi_P07_2	18	338881	92
Chi_P07_2	18	338881	145
Chi_P07_2	18	338881	167
Chi_P07_2	18	338881	158
Chi_P07_2	18	338881	125
Chi_P07_2	18	338881	54
Chi_P07_2	18	338881	70
Chi_P07_2	18	338881	11
Chi_P07_2	18	338881	333
Chi_P07_2	18	338881	101
Chi_P07_2	18	338881	93
Chi_P07_2	18	338881	158
Chi_P07_2	18	338881	164
Chi_P07_2	18	338881	190
Chi_P07_2	18	338881	157
Chi_P07_2	18	338881	106
Chi_P07_2	18	338881	56
Chi_P07_2	18	338881	90
Chi_P07_2	18	338881	115
Chi_P07_2	18	338881	90
Chi_P07_2	18	338881	130
Chi_P07_2	18	338881	72
Chi_P07_2	19	269999	90
Chi_P07_2	19	269999	87
Chi_P07_2	19	269999	189
Chi_P07_2	19	269999	113
Chi_P07_2	19	269999	138
Chi_P07_2	19	269999	226
Chi_P07_2	19	269999	117
Chi_P07_2	19	269999	91
Chi_P07_2	19	269999	161
Chi_P07_2	19	269999	65
Chi_P07_2	19	269999	42
Chi_P07_2	19	269999	128
Chi_P07_2	19	269999	80
Chi_P07_2	19	269999	66
Chi_P07_2	19	269999	188
Chi_P07_2	19	269999	154
Chi_P07_2	19	269999	66
Chi_P07_2	19	269999	374
Chi_P07_2	19	269999	132
Chi_P07_2	19	269999	69
Chi_P07_2	19	269999	117
Chi_P07_2	19	269999	159
Chi_P07_2	19	269999	136
Chi_P07_2	19	269999	107
Chi_P07_2	19	269999	111
Chi_P07_2	19	269999	112
Chi_P07_2	19	269999	217
Chi_P07_2	19	269999	138
Chi_P07_2	19	269999	149
Chi_P07_2	19	269999	145
Chi_P07_2	19	269999	111
Chi_P07_2	19	269999	160
Chi_P07_2	19	269999	148
Chi_P07_2	19	269999	134
Chi_P07_2	19	269999	156
Chi_P07_2	19	269999	128
Chi_P07_2	19	269999	101
Chi_P07_2	19	269999	127
Chi_P07_2	19	269999	116
Chi_P07_2	19	269999	143
Chi_P07_2	19	269999	113
Chi_P07_2	19	269999	95
Chi_P07_2	19	269999	195
Chi_P07_2	19	269999	158
Chi_P07_2	19	269999	102
Chi_P07_2	19	269999	73
Chi_P07_2	19	269999	77
Chi_P07_2	19	269999	203
Chi_P07_2	19	269999	90
Chi_P07_2	19	269999	165
Chi_P07_2	19	269999	280
Chi_P07_2	19	269999	128
Chi_P07_2	19	269999	78
Chi_P07_2	19	269999	100
Chi_P07_2	19	269999	169
Chi_P07_2	19	269999	128
Chi_P07_2	19	269999	56
Chi_P07_2	19	269999	118
Chi_P07_2	19	269999	169
Chi_P07_2	19	269999	122
Chi_P07_2	19	269999	165
Chi_P07_2	19	269999	203
Chi_P07_2	19	269999	673
Chi_P07_2	19	269999	144
Chi_P07_2	19	269999	284
Chi_P07_2	19	269999	83
Chi_P07_2	19	269999	77
Chi_P07_2	19	269999	137
Chi_P07_2	19	269999	144
Chi_P07_2	19	269999	139
Chi_P07_2	19	269999	132
Chi_P07_2	19	269999	187
Chi_P07_2	19	269999	137
Chi_P07_2	19	269999	136
Chi_P07_2	19	269999	133
Chi_P07_2	19	269999	90
Chi_P07_2	19	269999	154
Chi_P07_2	19	269999	147
Chi_P07_2	19	269999	213
Chi_P07_2	19	269999	140
Chi_P07_2	19	269999	93
Chi_P07_2	19	269999	86
Chi_P07_2	19	269999	116
Chi_P07_2	19	269999	159
Chi_P07_2	19	269999	95
Chi_P07_2	19	269999	125
Chi_P07_2	19	269999	114
Chi_P07_2	19	269999	185
Chi_P07_2	19	269999	207
Chi_P07_2	19	269999	65
Chi_P07_2	20	319425	13
Chi_P07_2	20	319425	124
Chi_P07_2	20	319425	103
Chi_P07_2	20	319425	108
Chi_P07_2	20	319425	40
Chi_P07_2	20	319425	59
Chi_P07_2	20	319425	123
Chi_P07_2	20	319425	78
Chi_P07_2	20	319425	89
Chi_P07_2	20	319425	136
Chi_P07_2	20	319425	99
Chi_P07_2	20	319425	163
Chi_P07_2	20	319425	73
Chi_P07_2	20	319425	54
Chi_P07_2	20	319425	92
Chi_P07_2	20	319425	107
Chi_P07_2	20	319425	142
Chi_P07_2	20	319425	136
Chi_P07_2	20	319425	75
Chi_P07_2	20	319425	87
Chi_P07_2	20	319425	107
Chi_P07_2	20	319425	172
Chi_P07_2	20	319425	254
Chi_P07_2	20	319425	101
Chi_P07_2	20	319425	95
Chi_P07_2	20	319425	111
Chi_P07_2	20	319425	148
Chi_P07_2	20	319425	227
Chi_P07_2	20	319425	110
Chi_P07_2	20	319425	91
Chi_P07_2	20	319425	274
Chi_P07_2	20	319425	90
Chi_P07_2	20	319425	128
Chi_P07_2	20	319425	80
Chi_P07_2	20	319425	193
Chi_P07_2	20	319425	234
Chi_P07_2	20	319425	115
Chi_P07_2	20	319425	197
Chi_P07_2	20	319425	233
Chi_P07_2	20	319425	133
Chi_P07_2	20	319425	86
Chi_P07_2	20	319425	93
Chi_P07_2	20	319425	158
Chi_P07_2	20	319425	108
Chi_P07_2	20	319425	109
Chi_P07_2	20	319425	124
Chi_P07_2	20	319425	141
Chi_P07_2	20	319425	130
Chi_P07_2	20	319425	310
Chi_P07_2	20	319425	113
Chi_P07_2	20	319425	93
Chi_P07_2	20	319425	89
Chi_P07_2	20	319425	63
Chi_P07_2	20	319425	127
Chi_P07_2	20	319425	113
Chi_P07_2	20	319425	96
Chi_P07_2	20	319425	160
Chi_P07_2	20	319425	148
Chi_P07_2	20	319425	94
Chi_P07_2	20	319425	129
Chi_P07_2	20	319425	228
Chi_P07_2	20	319425	146
Chi_P07_2	20	319425	77
Chi_P07_2	20	319425	94
Chi_P07_2	20	319425	138
Chi_P07_2	20	319425	40
Chi_P07_2	20	319425	131
Chi_P07_2	20	319425	162
Chi_P07_2	20	319425	88
Chi_P07_2	20	319425	95
Chi_P07_2	20	319425	109
Chi_P07_2	20	319425	116
Chi_P07_2	20	319425	113
Chi_P07_2	20	319425	153
Chi_P07_2	20	319425	59
Chi_P07_2	20	319425	201
Chi_P07_2	20	319425	116
Chi_P07_2	20	319425	78
Chi_P07_2	20	319425	194
Chi_P07_2	20	319425	138
Chi_P07_2	20	319425	155
Chi_P07_2	20	319425	173
Chi_P07_2	20	319425	160
Chi_P07_2	20	319425	227
Chi_P07_2	20	319425	96
Chi_P07_2	20	319425	220
Chi_P07_2	20	319425	175
Chi_P07_2	20	319425	48
Chi_P07_2	20	319425	222
Chi_P07_2	20	319425	146
Chi_P07_2	20	319425	94
Chi_P07_2	20	319425	590
Chi_P07_2	20	319425	189
Chi_P07_2	20	319425	130
Chi_P07_2	20	319425	55
Chi_P07_2	20	319425	241
Chi_P07_2	20	319425	136
Chi_P07_2	20	319425	173
Chi_P07_2	20	319425	105
Chi_P07_2	20	319425	12
Chi_P07_2	20	319425	347
Chi_P07_2	20	319425	330
Chi_P07_2	20	319425	198
Chi_P07_2	20	319425	162
Chi_P07_2	20	319425	20
Chi_P07_2	20	319425	192
Chi_P07_2	20	319425	102
Chi_P07_2	20	319425	101
Chi_P07_2	20	319425	131
Chi_P07_2	20	319425	120
Chi_P07_2	20	319425	62
Chi_P07_2	20	319425	137
Chi_P07_2	20	319425	85
Chi_P07_2	20	319425	313
Chi_P07_2	20	319425	70
Chi_P07_2	20	319425	19
