fichier	leaf	surfaceLeaf	surfaceLesion
Mock_P02_1	1	282394	52
Mock_P02_1	1	282394	44
Mock_P02_1	1	282394	40
Mock_P02_1	1	282394	41
Mock_P02_1	1	282394	32
Mock_P02_1	1	282394	47
Mock_P02_1	1	282394	22
Mock_P02_1	1	282394	140
Mock_P02_1	1	282394	38
Mock_P02_1	1	282394	25
Mock_P02_1	1	282394	129
Mock_P02_1	1	282394	248
Mock_P02_1	1	282394	133
Mock_P02_1	1	282394	200
Mock_P02_1	1	282394	96
Mock_P02_1	1	282394	124
Mock_P02_1	1	282394	149
Mock_P02_1	1	282394	108
Mock_P02_1	1	282394	96
Mock_P02_1	1	282394	143
Mock_P02_1	1	282394	173
Mock_P02_1	1	282394	55
Mock_P02_1	1	282394	115
Mock_P02_1	1	282394	302
Mock_P02_1	1	282394	80
Mock_P02_1	1	282394	59
Mock_P02_1	1	282394	117
Mock_P02_1	1	282394	115
Mock_P02_1	1	282394	58
Mock_P02_1	1	282394	242
Mock_P02_1	1	282394	87
Mock_P02_1	1	282394	89
Mock_P02_1	1	282394	119
Mock_P02_1	1	282394	75
Mock_P02_1	1	282394	94
Mock_P02_1	1	282394	31
Mock_P02_1	1	282394	189
Mock_P02_1	1	282394	49
Mock_P02_1	1	282394	75
Mock_P02_1	1	282394	92
Mock_P02_1	1	282394	68
Mock_P02_1	1	282394	62
Mock_P02_1	1	282394	118
Mock_P02_1	1	282394	16
Mock_P02_1	1	282394	66
Mock_P02_1	1	282394	58
Mock_P02_1	1	282394	137
Mock_P02_1	1	282394	20
Mock_P02_1	1	282394	54
Mock_P02_1	1	282394	30
Mock_P02_1	1	282394	169
Mock_P02_1	1	282394	23
Mock_P02_1	1	282394	181
Mock_P02_1	1	282394	203
Mock_P02_1	1	282394	70
Mock_P02_1	1	282394	136
Mock_P02_1	1	282394	141
Mock_P02_1	1	282394	134
Mock_P02_1	1	282394	47
Mock_P02_1	1	282394	104
Mock_P02_1	1	282394	105
Mock_P02_1	1	282394	331
Mock_P02_1	1	282394	200
Mock_P02_1	1	282394	177
Mock_P02_1	1	282394	76
Mock_P02_1	1	282394	90
Mock_P02_1	1	282394	208
Mock_P02_1	1	282394	97
Mock_P02_1	1	282394	278
Mock_P02_1	1	282394	68
Mock_P02_1	1	282394	155
Mock_P02_1	1	282394	107
Mock_P02_1	1	282394	154
Mock_P02_1	1	282394	102
Mock_P02_1	1	282394	135
Mock_P02_1	1	282394	159
Mock_P02_1	1	282394	212
Mock_P02_1	1	282394	147
Mock_P02_1	1	282394	106
Mock_P02_1	1	282394	137
Mock_P02_1	1	282394	122
Mock_P02_1	1	282394	67
Mock_P02_1	1	282394	118
Mock_P02_1	1	282394	103
Mock_P02_1	1	282394	109
Mock_P02_1	1	282394	397
Mock_P02_1	1	282394	104
Mock_P02_1	1	282394	168
Mock_P02_1	1	282394	110
Mock_P02_1	1	282394	135
Mock_P02_1	1	282394	65
Mock_P02_1	1	282394	152
Mock_P02_1	1	282394	16
Mock_P02_1	1	282394	152
Mock_P02_1	1	282394	308
Mock_P02_1	1	282394	81
Mock_P02_1	1	282394	169
Mock_P02_1	1	282394	396
Mock_P02_1	1	282394	144
Mock_P02_1	1	282394	112
Mock_P02_1	1	282394	330
Mock_P02_1	1	282394	251
Mock_P02_1	1	282394	128
Mock_P02_1	1	282394	149
Mock_P02_1	1	282394	142
Mock_P02_1	1	282394	275
Mock_P02_1	1	282394	107
Mock_P02_1	1	282394	108
Mock_P02_1	1	282394	94
Mock_P02_1	1	282394	85
Mock_P02_1	1	282394	176
Mock_P02_1	1	282394	82
Mock_P02_1	1	282394	48
Mock_P02_1	1	282394	162
Mock_P02_1	1	282394	88
Mock_P02_1	1	282394	107
Mock_P02_1	1	282394	92
Mock_P02_1	1	282394	148
Mock_P02_1	1	282394	124
Mock_P02_1	1	282394	108
Mock_P02_1	1	282394	83
Mock_P02_1	1	282394	109
Mock_P02_1	1	282394	125
Mock_P02_1	1	282394	266
Mock_P02_1	1	282394	34
Mock_P02_1	1	282394	146
Mock_P02_1	1	282394	165
Mock_P02_1	1	282394	19
Mock_P02_1	1	282394	80
Mock_P02_1	1	282394	139
Mock_P02_1	1	282394	88
Mock_P02_1	1	282394	105
Mock_P02_1	1	282394	116
Mock_P02_1	1	282394	74
Mock_P02_1	1	282394	209
Mock_P02_1	1	282394	96
Mock_P02_1	1	282394	117
Mock_P02_1	1	282394	107
Mock_P02_1	1	282394	110
Mock_P02_1	1	282394	113
Mock_P02_1	1	282394	64
Mock_P02_1	1	282394	58
Mock_P02_1	1	282394	92
Mock_P02_1	1	282394	120
Mock_P02_1	1	282394	70
Mock_P02_1	1	282394	100
Mock_P02_1	2	422230	76
Mock_P02_1	2	422230	14
Mock_P02_1	2	422230	148
Mock_P02_1	2	422230	34
Mock_P02_1	2	422230	53
Mock_P02_1	2	422230	62
Mock_P02_1	2	422230	185
Mock_P02_1	2	422230	28
Mock_P02_1	2	422230	87
Mock_P02_1	2	422230	62
Mock_P02_1	2	422230	127
Mock_P02_1	2	422230	83
Mock_P02_1	2	422230	80
Mock_P02_1	2	422230	144
Mock_P02_1	2	422230	85
Mock_P02_1	2	422230	18
Mock_P02_1	2	422230	106
Mock_P02_1	2	422230	132
Mock_P02_1	2	422230	230
Mock_P02_1	2	422230	30
Mock_P02_1	2	422230	78
Mock_P02_1	2	422230	126
Mock_P02_1	2	422230	94
Mock_P02_1	2	422230	104
Mock_P02_1	2	422230	88
Mock_P02_1	2	422230	101
Mock_P02_1	2	422230	192
Mock_P02_1	2	422230	100
Mock_P02_1	2	422230	405
Mock_P02_1	2	422230	101
Mock_P02_1	2	422230	103
Mock_P02_1	2	422230	93
Mock_P02_1	2	422230	100
Mock_P02_1	2	422230	48
Mock_P02_1	2	422230	68
Mock_P02_1	2	422230	95
Mock_P02_1	2	422230	75
Mock_P02_1	2	422230	14
Mock_P02_1	2	422230	79
Mock_P02_1	2	422230	133
Mock_P02_1	2	422230	64
Mock_P02_1	2	422230	97
Mock_P02_1	2	422230	64
Mock_P02_1	2	422230	91
Mock_P02_1	2	422230	54
Mock_P02_1	2	422230	159
Mock_P02_1	2	422230	114
Mock_P02_1	2	422230	82
Mock_P02_1	2	422230	86
Mock_P02_1	2	422230	77
Mock_P02_1	2	422230	185
Mock_P02_1	2	422230	49
Mock_P02_1	2	422230	82
Mock_P02_1	2	422230	157
Mock_P02_1	2	422230	89
Mock_P02_1	2	422230	194
Mock_P02_1	2	422230	112
Mock_P02_1	2	422230	89
Mock_P02_1	2	422230	109
Mock_P02_1	2	422230	60
Mock_P02_1	2	422230	80
Mock_P02_1	2	422230	142
Mock_P02_1	2	422230	293
Mock_P02_1	2	422230	105
Mock_P02_1	2	422230	87
Mock_P02_1	2	422230	82
Mock_P02_1	2	422230	52
Mock_P02_1	2	422230	95
Mock_P02_1	2	422230	101
Mock_P02_1	2	422230	106
Mock_P02_1	2	422230	100
Mock_P02_1	2	422230	31
Mock_P02_1	2	422230	93
Mock_P02_1	2	422230	84
Mock_P02_1	2	422230	148
Mock_P02_1	2	422230	140
Mock_P02_1	2	422230	128
Mock_P02_1	2	422230	62
Mock_P02_1	2	422230	184
Mock_P02_1	2	422230	140
Mock_P02_1	2	422230	70
Mock_P02_1	2	422230	130
Mock_P02_1	2	422230	54
Mock_P02_1	2	422230	120
Mock_P02_1	2	422230	95
Mock_P02_1	2	422230	129
Mock_P02_1	2	422230	42
Mock_P02_1	2	422230	71
Mock_P02_1	2	422230	42
Mock_P02_1	2	422230	70
Mock_P02_1	2	422230	38
Mock_P02_1	2	422230	149
Mock_P02_1	2	422230	137
Mock_P02_1	2	422230	92
Mock_P02_1	2	422230	60
Mock_P02_1	2	422230	57
Mock_P02_1	2	422230	15
Mock_P02_1	2	422230	78
Mock_P02_1	2	422230	81
Mock_P02_1	2	422230	99
Mock_P02_1	2	422230	11
Mock_P02_1	2	422230	142
Mock_P02_1	2	422230	93
Mock_P02_1	2	422230	111
Mock_P02_1	2	422230	81
Mock_P02_1	2	422230	62
Mock_P02_1	2	422230	99
Mock_P02_1	2	422230	61
Mock_P02_1	2	422230	79
Mock_P02_1	2	422230	47
Mock_P02_1	2	422230	87
Mock_P02_1	2	422230	170
Mock_P02_1	2	422230	80
Mock_P02_1	2	422230	98
Mock_P02_1	2	422230	47
Mock_P02_1	2	422230	88
Mock_P02_1	2	422230	51
Mock_P02_1	2	422230	81
Mock_P02_1	2	422230	52
Mock_P02_1	2	422230	23
Mock_P02_1	2	422230	118
Mock_P02_1	2	422230	64
Mock_P02_1	2	422230	94
Mock_P02_1	2	422230	124
Mock_P02_1	2	422230	114
Mock_P02_1	2	422230	80
Mock_P02_1	2	422230	66
Mock_P02_1	2	422230	74
Mock_P02_1	2	422230	105
Mock_P02_1	2	422230	57
Mock_P02_1	2	422230	40
Mock_P02_1	2	422230	62
Mock_P02_1	2	422230	29
Mock_P02_1	2	422230	55
Mock_P02_1	2	422230	86
Mock_P02_1	2	422230	306
Mock_P02_1	2	422230	92
Mock_P02_1	2	422230	104
Mock_P02_1	2	422230	66
Mock_P02_1	2	422230	92
Mock_P02_1	2	422230	86
Mock_P02_1	2	422230	57
Mock_P02_1	2	422230	70
Mock_P02_1	2	422230	118
Mock_P02_1	2	422230	89
Mock_P02_1	2	422230	69
Mock_P02_1	2	422230	33
Mock_P02_1	2	422230	61
Mock_P02_1	2	422230	42
Mock_P02_1	2	422230	69
Mock_P02_1	2	422230	36
Mock_P02_1	2	422230	81
Mock_P02_1	2	422230	86
Mock_P02_1	2	422230	97
Mock_P02_1	2	422230	23
Mock_P02_1	2	422230	41
Mock_P02_1	2	422230	72
Mock_P02_1	2	422230	48
Mock_P02_1	2	422230	69
Mock_P02_1	2	422230	54
Mock_P02_1	2	422230	57
Mock_P02_1	2	422230	40
Mock_P02_1	2	422230	17
Mock_P02_1	2	422230	59
Mock_P02_1	2	422230	55
Mock_P02_1	2	422230	56
Mock_P02_1	2	422230	39
Mock_P02_1	2	422230	130
Mock_P02_1	2	422230	62
Mock_P02_1	2	422230	28
Mock_P02_1	2	422230	21
Mock_P02_1	2	422230	86
Mock_P02_1	2	422230	55
Mock_P02_1	2	422230	20
Mock_P02_1	2	422230	213
Mock_P02_1	2	422230	61
Mock_P02_1	2	422230	32
Mock_P02_1	2	422230	112
Mock_P02_1	2	422230	28
Mock_P02_1	2	422230	79
Mock_P02_1	2	422230	76
Mock_P02_1	2	422230	232
Mock_P02_1	2	422230	112
Mock_P02_1	2	422230	78
Mock_P02_1	2	422230	61
Mock_P02_1	2	422230	93
Mock_P02_1	2	422230	26
Mock_P02_1	2	422230	24
Mock_P02_1	2	422230	18
Mock_P02_1	2	422230	105
Mock_P02_1	2	422230	71
Mock_P02_1	2	422230	15
Mock_P02_1	2	422230	49
Mock_P02_1	2	422230	35
Mock_P02_1	2	422230	92
Mock_P02_1	2	422230	218
Mock_P02_1	2	422230	45
Mock_P02_1	2	422230	50
Mock_P02_1	2	422230	83
Mock_P02_1	2	422230	48
Mock_P02_1	2	422230	37
Mock_P02_1	2	422230	32
Mock_P02_1	2	422230	55
Mock_P02_1	2	422230	62
Mock_P02_1	2	422230	99
Mock_P02_1	2	422230	38
Mock_P02_1	2	422230	80
Mock_P02_1	2	422230	79
Mock_P02_1	2	422230	42
Mock_P02_1	2	422230	62
Mock_P02_1	2	422230	20
Mock_P02_1	2	422230	13
Mock_P02_1	2	422230	61
Mock_P02_1	2	422230	202
Mock_P02_1	2	422230	61
Mock_P02_1	2	422230	203
Mock_P02_1	2	422230	43
Mock_P02_1	2	422230	49
Mock_P02_1	2	422230	42
Mock_P02_1	2	422230	50
Mock_P02_1	2	422230	199
Mock_P02_1	2	422230	100
Mock_P02_1	2	422230	85
Mock_P02_1	2	422230	23
Mock_P02_1	2	422230	72
Mock_P02_1	2	422230	99
Mock_P02_1	2	422230	13
Mock_P02_1	2	422230	150
Mock_P02_1	2	422230	23
Mock_P02_1	2	422230	74
Mock_P02_1	2	422230	73
Mock_P02_1	2	422230	46
Mock_P02_1	2	422230	55
Mock_P02_1	2	422230	128
Mock_P02_1	2	422230	73
Mock_P02_1	2	422230	158
Mock_P02_1	2	422230	45
Mock_P02_1	2	422230	26
Mock_P02_1	2	422230	65
Mock_P02_1	2	422230	106
Mock_P02_1	2	422230	24
Mock_P02_1	2	422230	90
Mock_P02_1	2	422230	100
Mock_P02_1	2	422230	62
Mock_P02_1	2	422230	108
Mock_P02_1	2	422230	65
Mock_P02_1	2	422230	22
Mock_P02_1	2	422230	31
Mock_P02_1	2	422230	17
Mock_P02_1	2	422230	32
Mock_P02_1	2	422230	29
Mock_P02_1	2	422230	45
Mock_P02_1	2	422230	105
Mock_P02_1	2	422230	92
Mock_P02_1	2	422230	17
Mock_P02_1	2	422230	121
Mock_P02_1	2	422230	64
Mock_P02_1	2	422230	55
Mock_P02_1	2	422230	16
Mock_P02_1	2	422230	67
Mock_P02_1	2	422230	29
Mock_P02_1	2	422230	79
Mock_P02_1	2	422230	58
Mock_P02_1	3	337079	124
Mock_P02_1	3	337079	102
Mock_P02_1	3	337079	113
Mock_P02_1	3	337079	184
Mock_P02_1	3	337079	138
Mock_P02_1	3	337079	54
Mock_P02_1	3	337079	97
Mock_P02_1	3	337079	163
Mock_P02_1	3	337079	112
Mock_P02_1	3	337079	134
Mock_P02_1	3	337079	98
Mock_P02_1	3	337079	120
Mock_P02_1	3	337079	89
Mock_P02_1	3	337079	125
Mock_P02_1	3	337079	64
Mock_P02_1	3	337079	88
Mock_P02_1	3	337079	107
Mock_P02_1	3	337079	45
Mock_P02_1	3	337079	117
Mock_P02_1	3	337079	114
Mock_P02_1	3	337079	105
Mock_P02_1	3	337079	49
Mock_P02_1	3	337079	119
Mock_P02_1	3	337079	35
Mock_P02_1	3	337079	201
Mock_P02_1	3	337079	103
Mock_P02_1	3	337079	81
Mock_P02_1	3	337079	134
Mock_P02_1	3	337079	132
Mock_P02_1	3	337079	216
Mock_P02_1	3	337079	123
Mock_P02_1	3	337079	121
Mock_P02_1	3	337079	127
Mock_P02_1	3	337079	94
Mock_P02_1	3	337079	131
Mock_P02_1	3	337079	207
Mock_P02_1	3	337079	68
Mock_P02_1	3	337079	98
Mock_P02_1	3	337079	128
Mock_P02_1	3	337079	199
Mock_P02_1	3	337079	120
Mock_P02_1	3	337079	114
Mock_P02_1	3	337079	64
Mock_P02_1	3	337079	160
Mock_P02_1	3	337079	152
Mock_P02_1	3	337079	57
Mock_P02_1	3	337079	150
Mock_P02_1	3	337079	66
Mock_P02_1	3	337079	219
Mock_P02_1	3	337079	109
Mock_P02_1	3	337079	134
Mock_P02_1	3	337079	79
Mock_P02_1	3	337079	154
Mock_P02_1	3	337079	80
Mock_P02_1	3	337079	81
Mock_P02_1	3	337079	106
Mock_P02_1	3	337079	98
Mock_P02_1	3	337079	76
Mock_P02_1	3	337079	123
Mock_P02_1	3	337079	123
Mock_P02_1	3	337079	144
Mock_P02_1	3	337079	94
Mock_P02_1	3	337079	131
Mock_P02_1	3	337079	208
Mock_P02_1	3	337079	207
Mock_P02_1	3	337079	63
Mock_P02_1	3	337079	186
Mock_P02_1	3	337079	262
Mock_P02_1	3	337079	34
Mock_P02_1	3	337079	117
Mock_P02_1	3	337079	293
Mock_P02_1	3	337079	69
Mock_P02_1	3	337079	99
Mock_P02_1	3	337079	95
Mock_P02_1	3	337079	156
Mock_P02_1	3	337079	140
Mock_P02_1	3	337079	80
Mock_P02_1	3	337079	110
Mock_P02_1	3	337079	143
Mock_P02_1	3	337079	78
Mock_P02_1	3	337079	130
Mock_P02_1	3	337079	132
Mock_P02_1	3	337079	169
Mock_P02_1	3	337079	104
Mock_P02_1	3	337079	36
Mock_P02_1	3	337079	116
Mock_P02_1	3	337079	108
Mock_P02_1	3	337079	97
Mock_P02_1	3	337079	304
Mock_P02_1	3	337079	105
Mock_P02_1	3	337079	105
Mock_P02_1	3	337079	71
Mock_P02_1	3	337079	134
Mock_P02_1	3	337079	71
Mock_P02_1	3	337079	197
Mock_P02_1	3	337079	181
Mock_P02_1	3	337079	138
Mock_P02_1	3	337079	94
Mock_P02_1	3	337079	104
Mock_P02_1	3	337079	63
Mock_P02_1	3	337079	93
Mock_P02_1	3	337079	96
Mock_P02_1	3	337079	83
Mock_P02_1	3	337079	134
Mock_P02_1	3	337079	63
Mock_P02_1	3	337079	50
Mock_P02_1	3	337079	101
Mock_P02_1	3	337079	70
Mock_P02_1	3	337079	294
Mock_P02_1	3	337079	223
Mock_P02_1	3	337079	193
Mock_P02_1	3	337079	102
Mock_P02_1	3	337079	183
Mock_P02_1	3	337079	310
Mock_P02_1	3	337079	185
Mock_P02_1	3	337079	171
Mock_P02_1	3	337079	110
Mock_P02_1	3	337079	101
Mock_P02_1	3	337079	196
Mock_P02_1	3	337079	173
Mock_P02_1	3	337079	213
Mock_P02_1	3	337079	68
Mock_P02_1	3	337079	44
Mock_P02_1	3	337079	155
Mock_P02_1	3	337079	123
Mock_P02_1	3	337079	110
Mock_P02_1	3	337079	159
Mock_P02_1	3	337079	60
Mock_P02_1	3	337079	71
Mock_P02_1	3	337079	111
Mock_P02_1	3	337079	150
Mock_P02_1	3	337079	99
Mock_P02_1	3	337079	175
Mock_P02_1	3	337079	119
Mock_P02_1	3	337079	88
Mock_P02_1	3	337079	356
Mock_P02_1	3	337079	77
Mock_P02_1	3	337079	132
Mock_P02_1	3	337079	67
Mock_P02_1	3	337079	42
Mock_P02_1	3	337079	141
Mock_P02_1	3	337079	149
Mock_P02_1	3	337079	47
Mock_P02_1	3	337079	137
Mock_P02_1	3	337079	180
Mock_P02_1	3	337079	148
Mock_P02_1	3	337079	128
Mock_P02_1	3	337079	164
Mock_P02_1	3	337079	83
Mock_P02_1	3	337079	75
Mock_P02_1	3	337079	95
Mock_P02_1	3	337079	95
Mock_P02_1	3	337079	75
Mock_P02_1	3	337079	112
Mock_P02_1	3	337079	193
Mock_P02_1	3	337079	145
Mock_P02_1	3	337079	88
Mock_P02_1	3	337079	80
Mock_P02_1	3	337079	55
Mock_P02_1	3	337079	45
Mock_P02_1	3	337079	117
Mock_P02_1	3	337079	283
Mock_P02_1	4	323775	131
Mock_P02_1	4	323775	103
Mock_P02_1	4	323775	124
Mock_P02_1	4	323775	57
Mock_P02_1	4	323775	106
Mock_P02_1	4	323775	144
Mock_P02_1	4	323775	112
Mock_P02_1	4	323775	169
Mock_P02_1	4	323775	196
Mock_P02_1	4	323775	100
Mock_P02_1	4	323775	62
Mock_P02_1	4	323775	72
Mock_P02_1	4	323775	175
Mock_P02_1	4	323775	167
Mock_P02_1	4	323775	121
Mock_P02_1	4	323775	90
Mock_P02_1	4	323775	146
Mock_P02_1	4	323775	115
Mock_P02_1	4	323775	557
Mock_P02_1	4	323775	90
Mock_P02_1	4	323775	119
Mock_P02_1	4	323775	165
Mock_P02_1	4	323775	117
Mock_P02_1	4	323775	152
Mock_P02_1	4	323775	58
Mock_P02_1	4	323775	140
Mock_P02_1	4	323775	178
Mock_P02_1	4	323775	335
Mock_P02_1	4	323775	99
Mock_P02_1	4	323775	89
Mock_P02_1	4	323775	71
Mock_P02_1	4	323775	100
Mock_P02_1	4	323775	62
Mock_P02_1	4	323775	64
Mock_P02_1	4	323775	76
Mock_P02_1	4	323775	188
Mock_P02_1	4	323775	159
Mock_P02_1	4	323775	72
Mock_P02_1	4	323775	132
Mock_P02_1	4	323775	41
Mock_P02_1	4	323775	155
Mock_P02_1	4	323775	80
Mock_P02_1	4	323775	142
Mock_P02_1	4	323775	91
Mock_P02_1	4	323775	92
Mock_P02_1	4	323775	164
Mock_P02_1	4	323775	266
Mock_P02_1	4	323775	153
Mock_P02_1	4	323775	57
Mock_P02_1	4	323775	109
Mock_P02_1	4	323775	115
Mock_P02_1	4	323775	104
Mock_P02_1	4	323775	139
Mock_P02_1	4	323775	107
Mock_P02_1	4	323775	109
Mock_P02_1	4	323775	50
Mock_P02_1	4	323775	40
Mock_P02_1	4	323775	44
Mock_P02_1	4	323775	83
Mock_P02_1	4	323775	19
Mock_P02_1	4	323775	69
Mock_P02_1	4	323775	73
Mock_P02_1	4	323775	111
Mock_P02_1	4	323775	62
Mock_P02_1	4	323775	68
Mock_P02_1	4	323775	65
Mock_P02_1	4	323775	76
Mock_P02_1	4	323775	49
Mock_P02_1	4	323775	42
Mock_P02_1	4	323775	60
Mock_P02_1	4	323775	34
Mock_P02_1	4	323775	18
Mock_P02_1	4	323775	94
Mock_P02_1	4	323775	141
Mock_P02_1	4	323775	82
Mock_P02_1	4	323775	42
Mock_P02_1	4	323775	34
Mock_P02_1	4	323775	43
Mock_P02_1	4	323775	122
Mock_P02_1	4	323775	51
Mock_P02_1	4	323775	58
Mock_P02_1	4	323775	77
Mock_P02_1	4	323775	88
Mock_P02_1	4	323775	68
Mock_P02_1	4	323775	92
Mock_P02_1	4	323775	81
Mock_P02_1	4	323775	89
Mock_P02_1	4	323775	94
Mock_P02_1	4	323775	51
Mock_P02_1	4	323775	72
Mock_P02_1	4	323775	36
Mock_P02_1	4	323775	76
Mock_P02_1	4	323775	59
Mock_P02_1	4	323775	133
Mock_P02_1	4	323775	232
Mock_P02_1	4	323775	66
Mock_P02_1	4	323775	81
Mock_P02_1	4	323775	120
Mock_P02_1	5	381501	52
Mock_P02_1	5	381501	177
Mock_P02_1	5	381501	75
Mock_P02_1	5	381501	116
Mock_P02_1	5	381501	167
Mock_P02_1	5	381501	134
Mock_P02_1	5	381501	73
Mock_P02_1	5	381501	166
Mock_P02_1	5	381501	39
Mock_P02_1	5	381501	80
Mock_P02_1	5	381501	219
Mock_P02_1	5	381501	82
Mock_P02_1	5	381501	98
Mock_P02_1	5	381501	66
Mock_P02_1	5	381501	131
Mock_P02_1	5	381501	136
Mock_P02_1	5	381501	129
Mock_P02_1	5	381501	233
Mock_P02_1	5	381501	211
Mock_P02_1	5	381501	103
Mock_P02_1	5	381501	117
Mock_P02_1	5	381501	157
Mock_P02_1	5	381501	107
Mock_P02_1	5	381501	273
Mock_P02_1	5	381501	97
Mock_P02_1	5	381501	54
Mock_P02_1	5	381501	335
Mock_P02_1	5	381501	90
Mock_P02_1	5	381501	126
Mock_P02_1	5	381501	160
Mock_P02_1	5	381501	138
Mock_P02_1	5	381501	36
Mock_P02_1	5	381501	74
Mock_P02_1	5	381501	37
Mock_P02_1	5	381501	94
Mock_P02_1	5	381501	46
Mock_P02_1	5	381501	58
Mock_P02_1	5	381501	128
Mock_P02_1	5	381501	47
Mock_P02_1	5	381501	469
Mock_P02_1	5	381501	211
Mock_P02_1	5	381501	65
Mock_P02_1	5	381501	117
Mock_P02_1	5	381501	132
Mock_P02_1	5	381501	168
Mock_P02_1	5	381501	182
Mock_P02_1	5	381501	116
Mock_P02_1	5	381501	21
Mock_P02_1	5	381501	129
Mock_P02_1	5	381501	111
Mock_P02_1	5	381501	101
Mock_P02_1	5	381501	53
Mock_P02_1	5	381501	70
Mock_P02_1	5	381501	109
Mock_P02_1	5	381501	81
Mock_P02_1	5	381501	117
Mock_P02_1	5	381501	107
Mock_P02_1	5	381501	105
Mock_P02_1	5	381501	97
Mock_P02_1	5	381501	76
Mock_P02_1	5	381501	108
Mock_P02_1	5	381501	194
Mock_P02_1	5	381501	137
Mock_P02_1	5	381501	233
Mock_P02_1	5	381501	86
Mock_P02_1	5	381501	119
Mock_P02_1	5	381501	82
Mock_P02_1	5	381501	82
Mock_P02_1	5	381501	78
Mock_P02_1	5	381501	107
Mock_P02_1	5	381501	100
Mock_P02_1	5	381501	147
Mock_P02_1	5	381501	144
Mock_P02_1	5	381501	274
Mock_P02_1	5	381501	103
Mock_P02_1	5	381501	27
Mock_P02_1	5	381501	103
Mock_P02_1	5	381501	99
Mock_P02_1	5	381501	162
Mock_P02_1	5	381501	92
Mock_P02_1	5	381501	212
Mock_P02_1	5	381501	96
Mock_P02_1	5	381501	107
Mock_P02_1	5	381501	178
Mock_P02_1	5	381501	79
Mock_P02_1	5	381501	80
Mock_P02_1	5	381501	88
Mock_P02_1	5	381501	75
Mock_P02_1	5	381501	381
Mock_P02_1	5	381501	111
Mock_P02_1	5	381501	244
Mock_P02_1	5	381501	125
Mock_P02_1	5	381501	99
Mock_P02_1	5	381501	51
Mock_P02_1	5	381501	98
Mock_P02_1	5	381501	94
Mock_P02_1	5	381501	89
Mock_P02_1	5	381501	124
Mock_P02_1	5	381501	107
Mock_P02_1	5	381501	92
Mock_P02_1	5	381501	77
Mock_P02_1	5	381501	87
Mock_P02_1	5	381501	77
Mock_P02_1	5	381501	32
Mock_P02_1	5	381501	102
Mock_P02_1	5	381501	128
Mock_P02_1	5	381501	83
Mock_P02_1	5	381501	101
Mock_P02_1	5	381501	52
Mock_P02_1	5	381501	148
Mock_P02_1	5	381501	267
Mock_P02_1	5	381501	49
Mock_P02_1	5	381501	281
Mock_P02_1	5	381501	45
Mock_P02_1	5	381501	119
Mock_P02_1	5	381501	122
Mock_P02_1	5	381501	95
Mock_P02_1	5	381501	155
Mock_P02_1	5	381501	77
Mock_P02_1	5	381501	167
Mock_P02_1	5	381501	210
Mock_P02_1	5	381501	118
Mock_P02_1	5	381501	120
Mock_P02_1	5	381501	145
Mock_P02_1	5	381501	90
Mock_P02_1	5	381501	69
Mock_P02_1	5	381501	84
Mock_P02_1	5	381501	84
Mock_P02_1	5	381501	317
Mock_P02_1	5	381501	141
Mock_P02_1	5	381501	212
Mock_P02_1	5	381501	64
Mock_P02_1	5	381501	119
Mock_P02_1	5	381501	89
Mock_P02_1	5	381501	174
Mock_P02_1	5	381501	205
Mock_P02_1	5	381501	85
Mock_P02_1	5	381501	78
Mock_P02_1	5	381501	62
Mock_P02_1	5	381501	135
Mock_P02_1	5	381501	37
Mock_P02_1	5	381501	103
Mock_P02_1	5	381501	53
Mock_P02_1	5	381501	129
Mock_P02_1	5	381501	128
Mock_P02_1	5	381501	137
Mock_P02_1	5	381501	254
Mock_P02_1	5	381501	145
Mock_P02_1	5	381501	69
Mock_P02_1	5	381501	117
Mock_P02_1	5	381501	142
Mock_P02_1	5	381501	111
Mock_P02_1	5	381501	96
Mock_P02_1	5	381501	78
Mock_P02_1	5	381501	193
Mock_P02_1	5	381501	82
Mock_P02_1	5	381501	128
Mock_P02_1	5	381501	107
Mock_P02_1	5	381501	79
Mock_P02_1	5	381501	63
Mock_P02_1	5	381501	119
Mock_P02_1	5	381501	67
Mock_P02_1	5	381501	78
Mock_P02_1	5	381501	74
Mock_P02_1	5	381501	119
Mock_P02_1	5	381501	123
Mock_P02_1	5	381501	128
Mock_P02_1	5	381501	141
Mock_P02_1	5	381501	158
Mock_P02_1	5	381501	77
Mock_P02_1	5	381501	217
Mock_P02_1	5	381501	214
Mock_P02_1	5	381501	135
Mock_P02_1	5	381501	89
Mock_P02_1	5	381501	111
Mock_P02_1	5	381501	96
Mock_P02_1	5	381501	193
Mock_P02_1	5	381501	128
Mock_P02_1	5	381501	82
Mock_P02_1	5	381501	114
Mock_P02_1	5	381501	128
Mock_P02_1	5	381501	144
Mock_P02_1	5	381501	335
Mock_P02_1	5	381501	142
Mock_P02_1	5	381501	65
Mock_P02_1	5	381501	112
Mock_P02_1	5	381501	150
Mock_P02_1	5	381501	127
Mock_P02_1	5	381501	170
Mock_P02_1	5	381501	369
Mock_P02_1	5	381501	76
Mock_P02_1	5	381501	108
Mock_P02_1	5	381501	100
Mock_P02_1	5	381501	206
Mock_P02_1	5	381501	95
Mock_P02_1	5	381501	110
Mock_P02_1	5	381501	184
Mock_P02_1	5	381501	70
Mock_P02_1	5	381501	156
Mock_P02_1	5	381501	282
Mock_P02_1	5	381501	72
Mock_P02_1	5	381501	90
Mock_P02_1	5	381501	148
Mock_P02_1	5	381501	198
Mock_P02_1	5	381501	111
Mock_P02_1	5	381501	55
Mock_P02_1	5	381501	105
Mock_P02_1	5	381501	122
Mock_P02_1	5	381501	100
Mock_P02_1	5	381501	16
Mock_P02_1	6	387370	22
Mock_P02_1	6	387370	59
Mock_P02_1	6	387370	149
Mock_P02_1	6	387370	13
Mock_P02_1	6	387370	85
Mock_P02_1	6	387370	79
Mock_P02_1	6	387370	41
Mock_P02_1	6	387370	54
Mock_P02_1	6	387370	29
Mock_P02_1	6	387370	228
Mock_P02_1	6	387370	110
Mock_P02_1	6	387370	58
Mock_P02_1	6	387370	63
Mock_P02_1	6	387370	133
Mock_P02_1	6	387370	113
Mock_P02_1	6	387370	32
Mock_P02_1	6	387370	106
Mock_P02_1	6	387370	75
Mock_P02_1	6	387370	67
Mock_P02_1	6	387370	68
Mock_P02_1	6	387370	229
Mock_P02_1	6	387370	121
Mock_P02_1	6	387370	103
Mock_P02_1	6	387370	77
Mock_P02_1	6	387370	278
Mock_P02_1	6	387370	53
Mock_P02_1	6	387370	91
Mock_P02_1	6	387370	82
Mock_P02_1	6	387370	68
Mock_P02_1	6	387370	173
Mock_P02_1	6	387370	52
Mock_P02_1	6	387370	121
Mock_P02_1	6	387370	86
Mock_P02_1	6	387370	45
Mock_P02_1	6	387370	39
Mock_P02_1	6	387370	48
Mock_P02_1	6	387370	83
Mock_P02_1	6	387370	128
Mock_P02_1	6	387370	58
Mock_P02_1	6	387370	92
Mock_P02_1	6	387370	85
Mock_P02_1	6	387370	212
Mock_P02_1	6	387370	163
Mock_P02_1	6	387370	59
Mock_P02_1	6	387370	158
Mock_P02_1	6	387370	31
Mock_P02_1	6	387370	126
Mock_P02_1	6	387370	113
Mock_P02_1	6	387370	236
Mock_P02_1	6	387370	129
Mock_P02_1	6	387370	113
Mock_P02_1	6	387370	158
Mock_P02_1	6	387370	125
Mock_P02_1	6	387370	222
Mock_P02_1	6	387370	120
Mock_P02_1	6	387370	133
Mock_P02_1	6	387370	110
Mock_P02_1	6	387370	128
Mock_P02_1	6	387370	194
Mock_P02_1	6	387370	64
Mock_P02_1	6	387370	194
Mock_P02_1	6	387370	123
Mock_P02_1	6	387370	89
Mock_P02_1	6	387370	162
Mock_P02_1	6	387370	83
Mock_P02_1	6	387370	176
Mock_P02_1	6	387370	132
Mock_P02_1	6	387370	199
Mock_P02_1	6	387370	127
Mock_P02_1	6	387370	50
Mock_P02_1	6	387370	177
Mock_P02_1	6	387370	128
Mock_P02_1	6	387370	44
Mock_P02_1	6	387370	80
Mock_P02_1	6	387370	205
Mock_P02_1	6	387370	117
Mock_P02_1	6	387370	73
Mock_P02_1	6	387370	60
Mock_P02_1	6	387370	126
Mock_P02_1	6	387370	66
Mock_P02_1	6	387370	98
Mock_P02_1	6	387370	117
Mock_P02_1	6	387370	118
Mock_P02_1	6	387370	127
Mock_P02_1	6	387370	110
Mock_P02_1	6	387370	69
Mock_P02_1	6	387370	94
Mock_P02_1	6	387370	145
Mock_P02_1	6	387370	63
Mock_P02_1	6	387370	113
Mock_P02_1	6	387370	32
Mock_P02_1	6	387370	62
Mock_P02_1	6	387370	101
Mock_P02_1	6	387370	108
Mock_P02_1	6	387370	48
Mock_P02_1	6	387370	109
Mock_P02_1	6	387370	117
Mock_P02_1	6	387370	230
Mock_P02_1	6	387370	75
Mock_P02_1	6	387370	162
Mock_P02_1	6	387370	91
Mock_P02_1	6	387370	146
Mock_P02_1	6	387370	101
Mock_P02_1	6	387370	83
Mock_P02_1	6	387370	50
Mock_P02_1	6	387370	103
Mock_P02_1	6	387370	190
Mock_P02_1	6	387370	104
Mock_P02_1	6	387370	149
Mock_P02_1	6	387370	98
Mock_P02_1	6	387370	90
Mock_P02_1	6	387370	69
Mock_P02_1	6	387370	89
Mock_P02_1	6	387370	97
Mock_P02_1	6	387370	126
Mock_P02_1	6	387370	166
Mock_P02_1	6	387370	63
Mock_P02_1	6	387370	55
Mock_P02_1	6	387370	83
Mock_P02_1	6	387370	86
Mock_P02_1	6	387370	63
Mock_P02_1	6	387370	87
Mock_P02_1	6	387370	96
Mock_P02_1	6	387370	38
Mock_P02_1	6	387370	76
Mock_P02_1	6	387370	118
Mock_P02_1	6	387370	76
Mock_P02_1	6	387370	120
Mock_P02_1	6	387370	86
Mock_P02_1	6	387370	48
Mock_P02_1	6	387370	114
Mock_P02_1	6	387370	101
Mock_P02_1	6	387370	94
Mock_P02_1	6	387370	69
Mock_P02_1	6	387370	57
Mock_P02_1	6	387370	82
Mock_P02_1	6	387370	25
Mock_P02_1	6	387370	57
Mock_P02_1	6	387370	106
Mock_P02_1	6	387370	141
Mock_P02_1	6	387370	62
Mock_P02_1	6	387370	79
Mock_P02_1	6	387370	79
Mock_P02_1	6	387370	121
Mock_P02_1	6	387370	97
Mock_P02_1	6	387370	60
Mock_P02_1	6	387370	44
Mock_P02_1	6	387370	40
Mock_P02_1	6	387370	80
Mock_P02_1	6	387370	49
Mock_P02_1	6	387370	56
Mock_P02_1	6	387370	72
Mock_P02_1	6	387370	84
Mock_P02_1	6	387370	42
Mock_P02_1	6	387370	33
Mock_P02_1	6	387370	134
Mock_P02_1	6	387370	55
Mock_P02_1	6	387370	146
Mock_P02_1	6	387370	23
Mock_P02_1	6	387370	57
Mock_P02_1	6	387370	62
Mock_P02_1	6	387370	233
Mock_P02_1	6	387370	134
Mock_P02_1	6	387370	55
Mock_P02_1	7	365227	35
Mock_P02_1	7	365227	62
Mock_P02_1	7	365227	82
Mock_P02_1	7	365227	44
Mock_P02_1	7	365227	31
Mock_P02_1	7	365227	81
Mock_P02_1	7	365227	53
Mock_P02_1	7	365227	65
Mock_P02_1	7	365227	71
Mock_P02_1	7	365227	93
Mock_P02_1	7	365227	10
Mock_P02_1	7	365227	54
Mock_P02_1	7	365227	59
Mock_P02_1	7	365227	187
Mock_P02_1	7	365227	58
Mock_P02_1	7	365227	90
Mock_P02_1	7	365227	68
Mock_P02_1	7	365227	38
Mock_P02_1	7	365227	80
Mock_P02_1	7	365227	62
Mock_P02_1	7	365227	154
Mock_P02_1	7	365227	54
Mock_P02_1	7	365227	37
Mock_P02_1	7	365227	101
Mock_P02_1	7	365227	44
Mock_P02_1	7	365227	54
Mock_P02_1	7	365227	83
Mock_P02_1	7	365227	46
Mock_P02_1	7	365227	63
Mock_P02_1	7	365227	111
Mock_P02_1	7	365227	19
Mock_P02_1	7	365227	71
Mock_P02_1	7	365227	133
Mock_P02_1	7	365227	39
Mock_P02_1	7	365227	50
Mock_P02_1	7	365227	122
Mock_P02_1	7	365227	79
Mock_P02_1	7	365227	96
Mock_P02_1	7	365227	75
Mock_P02_1	7	365227	80
Mock_P02_1	7	365227	86
Mock_P02_1	7	365227	79
Mock_P02_1	7	365227	14
Mock_P02_1	7	365227	95
Mock_P02_1	7	365227	33
Mock_P02_1	7	365227	66
Mock_P02_1	7	365227	194
Mock_P02_1	7	365227	57
Mock_P02_1	7	365227	53
Mock_P02_1	7	365227	63
Mock_P02_1	7	365227	60
Mock_P02_1	7	365227	27
Mock_P02_1	7	365227	61
Mock_P02_1	7	365227	41
Mock_P02_1	7	365227	62
Mock_P02_1	7	365227	139
Mock_P02_1	7	365227	83
Mock_P02_1	7	365227	45
Mock_P02_1	7	365227	43
Mock_P02_1	7	365227	53
Mock_P02_1	7	365227	68
Mock_P02_1	7	365227	44
Mock_P02_1	7	365227	78
Mock_P02_1	7	365227	78
Mock_P02_1	7	365227	101
Mock_P02_1	7	365227	38
Mock_P02_1	7	365227	74
Mock_P02_1	7	365227	66
Mock_P02_1	7	365227	112
Mock_P02_1	7	365227	124
Mock_P02_1	7	365227	79
Mock_P02_1	7	365227	47
Mock_P02_1	7	365227	101
Mock_P02_1	7	365227	131
Mock_P02_1	7	365227	58
Mock_P02_1	7	365227	173
Mock_P02_1	7	365227	45
Mock_P02_1	7	365227	73
Mock_P02_1	7	365227	56
Mock_P02_1	7	365227	60
Mock_P02_1	7	365227	107
Mock_P02_1	7	365227	98
Mock_P02_1	7	365227	72
Mock_P02_1	7	365227	136
Mock_P02_1	7	365227	45
Mock_P02_1	7	365227	214
Mock_P02_1	7	365227	43
Mock_P02_1	7	365227	71
Mock_P02_1	7	365227	115
Mock_P02_1	7	365227	82
Mock_P02_1	7	365227	88
Mock_P02_1	7	365227	97
Mock_P02_1	7	365227	74
Mock_P02_1	7	365227	98
Mock_P02_1	7	365227	68
Mock_P02_1	7	365227	66
Mock_P02_1	7	365227	86
Mock_P02_1	7	365227	139
Mock_P02_1	7	365227	59
Mock_P02_1	7	365227	90
Mock_P02_1	7	365227	84
Mock_P02_1	7	365227	81
Mock_P02_1	7	365227	77
Mock_P02_1	7	365227	132
Mock_P02_1	7	365227	41
Mock_P02_1	7	365227	61
Mock_P02_1	7	365227	67
Mock_P02_1	7	365227	108
Mock_P02_1	7	365227	44
Mock_P02_1	7	365227	100
Mock_P02_1	7	365227	94
Mock_P02_1	7	365227	85
Mock_P02_1	7	365227	19
Mock_P02_1	7	365227	23
Mock_P02_1	7	365227	129
Mock_P02_1	7	365227	89
Mock_P02_1	7	365227	90
Mock_P02_1	7	365227	128
Mock_P02_1	7	365227	61
Mock_P02_1	7	365227	49
Mock_P02_1	7	365227	46
Mock_P02_1	7	365227	69
Mock_P02_1	7	365227	56
Mock_P02_1	7	365227	54
Mock_P02_1	7	365227	100
Mock_P02_1	7	365227	130
Mock_P02_1	7	365227	18
Mock_P02_1	7	365227	27
Mock_P02_1	7	365227	20
Mock_P02_1	7	365227	55
Mock_P02_1	7	365227	98
Mock_P02_1	7	365227	151
Mock_P02_1	7	365227	238
Mock_P02_1	7	365227	68
Mock_P02_1	7	365227	69
Mock_P02_1	7	365227	59
Mock_P02_1	7	365227	81
Mock_P02_1	7	365227	110
Mock_P02_1	7	365227	134
Mock_P02_1	7	365227	72
Mock_P02_1	7	365227	58
Mock_P02_1	7	365227	135
Mock_P02_1	7	365227	192
Mock_P02_1	7	365227	88
Mock_P02_1	7	365227	60
Mock_P02_1	7	365227	136
Mock_P02_1	7	365227	86
Mock_P02_1	7	365227	91
Mock_P02_1	7	365227	106
Mock_P02_1	7	365227	117
Mock_P02_1	7	365227	101
Mock_P02_1	7	365227	101
Mock_P02_1	7	365227	276
Mock_P02_1	7	365227	29
Mock_P02_1	7	365227	101
Mock_P02_1	7	365227	226
Mock_P02_1	7	365227	30
Mock_P02_1	7	365227	194
Mock_P02_1	7	365227	79
Mock_P02_1	7	365227	91
Mock_P02_1	7	365227	100
Mock_P02_1	7	365227	111
Mock_P02_1	7	365227	20
Mock_P02_1	7	365227	78
Mock_P02_1	7	365227	95
Mock_P02_1	7	365227	92
Mock_P02_1	7	365227	125
Mock_P02_1	7	365227	119
Mock_P02_1	7	365227	44
Mock_P02_1	7	365227	136
Mock_P02_1	7	365227	117
Mock_P02_1	7	365227	123
Mock_P02_1	7	365227	53
Mock_P02_1	7	365227	167
Mock_P02_1	7	365227	55
Mock_P02_1	7	365227	136
Mock_P02_1	7	365227	98
Mock_P02_1	7	365227	56
Mock_P02_1	7	365227	96
Mock_P02_1	7	365227	113
Mock_P02_1	7	365227	58
Mock_P02_1	7	365227	147
Mock_P02_1	7	365227	59
Mock_P02_1	7	365227	33
Mock_P02_1	7	365227	93
Mock_P02_1	7	365227	100
Mock_P02_1	7	365227	114
Mock_P02_1	7	365227	62
Mock_P02_1	7	365227	64
Mock_P02_1	7	365227	66
Mock_P02_1	7	365227	153
Mock_P02_1	7	365227	29
Mock_P02_1	7	365227	137
Mock_P02_1	8	354502	47
Mock_P02_1	8	354502	71
Mock_P02_1	8	354502	59
Mock_P02_1	8	354502	70
Mock_P02_1	8	354502	32
Mock_P02_1	8	354502	114
Mock_P02_1	8	354502	75
Mock_P02_1	8	354502	54
Mock_P02_1	8	354502	55
Mock_P02_1	8	354502	164
Mock_P02_1	8	354502	73
Mock_P02_1	8	354502	137
Mock_P02_1	8	354502	102
Mock_P02_1	8	354502	118
Mock_P02_1	8	354502	89
Mock_P02_1	8	354502	203
Mock_P02_1	8	354502	84
Mock_P02_1	8	354502	105
Mock_P02_1	8	354502	99
Mock_P02_1	8	354502	140
Mock_P02_1	8	354502	147
Mock_P02_1	8	354502	197
Mock_P02_1	8	354502	138
Mock_P02_1	8	354502	104
Mock_P02_1	8	354502	95
Mock_P02_1	8	354502	87
Mock_P02_1	8	354502	89
Mock_P02_1	8	354502	106
Mock_P02_1	8	354502	77
Mock_P02_1	8	354502	86
Mock_P02_1	8	354502	243
Mock_P02_1	8	354502	89
Mock_P02_1	8	354502	80
Mock_P02_1	8	354502	87
Mock_P02_1	8	354502	119
Mock_P02_1	8	354502	83
Mock_P02_1	8	354502	75
Mock_P02_1	8	354502	76
Mock_P02_1	8	354502	171
Mock_P02_1	8	354502	207
Mock_P02_1	8	354502	123
Mock_P02_1	8	354502	48
Mock_P02_1	8	354502	19
Mock_P02_1	8	354502	106
Mock_P02_1	8	354502	153
Mock_P02_1	8	354502	68
Mock_P02_1	8	354502	113
Mock_P02_1	8	354502	127
Mock_P02_1	8	354502	109
Mock_P02_1	8	354502	136
Mock_P02_1	8	354502	72
Mock_P02_1	8	354502	103
Mock_P02_1	8	354502	222
Mock_P02_1	8	354502	103
Mock_P02_1	8	354502	67
Mock_P02_1	8	354502	140
Mock_P02_1	8	354502	167
Mock_P02_1	8	354502	65
Mock_P02_1	8	354502	32
Mock_P02_1	8	354502	137
Mock_P02_1	8	354502	175
Mock_P02_1	8	354502	395
Mock_P02_1	8	354502	53
Mock_P02_1	8	354502	128
Mock_P02_1	8	354502	72
Mock_P02_1	8	354502	112
Mock_P02_1	8	354502	80
Mock_P02_1	8	354502	59
Mock_P02_1	8	354502	118
Mock_P02_1	8	354502	136
Mock_P02_1	8	354502	93
Mock_P02_1	8	354502	82
Mock_P02_1	8	354502	99
Mock_P02_1	8	354502	93
Mock_P02_1	8	354502	103
Mock_P02_1	8	354502	83
Mock_P02_1	8	354502	157
Mock_P02_1	8	354502	140
Mock_P02_1	8	354502	157
Mock_P02_1	8	354502	82
Mock_P02_1	8	354502	151
Mock_P02_1	8	354502	59
Mock_P02_1	8	354502	73
Mock_P02_1	8	354502	140
Mock_P02_1	8	354502	62
Mock_P02_1	8	354502	82
Mock_P02_1	8	354502	99
Mock_P02_1	8	354502	100
Mock_P02_1	8	354502	291
Mock_P02_1	8	354502	125
Mock_P02_1	8	354502	208
Mock_P02_1	8	354502	49
Mock_P02_1	8	354502	75
Mock_P02_1	8	354502	108
Mock_P02_1	8	354502	122
Mock_P02_1	8	354502	121
Mock_P02_1	8	354502	215
Mock_P02_1	8	354502	142
Mock_P02_1	8	354502	130
Mock_P02_1	8	354502	56
Mock_P02_1	8	354502	45
Mock_P02_1	8	354502	77
Mock_P02_1	8	354502	136
Mock_P02_1	8	354502	108
Mock_P02_1	8	354502	99
Mock_P02_1	8	354502	102
Mock_P02_1	8	354502	12
Mock_P02_1	8	354502	123
Mock_P02_1	8	354502	110
Mock_P02_1	8	354502	91
Mock_P02_1	8	354502	21
Mock_P02_1	8	354502	110
Mock_P02_1	8	354502	92
Mock_P02_1	8	354502	254
Mock_P02_1	8	354502	149
Mock_P02_1	8	354502	54
Mock_P02_1	8	354502	110
Mock_P02_1	8	354502	78
Mock_P02_1	8	354502	117
Mock_P02_1	8	354502	87
Mock_P02_1	8	354502	36
Mock_P02_1	8	354502	19
Mock_P02_1	8	354502	124
Mock_P02_1	8	354502	172
Mock_P02_1	8	354502	73
Mock_P02_1	8	354502	101
Mock_P02_1	8	354502	131
Mock_P02_1	8	354502	133
Mock_P02_1	8	354502	143
Mock_P02_1	8	354502	65
Mock_P02_1	8	354502	74
Mock_P02_1	8	354502	73
Mock_P02_1	8	354502	90
Mock_P02_1	8	354502	265
Mock_P02_1	8	354502	32
Mock_P02_1	8	354502	78
Mock_P02_1	8	354502	59
Mock_P02_1	8	354502	44
Mock_P02_1	8	354502	88
Mock_P02_1	8	354502	110
Mock_P02_1	8	354502	93
Mock_P02_1	8	354502	41
Mock_P02_1	8	354502	25
Mock_P02_1	8	354502	94
Mock_P02_1	8	354502	104
Mock_P02_1	8	354502	62
Mock_P02_1	8	354502	37
Mock_P02_1	8	354502	63
Mock_P02_1	8	354502	95
Mock_P02_1	8	354502	16
Mock_P02_1	8	354502	32
Mock_P02_1	8	354502	86
Mock_P02_1	8	354502	63
Mock_P02_1	8	354502	136
Mock_P02_1	8	354502	30
Mock_P02_1	8	354502	41
Mock_P02_1	8	354502	124
Mock_P02_1	8	354502	80
Mock_P02_1	8	354502	62
Mock_P02_1	8	354502	139
Mock_P02_1	8	354502	174
Mock_P02_1	8	354502	78
Mock_P02_1	8	354502	41
Mock_P02_1	8	354502	141
Mock_P02_1	8	354502	45
Mock_P02_1	8	354502	232
Mock_P02_1	8	354502	55
Mock_P02_1	8	354502	95
Mock_P02_1	8	354502	86
Mock_P02_1	8	354502	72
Mock_P02_1	8	354502	87
Mock_P02_1	8	354502	49
Mock_P02_1	8	354502	82
Mock_P02_1	8	354502	105
Mock_P02_1	8	354502	20
Mock_P02_1	8	354502	30
Mock_P02_1	8	354502	100
Mock_P02_1	8	354502	64
Mock_P02_1	8	354502	84
Mock_P02_1	8	354502	139
Mock_P02_1	8	354502	69
Mock_P02_1	8	354502	88
Mock_P02_1	8	354502	149
Mock_P02_1	8	354502	63
Mock_P02_1	8	354502	86
Mock_P02_1	8	354502	40
Mock_P02_1	8	354502	98
Mock_P02_1	8	354502	29
Mock_P02_1	8	354502	143
Mock_P02_1	8	354502	108
Mock_P02_1	8	354502	73
Mock_P02_1	8	354502	102
Mock_P02_1	8	354502	152
Mock_P02_1	8	354502	113
Mock_P02_1	8	354502	81
Mock_P02_1	8	354502	86
Mock_P02_1	8	354502	217
Mock_P02_1	8	354502	80
Mock_P02_1	8	354502	53
Mock_P02_1	8	354502	65
Mock_P02_1	8	354502	54
Mock_P02_1	8	354502	78
Mock_P02_1	8	354502	68
Mock_P02_1	8	354502	83
Mock_P02_1	8	354502	118
Mock_P02_1	8	354502	29
Mock_P02_1	8	354502	17
Mock_P02_1	8	354502	87
Mock_P02_1	8	354502	116
Mock_P02_1	8	354502	108
Mock_P02_1	8	354502	136
Mock_P02_1	8	354502	119
Mock_P02_1	8	354502	97
Mock_P02_1	9	341649	41
Mock_P02_1	9	341649	95
Mock_P02_1	9	341649	131
Mock_P02_1	9	341649	102
Mock_P02_1	9	341649	115
Mock_P02_1	9	341649	60
Mock_P02_1	9	341649	51
Mock_P02_1	9	341649	24
Mock_P02_1	9	341649	92
Mock_P02_1	9	341649	63
Mock_P02_1	9	341649	89
Mock_P02_1	9	341649	78
Mock_P02_1	9	341649	92
Mock_P02_1	9	341649	108
Mock_P02_1	9	341649	68
Mock_P02_1	9	341649	94
Mock_P02_1	9	341649	64
Mock_P02_1	9	341649	106
Mock_P02_1	9	341649	80
Mock_P02_1	9	341649	53
Mock_P02_1	9	341649	108
Mock_P02_1	9	341649	73
Mock_P02_1	9	341649	80
Mock_P02_1	9	341649	38
Mock_P02_1	9	341649	105
Mock_P02_1	9	341649	95
Mock_P02_1	9	341649	56
Mock_P02_1	9	341649	93
Mock_P02_1	9	341649	79
Mock_P02_1	9	341649	42
Mock_P02_1	9	341649	196
Mock_P02_1	9	341649	112
Mock_P02_1	9	341649	74
Mock_P02_1	9	341649	115
Mock_P02_1	9	341649	241
Mock_P02_1	9	341649	32
Mock_P02_1	9	341649	157
Mock_P02_1	9	341649	64
Mock_P02_1	9	341649	72
Mock_P02_1	9	341649	38
Mock_P02_1	9	341649	70
Mock_P02_1	9	341649	163
Mock_P02_1	9	341649	66
Mock_P02_1	9	341649	30
Mock_P02_1	9	341649	68
Mock_P02_1	9	341649	70
Mock_P02_1	9	341649	98
Mock_P02_1	9	341649	71
Mock_P02_1	9	341649	36
Mock_P02_1	9	341649	102
Mock_P02_1	9	341649	38
Mock_P02_1	9	341649	77
Mock_P02_1	9	341649	92
Mock_P02_1	9	341649	75
Mock_P02_1	9	341649	214
Mock_P02_1	9	341649	62
Mock_P02_1	9	341649	66
Mock_P02_1	9	341649	91
Mock_P02_1	9	341649	19
Mock_P02_1	9	341649	83
Mock_P02_1	9	341649	128
Mock_P02_1	9	341649	155
Mock_P02_1	9	341649	122
Mock_P02_1	9	341649	147
Mock_P02_1	9	341649	45
Mock_P02_1	9	341649	86
Mock_P02_1	9	341649	76
Mock_P02_1	9	341649	31
Mock_P02_1	9	341649	172
Mock_P02_1	9	341649	78
Mock_P02_1	9	341649	51
Mock_P02_1	9	341649	100
Mock_P02_1	9	341649	86
Mock_P02_1	9	341649	99
Mock_P02_1	9	341649	95
Mock_P02_1	9	341649	63
Mock_P02_1	9	341649	224
Mock_P02_1	9	341649	139
Mock_P02_1	9	341649	130
Mock_P02_1	9	341649	106
Mock_P02_1	9	341649	96
Mock_P02_1	9	341649	186
Mock_P02_1	9	341649	98
Mock_P02_1	9	341649	138
Mock_P02_1	9	341649	140
Mock_P02_1	9	341649	186
Mock_P02_1	9	341649	61
Mock_P02_1	9	341649	60
Mock_P02_1	9	341649	74
Mock_P02_1	9	341649	47
Mock_P02_1	9	341649	251
Mock_P02_1	9	341649	190
Mock_P02_1	9	341649	151
Mock_P02_1	9	341649	56
Mock_P02_1	9	341649	70
Mock_P02_1	9	341649	116
Mock_P02_1	9	341649	87
Mock_P02_1	9	341649	172
Mock_P02_1	9	341649	61
Mock_P02_1	9	341649	74
Mock_P02_1	9	341649	76
Mock_P02_1	9	341649	59
Mock_P02_1	9	341649	108
Mock_P02_1	9	341649	248
Mock_P02_1	9	341649	105
Mock_P02_1	9	341649	45
Mock_P02_1	9	341649	54
Mock_P02_1	9	341649	131
Mock_P02_1	9	341649	181
Mock_P02_1	9	341649	101
Mock_P02_1	9	341649	108
Mock_P02_1	9	341649	85
Mock_P02_1	9	341649	97
Mock_P02_1	9	341649	44
Mock_P02_1	9	341649	30
Mock_P02_1	9	341649	65
Mock_P02_1	9	341649	99
Mock_P02_1	9	341649	68
Mock_P02_1	9	341649	32
Mock_P02_1	9	341649	120
Mock_P02_1	9	341649	61
Mock_P02_1	9	341649	68
Mock_P02_1	9	341649	69
Mock_P02_1	9	341649	76
Mock_P02_1	9	341649	75
Mock_P02_1	9	341649	95
Mock_P02_1	9	341649	69
Mock_P02_1	9	341649	109
Mock_P02_1	9	341649	105
Mock_P02_1	9	341649	110
Mock_P02_1	9	341649	83
Mock_P02_1	9	341649	119
Mock_P02_1	9	341649	42
Mock_P02_1	9	341649	160
Mock_P02_1	9	341649	118
Mock_P02_1	9	341649	41
Mock_P02_1	9	341649	80
Mock_P02_1	9	341649	144
Mock_P02_1	9	341649	69
Mock_P02_1	9	341649	107
Mock_P02_1	9	341649	62
Mock_P02_1	9	341649	115
Mock_P02_1	9	341649	119
Mock_P02_1	9	341649	121
Mock_P02_1	9	341649	51
Mock_P02_1	9	341649	75
Mock_P02_1	9	341649	208
Mock_P02_1	9	341649	87
Mock_P02_1	9	341649	72
Mock_P02_1	9	341649	137
Mock_P02_1	9	341649	48
Mock_P02_1	9	341649	62
Mock_P02_1	9	341649	124
Mock_P02_1	9	341649	63
Mock_P02_1	9	341649	71
Mock_P02_1	9	341649	26
Mock_P02_1	9	341649	18
Mock_P02_1	9	341649	50
Mock_P02_1	9	341649	128
Mock_P02_1	9	341649	128
Mock_P02_1	9	341649	183
Mock_P02_1	9	341649	59
Mock_P02_1	9	341649	39
Mock_P02_1	9	341649	61
Mock_P02_1	9	341649	192
Mock_P02_1	9	341649	24
Mock_P02_1	9	341649	54
Mock_P02_1	9	341649	287
Mock_P02_1	9	341649	87
Mock_P02_1	9	341649	81
Mock_P02_1	9	341649	52
Mock_P02_1	9	341649	55
Mock_P02_1	9	341649	79
Mock_P02_1	9	341649	78
Mock_P02_1	9	341649	86
Mock_P02_1	9	341649	80
Mock_P02_1	9	341649	146
Mock_P02_1	9	341649	75
Mock_P02_1	9	341649	18
Mock_P02_1	9	341649	87
Mock_P02_1	9	341649	101
Mock_P02_1	9	341649	77
Mock_P02_1	9	341649	202
Mock_P02_1	9	341649	76
Mock_P02_1	9	341649	112
Mock_P02_1	9	341649	345
Mock_P02_1	9	341649	61
Mock_P02_1	9	341649	58
Mock_P02_1	9	341649	171
Mock_P02_1	9	341649	54
Mock_P02_1	9	341649	127
Mock_P02_1	9	341649	60
Mock_P02_1	9	341649	111
Mock_P02_1	9	341649	198
Mock_P02_1	9	341649	64
Mock_P02_1	9	341649	91
Mock_P02_1	9	341649	87
Mock_P02_1	9	341649	81
Mock_P02_1	9	341649	70
Mock_P02_1	9	341649	81
Mock_P02_1	9	341649	97
Mock_P02_1	9	341649	49
Mock_P02_1	9	341649	149
Mock_P02_1	9	341649	73
Mock_P02_1	9	341649	135
Mock_P02_1	9	341649	48
Mock_P02_1	10	366293	63
Mock_P02_1	10	366293	82
Mock_P02_1	10	366293	160
Mock_P02_1	10	366293	111
Mock_P02_1	10	366293	45
Mock_P02_1	10	366293	101
Mock_P02_1	10	366293	110
Mock_P02_1	10	366293	145
Mock_P02_1	10	366293	146
Mock_P02_1	10	366293	136
Mock_P02_1	10	366293	52
Mock_P02_1	10	366293	205
Mock_P02_1	10	366293	60
Mock_P02_1	10	366293	111
Mock_P02_1	10	366293	110
Mock_P02_1	10	366293	101
Mock_P02_1	10	366293	203
Mock_P02_1	10	366293	78
Mock_P02_1	10	366293	164
Mock_P02_1	10	366293	120
Mock_P02_1	10	366293	175
Mock_P02_1	10	366293	70
Mock_P02_1	10	366293	121
Mock_P02_1	10	366293	97
Mock_P02_1	10	366293	137
Mock_P02_1	10	366293	36
Mock_P02_1	10	366293	62
Mock_P02_1	10	366293	165
Mock_P02_1	10	366293	95
Mock_P02_1	10	366293	98
Mock_P02_1	10	366293	30
Mock_P02_1	10	366293	192
Mock_P02_1	10	366293	103
Mock_P02_1	10	366293	89
Mock_P02_1	10	366293	103
Mock_P02_1	10	366293	53
Mock_P02_1	10	366293	76
Mock_P02_1	10	366293	205
Mock_P02_1	10	366293	122
Mock_P02_1	10	366293	108
Mock_P02_1	10	366293	105
Mock_P02_1	10	366293	293
Mock_P02_1	10	366293	124
Mock_P02_1	10	366293	87
Mock_P02_1	10	366293	198
Mock_P02_1	10	366293	67
Mock_P02_1	10	366293	113
Mock_P02_1	10	366293	273
Mock_P02_1	10	366293	193
Mock_P02_1	10	366293	78
Mock_P02_1	10	366293	113
Mock_P02_1	10	366293	140
Mock_P02_1	10	366293	63
Mock_P02_1	10	366293	87
Mock_P02_1	10	366293	86
Mock_P02_1	10	366293	124
Mock_P02_1	10	366293	117
Mock_P02_1	10	366293	105
Mock_P02_1	10	366293	205
Mock_P02_1	10	366293	65
Mock_P02_1	10	366293	141
Mock_P02_1	10	366293	65
Mock_P02_1	10	366293	75
Mock_P02_1	10	366293	75
Mock_P02_1	10	366293	141
Mock_P02_1	10	366293	123
Mock_P02_1	10	366293	125
Mock_P02_1	10	366293	162
Mock_P02_1	10	366293	113
Mock_P02_1	10	366293	108
Mock_P02_1	10	366293	46
Mock_P02_1	10	366293	52
Mock_P02_1	10	366293	201
Mock_P02_1	10	366293	62
Mock_P02_1	10	366293	119
Mock_P02_1	10	366293	129
Mock_P02_1	10	366293	156
Mock_P02_1	10	366293	122
Mock_P02_1	10	366293	83
Mock_P02_1	10	366293	43
Mock_P02_1	10	366293	93
Mock_P02_1	10	366293	49
Mock_P02_1	10	366293	73
Mock_P02_1	10	366293	171
Mock_P02_1	10	366293	63
Mock_P02_1	10	366293	73
Mock_P02_1	10	366293	134
Mock_P02_1	10	366293	55
Mock_P02_1	10	366293	142
Mock_P02_1	10	366293	96
Mock_P02_1	10	366293	178
Mock_P02_1	10	366293	26
Mock_P02_1	10	366293	139
Mock_P02_1	10	366293	109
Mock_P02_1	10	366293	42
Mock_P02_1	10	366293	95
Mock_P02_1	10	366293	105
Mock_P02_1	10	366293	71
Mock_P02_1	10	366293	68
Mock_P02_1	10	366293	106
Mock_P02_1	10	366293	113
Mock_P02_1	10	366293	92
Mock_P02_1	10	366293	76
Mock_P02_1	10	366293	97
Mock_P02_1	10	366293	126
Mock_P02_1	10	366293	91
Mock_P02_1	10	366293	112
Mock_P02_1	10	366293	175
Mock_P02_1	10	366293	33
Mock_P02_1	10	366293	67
Mock_P02_1	10	366293	125
Mock_P02_1	10	366293	57
Mock_P02_1	10	366293	145
Mock_P02_1	10	366293	64
Mock_P02_1	10	366293	131
Mock_P02_1	10	366293	66
Mock_P02_1	10	366293	66
Mock_P02_1	10	366293	114
Mock_P02_1	10	366293	124
Mock_P02_1	10	366293	54
Mock_P02_1	10	366293	110
Mock_P02_1	10	366293	98
Mock_P02_1	10	366293	109
Mock_P02_1	10	366293	66
Mock_P02_1	10	366293	99
Mock_P02_1	10	366293	58
Mock_P02_1	10	366293	49
Mock_P02_1	10	366293	60
Mock_P02_1	10	366293	12
Mock_P02_1	10	366293	81
Mock_P02_1	10	366293	97
Mock_P02_1	10	366293	178
Mock_P02_1	10	366293	133
Mock_P02_1	10	366293	101
Mock_P02_1	10	366293	154
Mock_P02_1	10	366293	62
Mock_P02_1	10	366293	11
Mock_P02_1	10	366293	90
Mock_P02_1	10	366293	30
Mock_P02_1	10	366293	86
Mock_P02_1	10	366293	28
Mock_P02_1	10	366293	86
Mock_P02_1	10	366293	152
Mock_P02_1	10	366293	111
Mock_P02_1	10	366293	95
Mock_P02_1	10	366293	93
Mock_P02_1	10	366293	82
Mock_P02_1	10	366293	323
Mock_P02_1	10	366293	20
Mock_P02_1	10	366293	40
Mock_P02_1	10	366293	45
Mock_P02_1	10	366293	122
Mock_P02_1	10	366293	49
Mock_P02_1	10	366293	46
Mock_P02_1	10	366293	77
Mock_P02_1	10	366293	72
Mock_P02_1	10	366293	110
Mock_P02_1	10	366293	81
Mock_P02_1	10	366293	117
Mock_P02_1	10	366293	94
Mock_P02_1	10	366293	59
Mock_P02_1	10	366293	171
Mock_P02_1	10	366293	79
Mock_P02_1	10	366293	151
Mock_P02_1	10	366293	131
Mock_P02_1	10	366293	42
Mock_P02_1	10	366293	80
Mock_P02_1	10	366293	53
Mock_P02_1	10	366293	59
Mock_P02_1	10	366293	106
Mock_P02_1	10	366293	50
Mock_P02_1	10	366293	80
Mock_P02_1	10	366293	63
Mock_P02_1	10	366293	95
Mock_P02_1	10	366293	184
Mock_P02_1	10	366293	182
Mock_P02_1	10	366293	44
Mock_P02_1	11	305945	38
Mock_P02_1	11	305945	15
Mock_P02_1	11	305945	81
Mock_P02_1	11	305945	57
Mock_P02_1	11	305945	61
Mock_P02_1	11	305945	111
Mock_P02_1	11	305945	212
Mock_P02_1	11	305945	84
Mock_P02_1	11	305945	73
Mock_P02_1	11	305945	89
Mock_P02_1	11	305945	98
Mock_P02_1	11	305945	146
Mock_P02_1	11	305945	138
Mock_P02_1	11	305945	121
Mock_P02_1	11	305945	116
Mock_P02_1	11	305945	107
Mock_P02_1	11	305945	76
Mock_P02_1	11	305945	115
Mock_P02_1	11	305945	247
Mock_P02_1	11	305945	107
Mock_P02_1	11	305945	104
Mock_P02_1	11	305945	40
Mock_P02_1	11	305945	109
Mock_P02_1	11	305945	52
Mock_P02_1	11	305945	146
Mock_P02_1	11	305945	86
Mock_P02_1	11	305945	70
Mock_P02_1	11	305945	99
Mock_P02_1	11	305945	37
Mock_P02_1	11	305945	150
Mock_P02_1	11	305945	68
Mock_P02_1	11	305945	85
Mock_P02_1	11	305945	292
Mock_P02_1	11	305945	62
Mock_P02_1	11	305945	67
Mock_P02_1	11	305945	112
Mock_P02_1	11	305945	135
Mock_P02_1	11	305945	142
Mock_P02_1	11	305945	47
Mock_P02_1	11	305945	27
Mock_P02_1	11	305945	37
Mock_P02_1	11	305945	23
Mock_P02_1	11	305945	18
Mock_P02_1	11	305945	65
Mock_P02_1	11	305945	97
Mock_P02_1	11	305945	61
Mock_P02_1	11	305945	47
Mock_P02_1	11	305945	244
Mock_P02_1	11	305945	61
Mock_P02_1	11	305945	52
Mock_P02_1	11	305945	66
Mock_P02_1	11	305945	62
Mock_P02_1	11	305945	80
Mock_P02_1	11	305945	125
Mock_P02_1	11	305945	43
Mock_P02_1	11	305945	66
Mock_P02_1	11	305945	100
Mock_P02_1	11	305945	43
Mock_P02_1	11	305945	92
Mock_P02_1	11	305945	77
Mock_P02_1	11	305945	77
Mock_P02_1	11	305945	154
Mock_P02_1	11	305945	75
Mock_P02_1	11	305945	76
Mock_P02_1	11	305945	148
Mock_P02_1	11	305945	34
Mock_P02_1	11	305945	46
Mock_P02_1	11	305945	51
Mock_P02_1	11	305945	34
Mock_P02_1	11	305945	80
Mock_P02_1	11	305945	226
Mock_P02_1	11	305945	26
Mock_P02_1	11	305945	40
Mock_P02_1	11	305945	54
Mock_P02_1	11	305945	84
Mock_P02_1	11	305945	91
Mock_P02_1	11	305945	79
Mock_P02_1	11	305945	43
Mock_P02_1	11	305945	77
Mock_P02_1	11	305945	43
Mock_P02_1	11	305945	49
Mock_P02_1	11	305945	45
Mock_P02_1	11	305945	62
Mock_P02_1	11	305945	94
Mock_P02_1	11	305945	67
Mock_P02_1	11	305945	61
Mock_P02_1	11	305945	57
Mock_P02_1	11	305945	100
Mock_P02_1	11	305945	67
Mock_P02_1	11	305945	101
Mock_P02_1	11	305945	65
Mock_P02_1	11	305945	84
Mock_P02_1	11	305945	89
Mock_P02_1	11	305945	139
Mock_P02_1	11	305945	139
Mock_P02_1	11	305945	54
Mock_P02_1	11	305945	64
Mock_P02_1	11	305945	184
Mock_P02_1	11	305945	25
Mock_P02_1	11	305945	70
Mock_P02_1	11	305945	120
Mock_P02_1	11	305945	55
Mock_P02_1	11	305945	104
Mock_P02_1	11	305945	120
Mock_P02_1	11	305945	111
Mock_P02_1	11	305945	73
Mock_P02_1	11	305945	101
Mock_P02_1	11	305945	88
Mock_P02_1	11	305945	133
Mock_P02_1	11	305945	91
Mock_P02_1	11	305945	132
Mock_P02_1	11	305945	192
Mock_P02_1	11	305945	65
Mock_P02_1	11	305945	88
Mock_P02_1	11	305945	102
Mock_P02_1	11	305945	63
Mock_P02_1	11	305945	150
Mock_P02_1	11	305945	94
Mock_P02_1	11	305945	53
Mock_P02_1	11	305945	147
Mock_P02_1	11	305945	53
Mock_P02_1	11	305945	94
Mock_P02_1	11	305945	112
Mock_P02_1	11	305945	73
Mock_P02_1	11	305945	134
Mock_P02_1	11	305945	115
Mock_P02_1	11	305945	117
Mock_P02_1	11	305945	86
Mock_P02_1	11	305945	85
Mock_P02_1	11	305945	87
Mock_P02_1	11	305945	47
Mock_P02_1	11	305945	72
Mock_P02_1	11	305945	62
Mock_P02_1	11	305945	95
Mock_P02_1	11	305945	26
Mock_P02_1	11	305945	31
Mock_P02_1	11	305945	53
Mock_P02_1	11	305945	57
Mock_P02_1	11	305945	55
Mock_P02_1	11	305945	38
Mock_P02_1	11	305945	59
Mock_P02_1	11	305945	24
Mock_P02_1	11	305945	41
Mock_P02_1	11	305945	34
Mock_P02_1	11	305945	80
Mock_P02_1	11	305945	28
Mock_P02_1	11	305945	94
Mock_P02_1	11	305945	79
Mock_P02_1	11	305945	122
Mock_P02_1	11	305945	144
Mock_P02_1	11	305945	83
Mock_P02_1	11	305945	42
Mock_P02_1	11	305945	35
Mock_P02_1	11	305945	54
Mock_P02_1	11	305945	42
Mock_P02_1	11	305945	109
Mock_P02_1	11	305945	64
Mock_P02_1	11	305945	46
Mock_P02_1	11	305945	44
Mock_P02_1	11	305945	16
Mock_P02_1	11	305945	114
Mock_P02_1	11	305945	12
Mock_P02_1	11	305945	60
Mock_P02_1	11	305945	112
Mock_P02_1	11	305945	23
Mock_P02_1	11	305945	32
Mock_P02_1	11	305945	51
Mock_P02_1	11	305945	124
Mock_P02_1	11	305945	109
Mock_P02_1	11	305945	47
Mock_P02_1	11	305945	15
Mock_P02_1	11	305945	79
Mock_P02_1	11	305945	101
Mock_P02_1	11	305945	64
Mock_P02_1	11	305945	17
Mock_P02_1	11	305945	46
Mock_P02_1	11	305945	44
Mock_P02_1	11	305945	58
Mock_P02_1	11	305945	43
Mock_P02_1	12	379480	46
Mock_P02_1	12	379480	19
Mock_P02_1	12	379480	46
Mock_P02_1	12	379480	77
Mock_P02_1	12	379480	53
Mock_P02_1	12	379480	33
Mock_P02_1	12	379480	135
Mock_P02_1	12	379480	62
Mock_P02_1	12	379480	56
Mock_P02_1	12	379480	62
Mock_P02_1	12	379480	40
Mock_P02_1	12	379480	16
Mock_P02_1	12	379480	95
Mock_P02_1	12	379480	65
Mock_P02_1	12	379480	115
Mock_P02_1	12	379480	78
Mock_P02_1	12	379480	57
Mock_P02_1	12	379480	75
Mock_P02_1	12	379480	10
Mock_P02_1	12	379480	77
Mock_P02_1	12	379480	59
Mock_P02_1	12	379480	47
Mock_P02_1	12	379480	44
Mock_P02_1	12	379480	71
Mock_P02_1	12	379480	96
Mock_P02_1	12	379480	100
Mock_P02_1	12	379480	80
Mock_P02_1	12	379480	84
Mock_P02_1	12	379480	89
Mock_P02_1	12	379480	33
Mock_P02_1	12	379480	93
Mock_P02_1	12	379480	36
Mock_P02_1	12	379480	72
Mock_P02_1	12	379480	154
Mock_P02_1	12	379480	57
Mock_P02_1	12	379480	80
Mock_P02_1	12	379480	38
Mock_P02_1	12	379480	164
Mock_P02_1	12	379480	53
Mock_P02_1	12	379480	197
Mock_P02_1	12	379480	50
Mock_P02_1	12	379480	86
Mock_P02_1	12	379480	71
Mock_P02_1	12	379480	71
Mock_P02_1	12	379480	70
Mock_P02_1	12	379480	58
Mock_P02_1	12	379480	34
Mock_P02_1	12	379480	50
Mock_P02_1	12	379480	87
Mock_P02_1	12	379480	201
Mock_P02_1	12	379480	98
Mock_P02_1	12	379480	60
Mock_P02_1	12	379480	45
Mock_P02_1	12	379480	52
Mock_P02_1	12	379480	88
Mock_P02_1	12	379480	45
Mock_P02_1	12	379480	40
Mock_P02_1	12	379480	75
Mock_P02_1	12	379480	65
Mock_P02_1	12	379480	92
Mock_P02_1	12	379480	31
Mock_P02_1	12	379480	64
Mock_P02_1	12	379480	26
Mock_P02_1	12	379480	61
Mock_P02_1	12	379480	46
Mock_P02_1	12	379480	171
Mock_P02_1	12	379480	107
Mock_P02_1	12	379480	121
Mock_P02_1	12	379480	94
Mock_P02_1	12	379480	27
Mock_P02_1	12	379480	128
Mock_P02_1	12	379480	38
Mock_P02_1	12	379480	39
Mock_P02_1	12	379480	72
Mock_P02_1	12	379480	106
Mock_P02_1	12	379480	114
Mock_P02_1	12	379480	119
Mock_P02_1	12	379480	60
Mock_P02_1	12	379480	41
Mock_P02_1	12	379480	33
Mock_P02_1	12	379480	44
Mock_P02_1	12	379480	79
Mock_P02_1	12	379480	40
Mock_P02_1	12	379480	37
Mock_P02_1	12	379480	57
Mock_P02_1	12	379480	46
Mock_P02_1	12	379480	95
Mock_P02_1	12	379480	67
Mock_P02_1	12	379480	64
Mock_P02_1	12	379480	82
Mock_P02_1	12	379480	81
Mock_P02_1	12	379480	98
Mock_P02_1	12	379480	51
Mock_P02_1	12	379480	93
Mock_P02_1	12	379480	78
Mock_P02_1	12	379480	86
Mock_P02_1	12	379480	77
Mock_P02_1	12	379480	64
Mock_P02_1	12	379480	27
Mock_P02_1	12	379480	95
Mock_P02_1	12	379480	82
Mock_P02_1	12	379480	207
Mock_P02_1	12	379480	46
Mock_P02_1	12	379480	76
Mock_P02_1	12	379480	73
Mock_P02_1	12	379480	28
Mock_P02_1	12	379480	125
Mock_P02_1	12	379480	80
Mock_P02_1	12	379480	126
Mock_P02_1	12	379480	74
Mock_P02_1	12	379480	115
Mock_P02_1	12	379480	95
Mock_P02_1	12	379480	98
Mock_P02_1	12	379480	32
Mock_P02_1	12	379480	151
Mock_P02_1	12	379480	14
Mock_P02_1	12	379480	108
Mock_P02_1	12	379480	70
Mock_P02_1	12	379480	43
Mock_P02_1	12	379480	113
Mock_P02_1	12	379480	229
Mock_P02_1	12	379480	116
Mock_P02_1	12	379480	107
Mock_P02_1	12	379480	60
Mock_P02_1	12	379480	119
Mock_P02_1	12	379480	75
Mock_P02_1	12	379480	48
Mock_P02_1	12	379480	142
Mock_P02_1	12	379480	62
Mock_P02_1	12	379480	114
Mock_P02_1	12	379480	101
Mock_P02_1	12	379480	113
Mock_P02_1	12	379480	122
Mock_P02_1	12	379480	123
Mock_P02_1	12	379480	63
Mock_P02_1	12	379480	65
Mock_P02_1	12	379480	54
Mock_P02_1	12	379480	134
Mock_P02_1	12	379480	84
Mock_P02_1	12	379480	58
Mock_P02_1	12	379480	132
Mock_P02_1	12	379480	33
Mock_P02_1	12	379480	96
Mock_P02_1	12	379480	96
Mock_P02_1	12	379480	18
Mock_P02_1	12	379480	70
Mock_P02_1	12	379480	61
Mock_P02_1	12	379480	45
Mock_P02_1	12	379480	71
Mock_P02_1	12	379480	70
Mock_P02_1	12	379480	81
Mock_P02_1	12	379480	127
Mock_P02_1	12	379480	111
Mock_P02_1	12	379480	70
Mock_P02_1	12	379480	76
Mock_P02_1	12	379480	76
Mock_P02_1	12	379480	70
Mock_P02_1	12	379480	116
Mock_P02_1	12	379480	58
Mock_P02_1	12	379480	85
Mock_P02_1	12	379480	408
Mock_P02_1	12	379480	59
Mock_P02_1	12	379480	16
Mock_P02_1	12	379480	106
Mock_P02_1	12	379480	91
Mock_P02_1	12	379480	129
Mock_P02_1	12	379480	103
Mock_P02_1	12	379480	81
Mock_P02_1	12	379480	38
Mock_P02_1	12	379480	65
Mock_P02_1	12	379480	147
Mock_P02_1	12	379480	57
Mock_P02_1	12	379480	36
Mock_P02_1	12	379480	259
Mock_P02_1	12	379480	67
Mock_P02_1	12	379480	55
Mock_P02_1	12	379480	90
Mock_P02_1	12	379480	89
Mock_P02_1	12	379480	13
Mock_P02_1	13	400090	64
Mock_P02_1	13	400090	54
Mock_P02_1	13	400090	33
Mock_P02_1	13	400090	72
Mock_P02_1	13	400090	65
Mock_P02_1	13	400090	77
Mock_P02_1	13	400090	99
Mock_P02_1	13	400090	81
Mock_P02_1	13	400090	213
Mock_P02_1	13	400090	61
Mock_P02_1	13	400090	71
Mock_P02_1	13	400090	98
Mock_P02_1	13	400090	112
Mock_P02_1	13	400090	49
Mock_P02_1	13	400090	47
Mock_P02_1	13	400090	132
Mock_P02_1	13	400090	81
Mock_P02_1	13	400090	76
Mock_P02_1	13	400090	111
Mock_P02_1	13	400090	80
Mock_P02_1	13	400090	61
Mock_P02_1	13	400090	39
Mock_P02_1	13	400090	122
Mock_P02_1	13	400090	90
Mock_P02_1	13	400090	67
Mock_P02_1	13	400090	98
Mock_P02_1	13	400090	81
Mock_P02_1	13	400090	45
Mock_P02_1	13	400090	92
Mock_P02_1	13	400090	67
Mock_P02_1	13	400090	72
Mock_P02_1	13	400090	54
Mock_P02_1	13	400090	44
Mock_P02_1	13	400090	118
Mock_P02_1	13	400090	88
Mock_P02_1	13	400090	124
Mock_P02_1	13	400090	76
Mock_P02_1	13	400090	188
Mock_P02_1	13	400090	60
Mock_P02_1	13	400090	109
Mock_P02_1	13	400090	90
Mock_P02_1	13	400090	99
Mock_P02_1	13	400090	183
Mock_P02_1	13	400090	76
Mock_P02_1	13	400090	108
Mock_P02_1	13	400090	42
Mock_P02_1	13	400090	114
Mock_P02_1	13	400090	99
Mock_P02_1	13	400090	39
Mock_P02_1	13	400090	111
Mock_P02_1	13	400090	140
Mock_P02_1	13	400090	144
Mock_P02_1	13	400090	77
Mock_P02_1	13	400090	43
Mock_P02_1	13	400090	66
Mock_P02_1	13	400090	49
Mock_P02_1	13	400090	97
Mock_P02_1	13	400090	102
Mock_P02_1	13	400090	106
Mock_P02_1	13	400090	117
Mock_P02_1	13	400090	75
Mock_P02_1	13	400090	151
Mock_P02_1	13	400090	140
Mock_P02_1	13	400090	90
Mock_P02_1	13	400090	61
Mock_P02_1	13	400090	134
Mock_P02_1	13	400090	122
Mock_P02_1	13	400090	166
Mock_P02_1	13	400090	143
Mock_P02_1	13	400090	93
Mock_P02_1	13	400090	117
Mock_P02_1	13	400090	114
Mock_P02_1	13	400090	174
Mock_P02_1	13	400090	87
Mock_P02_1	13	400090	38
Mock_P02_1	13	400090	126
Mock_P02_1	13	400090	102
Mock_P02_1	13	400090	71
Mock_P02_1	13	400090	90
Mock_P02_1	13	400090	114
Mock_P02_1	13	400090	38
Mock_P02_1	13	400090	51
Mock_P02_1	13	400090	58
Mock_P02_1	13	400090	22
Mock_P02_1	13	400090	22
Mock_P02_1	13	400090	34
Mock_P02_1	13	400090	50
Mock_P02_1	13	400090	88
Mock_P02_1	13	400090	90
Mock_P02_1	13	400090	122
Mock_P02_1	13	400090	123
Mock_P02_1	13	400090	62
Mock_P02_1	13	400090	98
Mock_P02_1	13	400090	70
Mock_P02_1	13	400090	67
Mock_P02_1	13	400090	61
Mock_P02_1	13	400090	112
Mock_P02_1	13	400090	132
Mock_P02_1	13	400090	74
Mock_P02_1	13	400090	65
Mock_P02_1	13	400090	96
Mock_P02_1	13	400090	93
Mock_P02_1	13	400090	120
Mock_P02_1	13	400090	71
Mock_P02_1	13	400090	98
Mock_P02_1	13	400090	20
Mock_P02_1	13	400090	25
Mock_P02_1	13	400090	56
Mock_P02_1	13	400090	76
Mock_P02_1	13	400090	110
Mock_P02_1	13	400090	32
Mock_P02_1	13	400090	217
Mock_P02_1	13	400090	21
Mock_P02_1	13	400090	50
Mock_P02_1	13	400090	54
Mock_P02_1	13	400090	41
Mock_P02_1	13	400090	124
Mock_P02_1	13	400090	157
Mock_P02_1	13	400090	41
Mock_P02_1	13	400090	113
Mock_P02_1	13	400090	77
Mock_P02_1	13	400090	73
Mock_P02_1	13	400090	149
Mock_P02_1	13	400090	87
Mock_P02_1	13	400090	25
Mock_P02_1	13	400090	69
Mock_P02_1	13	400090	75
Mock_P02_1	13	400090	76
Mock_P02_1	13	400090	34
Mock_P02_1	13	400090	54
Mock_P02_1	13	400090	46
Mock_P02_1	13	400090	128
Mock_P02_1	13	400090	66
Mock_P02_1	13	400090	84
Mock_P02_1	13	400090	37
Mock_P02_1	13	400090	22
Mock_P02_1	13	400090	54
Mock_P02_1	13	400090	69
Mock_P02_1	13	400090	79
Mock_P02_1	13	400090	39
Mock_P02_1	13	400090	48
Mock_P02_1	13	400090	143
Mock_P02_1	13	400090	171
Mock_P02_1	13	400090	56
Mock_P02_1	13	400090	35
Mock_P02_1	13	400090	21
Mock_P02_1	13	400090	20
Mock_P02_1	13	400090	94
Mock_P02_1	13	400090	129
Mock_P02_1	13	400090	60
Mock_P02_1	13	400090	59
Mock_P02_1	13	400090	78
Mock_P02_1	13	400090	126
Mock_P02_1	13	400090	63
Mock_P02_1	13	400090	60
Mock_P02_1	13	400090	46
Mock_P02_1	13	400090	61
Mock_P02_1	13	400090	41
Mock_P02_1	13	400090	18
Mock_P02_1	13	400090	82
Mock_P02_1	13	400090	99
Mock_P02_1	13	400090	86
Mock_P02_1	13	400090	44
Mock_P02_1	13	400090	137
Mock_P02_1	13	400090	57
Mock_P02_1	13	400090	121
Mock_P02_1	13	400090	47
Mock_P02_1	13	400090	85
Mock_P02_1	13	400090	36
Mock_P02_1	13	400090	62
Mock_P02_1	13	400090	30
Mock_P02_1	13	400090	69
Mock_P02_1	13	400090	57
Mock_P02_1	14	421221	57
Mock_P02_1	14	421221	164
Mock_P02_1	14	421221	34
Mock_P02_1	14	421221	30
Mock_P02_1	14	421221	51
Mock_P02_1	14	421221	77
Mock_P02_1	14	421221	20
Mock_P02_1	14	421221	50
Mock_P02_1	14	421221	39
Mock_P02_1	14	421221	48
Mock_P02_1	14	421221	15
Mock_P02_1	14	421221	89
Mock_P02_1	14	421221	94
Mock_P02_1	14	421221	197
Mock_P02_1	14	421221	139
Mock_P02_1	14	421221	73
Mock_P02_1	14	421221	49
Mock_P02_1	14	421221	64
Mock_P02_1	14	421221	52
Mock_P02_1	14	421221	72
Mock_P02_1	14	421221	67
Mock_P02_1	14	421221	42
Mock_P02_1	14	421221	69
Mock_P02_1	14	421221	97
Mock_P02_1	14	421221	38
Mock_P02_1	14	421221	107
Mock_P02_1	14	421221	74
Mock_P02_1	14	421221	27
Mock_P02_1	14	421221	130
Mock_P02_1	14	421221	24
Mock_P02_1	14	421221	77
Mock_P02_1	14	421221	102
Mock_P02_1	14	421221	74
Mock_P02_1	14	421221	116
Mock_P02_1	14	421221	79
Mock_P02_1	14	421221	194
Mock_P02_1	14	421221	90
Mock_P02_1	14	421221	10
Mock_P02_1	14	421221	98
Mock_P02_1	14	421221	169
Mock_P02_1	14	421221	244
Mock_P02_1	14	421221	73
Mock_P02_1	14	421221	83
Mock_P02_1	14	421221	43
Mock_P02_1	14	421221	113
Mock_P02_1	14	421221	132
Mock_P02_1	14	421221	66
Mock_P02_1	14	421221	92
Mock_P02_1	14	421221	161
Mock_P02_1	14	421221	41
Mock_P02_1	14	421221	100
Mock_P02_1	14	421221	85
Mock_P02_1	14	421221	148
Mock_P02_1	14	421221	76
Mock_P02_1	14	421221	41
Mock_P02_1	14	421221	103
Mock_P02_1	14	421221	37
Mock_P02_1	14	421221	38
Mock_P02_1	14	421221	69
Mock_P02_1	14	421221	99
Mock_P02_1	14	421221	152
Mock_P02_1	14	421221	93
Mock_P02_1	14	421221	155
Mock_P02_1	14	421221	67
Mock_P02_1	14	421221	62
Mock_P02_1	14	421221	87
Mock_P02_1	14	421221	111
Mock_P02_1	14	421221	30
Mock_P02_1	14	421221	61
Mock_P02_1	14	421221	73
Mock_P02_1	14	421221	14
Mock_P02_1	14	421221	117
Mock_P02_1	14	421221	85
Mock_P02_1	14	421221	118
Mock_P02_1	14	421221	41
Mock_P02_1	14	421221	13
Mock_P02_1	14	421221	80
Mock_P02_1	14	421221	80
Mock_P02_1	14	421221	24
Mock_P02_1	14	421221	77
Mock_P02_1	14	421221	43
Mock_P02_1	14	421221	129
Mock_P02_1	14	421221	46
Mock_P02_1	14	421221	132
Mock_P02_1	14	421221	39
Mock_P02_1	14	421221	71
Mock_P02_1	14	421221	106
Mock_P02_1	14	421221	39
Mock_P02_1	14	421221	171
Mock_P02_1	14	421221	18
Mock_P02_1	14	421221	108
Mock_P02_1	14	421221	54
Mock_P02_1	14	421221	76
Mock_P02_1	14	421221	141
Mock_P02_1	14	421221	83
Mock_P02_1	14	421221	76
Mock_P02_1	14	421221	77
Mock_P02_1	14	421221	85
Mock_P02_1	14	421221	87
Mock_P02_1	14	421221	73
Mock_P02_1	14	421221	143
Mock_P02_1	14	421221	26
Mock_P02_1	14	421221	98
Mock_P02_1	14	421221	78
Mock_P02_1	14	421221	49
Mock_P02_1	14	421221	59
Mock_P02_1	14	421221	100
Mock_P02_1	14	421221	101
Mock_P02_1	14	421221	186
Mock_P02_1	14	421221	64
Mock_P02_1	14	421221	89
Mock_P02_1	14	421221	78
Mock_P02_1	14	421221	115
Mock_P02_1	14	421221	89
Mock_P02_1	14	421221	65
Mock_P02_1	14	421221	122
Mock_P02_1	14	421221	108
Mock_P02_1	14	421221	65
Mock_P02_1	14	421221	46
Mock_P02_1	14	421221	29
Mock_P02_1	14	421221	60
Mock_P02_1	14	421221	113
Mock_P02_1	14	421221	39
Mock_P02_1	14	421221	86
Mock_P02_1	14	421221	102
Mock_P02_1	14	421221	149
Mock_P02_1	14	421221	40
Mock_P02_1	14	421221	77
Mock_P02_1	14	421221	13
Mock_P02_1	14	421221	102
Mock_P02_1	14	421221	84
Mock_P02_1	14	421221	53
Mock_P02_1	14	421221	66
Mock_P02_1	14	421221	20
Mock_P02_1	14	421221	120
Mock_P02_1	14	421221	73
Mock_P02_1	14	421221	55
Mock_P02_1	14	421221	64
Mock_P02_1	14	421221	58
Mock_P02_1	14	421221	69
Mock_P02_1	14	421221	30
Mock_P02_1	14	421221	63
Mock_P02_1	14	421221	67
Mock_P02_1	14	421221	53
Mock_P02_1	14	421221	93
Mock_P02_1	14	421221	85
Mock_P02_1	14	421221	33
Mock_P02_1	14	421221	81
Mock_P02_1	14	421221	86
Mock_P02_1	14	421221	34
Mock_P02_1	14	421221	95
Mock_P02_1	14	421221	178
Mock_P02_1	14	421221	64
Mock_P02_1	14	421221	30
Mock_P02_1	14	421221	71
Mock_P02_1	14	421221	100
Mock_P02_1	14	421221	66
Mock_P02_1	14	421221	51
Mock_P02_1	14	421221	32
Mock_P02_1	14	421221	25
Mock_P02_1	14	421221	70
Mock_P02_1	14	421221	42
Mock_P02_1	14	421221	27
Mock_P02_1	14	421221	82
Mock_P02_1	14	421221	65
Mock_P02_1	14	421221	54
Mock_P02_1	14	421221	72
Mock_P02_1	14	421221	80
Mock_P02_1	14	421221	123
Mock_P02_1	14	421221	122
Mock_P02_1	14	421221	111
Mock_P02_1	14	421221	73
Mock_P02_1	14	421221	65
Mock_P02_1	14	421221	35
Mock_P02_1	14	421221	72
Mock_P02_1	14	421221	61
Mock_P02_1	14	421221	60
Mock_P02_1	14	421221	60
Mock_P02_1	14	421221	58
Mock_P02_1	14	421221	80
Mock_P02_1	14	421221	119
Mock_P02_1	14	421221	42
Mock_P02_1	14	421221	49
Mock_P02_1	14	421221	63
Mock_P02_1	14	421221	62
Mock_P02_1	14	421221	22
Mock_P02_1	15	355728	12
Mock_P02_1	15	355728	70
Mock_P02_1	15	355728	19
Mock_P02_1	15	355728	36
Mock_P02_1	15	355728	43
Mock_P02_1	15	355728	25
Mock_P02_1	15	355728	48
Mock_P02_1	15	355728	72
Mock_P02_1	15	355728	19
Mock_P02_1	15	355728	34
Mock_P02_1	15	355728	46
Mock_P02_1	15	355728	17
Mock_P02_1	15	355728	19
Mock_P02_1	15	355728	15
Mock_P02_1	15	355728	40
Mock_P02_1	15	355728	83
Mock_P02_1	15	355728	100
Mock_P02_1	15	355728	122
Mock_P02_1	15	355728	41
Mock_P02_1	15	355728	74
Mock_P02_1	15	355728	76
Mock_P02_1	15	355728	41
Mock_P02_1	15	355728	54
Mock_P02_1	15	355728	112
Mock_P02_1	15	355728	107
Mock_P02_1	15	355728	103
Mock_P02_1	15	355728	120
Mock_P02_1	15	355728	30
Mock_P02_1	15	355728	85
Mock_P02_1	15	355728	182
Mock_P02_1	15	355728	153
Mock_P02_1	15	355728	84
Mock_P02_1	15	355728	91
Mock_P02_1	15	355728	96
Mock_P02_1	15	355728	56
Mock_P02_1	15	355728	80
Mock_P02_1	15	355728	88
Mock_P02_1	15	355728	111
Mock_P02_1	15	355728	93
Mock_P02_1	15	355728	118
Mock_P02_1	15	355728	87
Mock_P02_1	15	355728	164
Mock_P02_1	15	355728	84
Mock_P02_1	15	355728	75
Mock_P02_1	15	355728	104
Mock_P02_1	15	355728	49
Mock_P02_1	15	355728	105
Mock_P02_1	15	355728	67
Mock_P02_1	15	355728	223
Mock_P02_1	15	355728	66
Mock_P02_1	15	355728	145
Mock_P02_1	15	355728	100
Mock_P02_1	15	355728	70
Mock_P02_1	15	355728	131
Mock_P02_1	15	355728	173
Mock_P02_1	15	355728	30
Mock_P02_1	15	355728	98
Mock_P02_1	15	355728	116
Mock_P02_1	15	355728	52
Mock_P02_1	15	355728	62
Mock_P02_1	15	355728	116
Mock_P02_1	15	355728	54
Mock_P02_1	15	355728	128
Mock_P02_1	15	355728	66
Mock_P02_1	15	355728	221
Mock_P02_1	15	355728	45
Mock_P02_1	15	355728	99
Mock_P02_1	15	355728	87
Mock_P02_1	15	355728	93
Mock_P02_1	15	355728	103
Mock_P02_1	15	355728	123
Mock_P02_1	15	355728	87
Mock_P02_1	15	355728	164
Mock_P02_1	15	355728	61
Mock_P02_1	15	355728	91
Mock_P02_1	15	355728	101
Mock_P02_1	15	355728	71
Mock_P02_1	15	355728	76
Mock_P02_1	15	355728	114
Mock_P02_1	15	355728	39
Mock_P02_1	15	355728	91
Mock_P02_1	15	355728	151
Mock_P02_1	15	355728	88
Mock_P02_1	15	355728	162
Mock_P02_1	15	355728	88
Mock_P02_1	15	355728	56
Mock_P02_1	15	355728	159
Mock_P02_1	15	355728	194
Mock_P02_1	15	355728	198
Mock_P02_1	15	355728	176
Mock_P02_1	15	355728	129
Mock_P02_1	15	355728	62
Mock_P02_1	15	355728	45
Mock_P02_1	15	355728	113
Mock_P02_1	15	355728	77
Mock_P02_1	15	355728	100
Mock_P02_1	15	355728	218
Mock_P02_1	15	355728	59
Mock_P02_1	15	355728	120
Mock_P02_1	15	355728	63
Mock_P02_1	15	355728	121
Mock_P02_1	15	355728	139
Mock_P02_1	15	355728	46
Mock_P02_1	15	355728	63
Mock_P02_1	15	355728	79
Mock_P02_1	15	355728	51
Mock_P02_1	15	355728	58
Mock_P02_1	15	355728	133
Mock_P02_1	15	355728	102
Mock_P02_1	15	355728	102
Mock_P02_1	15	355728	113
Mock_P02_1	15	355728	81
Mock_P02_1	15	355728	86
Mock_P02_1	15	355728	68
Mock_P02_1	15	355728	36
Mock_P02_1	15	355728	134
Mock_P02_1	15	355728	63
Mock_P02_1	15	355728	89
Mock_P02_1	15	355728	24
Mock_P02_1	15	355728	75
Mock_P02_1	15	355728	118
Mock_P02_1	15	355728	124
Mock_P02_1	15	355728	117
Mock_P02_1	15	355728	23
Mock_P02_1	15	355728	54
Mock_P02_1	15	355728	94
Mock_P02_1	15	355728	110
Mock_P02_1	15	355728	79
Mock_P02_1	15	355728	82
Mock_P02_1	15	355728	110
Mock_P02_1	15	355728	65
Mock_P02_1	15	355728	96
Mock_P02_1	15	355728	87
Mock_P02_1	15	355728	17
Mock_P02_1	15	355728	31
Mock_P02_1	15	355728	77
Mock_P02_1	15	355728	122
Mock_P02_1	15	355728	122
Mock_P02_1	15	355728	86
Mock_P02_1	15	355728	65
Mock_P02_1	15	355728	223
Mock_P02_1	15	355728	294
Mock_P02_1	15	355728	147
Mock_P02_1	15	355728	91
Mock_P02_1	15	355728	35
Mock_P02_1	15	355728	305
Mock_P02_1	15	355728	126
Mock_P02_1	15	355728	89
Mock_P02_1	15	355728	125
Mock_P02_1	15	355728	139
Mock_P02_1	15	355728	102
Mock_P02_1	15	355728	62
Mock_P02_1	15	355728	118
Mock_P02_1	15	355728	43
Mock_P02_1	15	355728	132
Mock_P02_1	15	355728	103
Mock_P02_1	15	355728	122
Mock_P02_1	15	355728	52
Mock_P02_1	15	355728	109
Mock_P02_1	15	355728	33
Mock_P02_1	15	355728	82
Mock_P02_1	15	355728	127
Mock_P02_1	15	355728	46
Mock_P02_1	15	355728	146
Mock_P02_1	15	355728	49
Mock_P02_1	15	355728	189
Mock_P02_1	15	355728	81
Mock_P02_1	15	355728	51
Mock_P02_1	15	355728	31
Mock_P02_1	15	355728	30
Mock_P02_1	15	355728	53
Mock_P02_1	15	355728	60
Mock_P02_1	15	355728	52
Mock_P02_1	15	355728	81
Mock_P02_1	15	355728	65
Mock_P02_1	15	355728	91
Mock_P02_1	15	355728	125
Mock_P02_1	15	355728	82
Mock_P02_1	15	355728	120
Mock_P02_1	15	355728	103
Mock_P02_1	15	355728	169
Mock_P02_1	15	355728	84
Mock_P02_1	15	355728	56
Mock_P02_1	15	355728	154
Mock_P02_1	15	355728	145
Mock_P02_1	15	355728	102
Mock_P02_1	15	355728	139
Mock_P02_1	15	355728	93
Mock_P02_1	15	355728	29
Mock_P02_1	15	355728	36
Mock_P02_1	15	355728	82
Mock_P02_1	15	355728	111
Mock_P02_1	15	355728	116
Mock_P02_1	15	355728	63
Mock_P02_1	15	355728	57
Mock_P02_1	15	355728	80
Mock_P02_1	15	355728	53
Mock_P02_1	15	355728	67
Mock_P02_1	15	355728	83
Mock_P02_1	15	355728	45
Mock_P02_1	16	379864	37
Mock_P02_1	16	379864	16
Mock_P02_1	16	379864	60
Mock_P02_1	16	379864	23
Mock_P02_1	16	379864	175
Mock_P02_1	16	379864	430
Mock_P02_1	16	379864	125
Mock_P02_1	16	379864	73
Mock_P02_1	16	379864	61
Mock_P02_1	16	379864	113
Mock_P02_1	16	379864	160
Mock_P02_1	16	379864	73
Mock_P02_1	16	379864	75
Mock_P02_1	16	379864	77
Mock_P02_1	16	379864	61
Mock_P02_1	16	379864	70
Mock_P02_1	16	379864	63
Mock_P02_1	16	379864	108
Mock_P02_1	16	379864	99
Mock_P02_1	16	379864	106
Mock_P02_1	16	379864	30
Mock_P02_1	16	379864	54
Mock_P02_1	16	379864	85
Mock_P02_1	16	379864	72
Mock_P02_1	16	379864	92
Mock_P02_1	16	379864	49
Mock_P02_1	16	379864	84
Mock_P02_1	16	379864	123
Mock_P02_1	16	379864	90
Mock_P02_1	16	379864	58
Mock_P02_1	16	379864	89
Mock_P02_1	16	379864	251
Mock_P02_1	16	379864	41
Mock_P02_1	16	379864	242
Mock_P02_1	16	379864	59
Mock_P02_1	16	379864	94
Mock_P02_1	16	379864	36
Mock_P02_1	16	379864	152
Mock_P02_1	16	379864	54
Mock_P02_1	16	379864	92
Mock_P02_1	16	379864	115
Mock_P02_1	16	379864	83
Mock_P02_1	16	379864	45
Mock_P02_1	16	379864	71
Mock_P02_1	16	379864	78
Mock_P02_1	16	379864	85
Mock_P02_1	16	379864	133
Mock_P02_1	16	379864	55
Mock_P02_1	16	379864	151
Mock_P02_1	16	379864	91
Mock_P02_1	16	379864	83
Mock_P02_1	16	379864	105
Mock_P02_1	16	379864	70
Mock_P02_1	16	379864	200
Mock_P02_1	16	379864	118
Mock_P02_1	16	379864	53
Mock_P02_1	16	379864	67
Mock_P02_1	16	379864	94
Mock_P02_1	16	379864	49
Mock_P02_1	16	379864	82
Mock_P02_1	16	379864	90
Mock_P02_1	16	379864	40
Mock_P02_1	16	379864	83
Mock_P02_1	16	379864	42
Mock_P02_1	16	379864	124
Mock_P02_1	16	379864	107
Mock_P02_1	16	379864	74
Mock_P02_1	16	379864	57
Mock_P02_1	16	379864	60
Mock_P02_1	16	379864	92
Mock_P02_1	16	379864	37
Mock_P02_1	16	379864	46
Mock_P02_1	16	379864	28
Mock_P02_1	16	379864	74
Mock_P02_1	16	379864	141
Mock_P02_1	16	379864	53
Mock_P02_1	16	379864	62
Mock_P02_1	16	379864	82
Mock_P02_1	16	379864	52
Mock_P02_1	16	379864	100
Mock_P02_1	16	379864	26
Mock_P02_1	16	379864	101
Mock_P02_1	16	379864	71
Mock_P02_1	16	379864	102
Mock_P02_1	16	379864	36
Mock_P02_1	16	379864	92
Mock_P02_1	16	379864	73
Mock_P02_1	16	379864	65
Mock_P02_1	16	379864	68
Mock_P02_1	16	379864	58
Mock_P02_1	16	379864	109
Mock_P02_1	16	379864	79
Mock_P02_1	16	379864	146
Mock_P02_1	16	379864	76
Mock_P02_1	16	379864	65
Mock_P02_1	16	379864	122
Mock_P02_1	16	379864	12
Mock_P02_1	16	379864	89
Mock_P02_1	16	379864	77
Mock_P02_1	16	379864	85
Mock_P02_1	16	379864	57
Mock_P02_1	16	379864	174
Mock_P02_1	16	379864	96
Mock_P02_1	16	379864	103
Mock_P02_1	16	379864	66
Mock_P02_1	16	379864	75
Mock_P02_1	16	379864	52
Mock_P02_1	16	379864	101
Mock_P02_1	16	379864	69
Mock_P02_1	16	379864	74
Mock_P02_1	16	379864	50
Mock_P02_1	16	379864	56
Mock_P02_1	16	379864	79
Mock_P02_1	16	379864	43
Mock_P02_1	16	379864	75
Mock_P02_1	16	379864	83
Mock_P02_1	16	379864	92
Mock_P02_1	16	379864	34
Mock_P02_1	16	379864	73
Mock_P02_1	16	379864	61
Mock_P02_1	16	379864	107
Mock_P02_1	16	379864	70
Mock_P02_1	16	379864	56
Mock_P02_1	16	379864	26
Mock_P02_1	16	379864	96
Mock_P02_1	16	379864	114
Mock_P02_1	16	379864	60
Mock_P02_1	16	379864	89
Mock_P02_1	16	379864	161
Mock_P02_1	16	379864	102
Mock_P02_1	16	379864	27
Mock_P02_1	16	379864	35
Mock_P02_1	16	379864	63
Mock_P02_1	16	379864	110
Mock_P02_1	17	326596	25
Mock_P02_1	17	326596	11
Mock_P02_1	17	326596	25
Mock_P02_1	17	326596	42
Mock_P02_1	17	326596	99
Mock_P02_1	17	326596	78
Mock_P02_1	17	326596	152
Mock_P02_1	17	326596	24
Mock_P02_1	17	326596	55
Mock_P02_1	17	326596	98
Mock_P02_1	17	326596	82
Mock_P02_1	17	326596	117
Mock_P02_1	17	326596	77
Mock_P02_1	17	326596	72
Mock_P02_1	17	326596	33
Mock_P02_1	17	326596	27
Mock_P02_1	17	326596	39
Mock_P02_1	17	326596	24
Mock_P02_1	17	326596	54
Mock_P02_1	17	326596	63
Mock_P02_1	17	326596	116
Mock_P02_1	17	326596	84
Mock_P02_1	17	326596	138
Mock_P02_1	17	326596	28
Mock_P02_1	17	326596	119
Mock_P02_1	17	326596	107
Mock_P02_1	17	326596	56
Mock_P02_1	17	326596	47
Mock_P02_1	17	326596	45
Mock_P02_1	17	326596	57
Mock_P02_1	17	326596	48
Mock_P02_1	17	326596	54
Mock_P02_1	17	326596	72
Mock_P02_1	17	326596	45
Mock_P02_1	17	326596	15
Mock_P02_1	17	326596	49
Mock_P02_1	17	326596	46
Mock_P02_1	17	326596	84
Mock_P02_1	17	326596	27
Mock_P02_1	17	326596	50
Mock_P02_1	17	326596	57
Mock_P02_1	17	326596	89
Mock_P02_1	17	326596	99
Mock_P02_1	17	326596	59
Mock_P02_1	17	326596	54
Mock_P02_1	17	326596	132
Mock_P02_1	17	326596	30
Mock_P02_1	17	326596	160
Mock_P02_1	17	326596	31
Mock_P02_1	17	326596	104
Mock_P02_1	17	326596	105
Mock_P02_1	17	326596	99
Mock_P02_1	17	326596	90
Mock_P02_1	17	326596	50
Mock_P02_1	17	326596	46
Mock_P02_1	17	326596	83
Mock_P02_1	17	326596	56
Mock_P02_1	17	326596	38
Mock_P02_1	17	326596	95
Mock_P02_1	17	326596	96
Mock_P02_1	17	326596	101
Mock_P02_1	17	326596	149
Mock_P02_1	17	326596	109
Mock_P02_1	17	326596	86
Mock_P02_1	17	326596	97
Mock_P02_1	17	326596	72
Mock_P02_1	17	326596	109
Mock_P02_1	17	326596	85
Mock_P02_1	17	326596	94
Mock_P02_1	17	326596	95
Mock_P02_1	17	326596	113
Mock_P02_1	17	326596	65
Mock_P02_1	17	326596	54
Mock_P02_1	17	326596	90
Mock_P02_1	17	326596	40
Mock_P02_1	17	326596	136
Mock_P02_1	17	326596	94
Mock_P02_1	17	326596	153
Mock_P02_1	17	326596	95
Mock_P02_1	17	326596	110
Mock_P02_1	17	326596	99
Mock_P02_1	17	326596	74
Mock_P02_1	17	326596	108
Mock_P02_1	17	326596	78
Mock_P02_1	17	326596	67
Mock_P02_1	17	326596	102
Mock_P02_1	17	326596	128
Mock_P02_1	17	326596	82
Mock_P02_1	17	326596	99
Mock_P02_1	17	326596	29
Mock_P02_1	17	326596	92
Mock_P02_1	17	326596	154
Mock_P02_1	17	326596	62
Mock_P02_1	17	326596	86
Mock_P02_1	18	362075	29
Mock_P02_1	18	362075	82
Mock_P02_1	18	362075	50
Mock_P02_1	18	362075	52
Mock_P02_1	18	362075	77
Mock_P02_1	18	362075	13
Mock_P02_1	18	362075	37
Mock_P02_1	18	362075	46
Mock_P02_1	18	362075	54
Mock_P02_1	18	362075	75
Mock_P02_1	18	362075	65
Mock_P02_1	18	362075	94
Mock_P02_1	18	362075	113
Mock_P02_1	18	362075	64
Mock_P02_1	18	362075	21
Mock_P02_1	18	362075	85
Mock_P02_1	18	362075	129
Mock_P02_1	18	362075	80
Mock_P02_1	18	362075	106
Mock_P02_1	18	362075	31
Mock_P02_1	18	362075	116
Mock_P02_1	18	362075	50
Mock_P02_1	18	362075	119
Mock_P02_1	18	362075	97
Mock_P02_1	18	362075	105
Mock_P02_1	18	362075	159
Mock_P02_1	18	362075	53
Mock_P02_1	18	362075	107
Mock_P02_1	18	362075	126
Mock_P02_1	18	362075	142
Mock_P02_1	18	362075	208
Mock_P02_1	18	362075	20
Mock_P02_1	18	362075	134
Mock_P02_1	18	362075	37
Mock_P02_1	18	362075	49
Mock_P02_1	18	362075	161
Mock_P02_1	18	362075	42
Mock_P02_1	18	362075	58
Mock_P02_1	18	362075	110
Mock_P02_1	18	362075	116
Mock_P02_1	18	362075	143
Mock_P02_1	18	362075	264
Mock_P02_1	18	362075	119
Mock_P02_1	18	362075	73
Mock_P02_1	18	362075	111
Mock_P02_1	18	362075	57
Mock_P02_1	18	362075	90
Mock_P02_1	18	362075	128
Mock_P02_1	18	362075	118
Mock_P02_1	18	362075	81
Mock_P02_1	18	362075	128
Mock_P02_1	18	362075	90
Mock_P02_1	18	362075	195
Mock_P02_1	18	362075	63
Mock_P02_1	18	362075	92
Mock_P02_1	18	362075	105
Mock_P02_1	18	362075	178
Mock_P02_1	18	362075	73
Mock_P02_1	18	362075	89
Mock_P02_1	18	362075	156
Mock_P02_1	18	362075	95
Mock_P02_1	18	362075	63
Mock_P02_1	18	362075	53
Mock_P02_1	18	362075	116
Mock_P02_1	18	362075	101
Mock_P02_1	18	362075	247
Mock_P02_1	18	362075	70
Mock_P02_1	18	362075	60
Mock_P02_1	18	362075	106
Mock_P02_1	18	362075	18
Mock_P02_1	18	362075	70
Mock_P02_1	18	362075	125
Mock_P02_1	18	362075	66
Mock_P02_1	18	362075	108
Mock_P02_1	18	362075	44
Mock_P02_1	18	362075	139
Mock_P02_1	18	362075	151
Mock_P02_1	18	362075	66
Mock_P02_1	18	362075	97
Mock_P02_1	18	362075	147
Mock_P02_1	18	362075	95
Mock_P02_1	18	362075	68
Mock_P02_1	18	362075	72
Mock_P02_1	18	362075	87
Mock_P02_1	18	362075	68
Mock_P02_1	18	362075	63
Mock_P02_1	18	362075	77
Mock_P02_1	18	362075	102
Mock_P02_1	18	362075	27
Mock_P02_1	18	362075	141
Mock_P02_1	18	362075	165
Mock_P02_1	18	362075	102
Mock_P02_1	18	362075	10
Mock_P02_1	18	362075	75
Mock_P02_1	18	362075	44
Mock_P02_1	18	362075	93
Mock_P02_1	18	362075	187
Mock_P02_1	18	362075	93
Mock_P02_1	18	362075	50
Mock_P02_1	18	362075	238
Mock_P02_1	18	362075	156
Mock_P02_1	18	362075	77
Mock_P02_1	18	362075	50
Mock_P02_1	18	362075	111
Mock_P02_1	18	362075	144
Mock_P02_1	18	362075	155
Mock_P02_1	18	362075	62
Mock_P02_1	18	362075	148
Mock_P02_1	18	362075	124
Mock_P02_1	18	362075	47
Mock_P02_1	18	362075	233
Mock_P02_1	18	362075	147
Mock_P02_1	18	362075	10
Mock_P02_1	18	362075	111
Mock_P02_1	18	362075	121
Mock_P02_1	18	362075	106
Mock_P02_1	18	362075	88
Mock_P02_1	18	362075	115
Mock_P02_1	18	362075	188
Mock_P02_1	18	362075	37
Mock_P02_1	18	362075	128
Mock_P02_1	18	362075	196
Mock_P02_1	18	362075	39
Mock_P02_1	18	362075	39
Mock_P02_1	18	362075	140
Mock_P02_1	18	362075	103
Mock_P02_1	18	362075	112
Mock_P02_1	18	362075	118
Mock_P02_1	18	362075	13
Mock_P02_1	18	362075	135
Mock_P02_1	18	362075	124
Mock_P02_1	18	362075	103
Mock_P02_1	18	362075	52
Mock_P02_1	18	362075	101
Mock_P02_1	18	362075	132
Mock_P02_1	18	362075	111
Mock_P02_1	18	362075	101
Mock_P02_1	18	362075	57
Mock_P02_1	18	362075	79
Mock_P02_1	18	362075	57
Mock_P02_1	18	362075	132
Mock_P02_1	18	362075	46
Mock_P02_1	18	362075	210
Mock_P02_1	18	362075	45
Mock_P02_1	18	362075	19
Mock_P02_1	18	362075	135
Mock_P02_1	18	362075	66
Mock_P02_1	18	362075	162
Mock_P02_1	18	362075	134
Mock_P02_1	18	362075	115
Mock_P02_1	18	362075	86
Mock_P02_1	18	362075	94
Mock_P02_1	18	362075	24
Mock_P02_1	18	362075	42
Mock_P02_1	18	362075	271
Mock_P02_1	18	362075	32
Mock_P02_1	18	362075	137
Mock_P02_1	18	362075	76
Mock_P02_1	18	362075	17
Mock_P02_1	18	362075	105
Mock_P02_1	18	362075	44
Mock_P02_1	18	362075	181
Mock_P02_1	18	362075	112
Mock_P02_1	18	362075	88
Mock_P02_1	18	362075	161
Mock_P02_1	18	362075	110
Mock_P02_1	18	362075	203
Mock_P02_1	18	362075	151
Mock_P02_1	18	362075	33
Mock_P02_1	18	362075	177
Mock_P02_1	18	362075	186
Mock_P02_1	18	362075	207
Mock_P02_1	18	362075	68
Mock_P02_1	18	362075	72
