fichier	leaf	surfaceLeaf	surfaceLesion
Mock_P01_1	1	276070	0
Mock_P01_1	2	207538	0
Mock_P01_1	3	320297	334
Mock_P01_1	4	275548	0
Mock_P01_1	5	272342	0
Mock_P01_1	6	331431	96
Mock_P01_1	6	331431	25
Mock_P01_1	6	331431	55
Mock_P01_1	6	331431	47
Mock_P01_1	6	331431	115
Mock_P01_1	6	331431	41
Mock_P01_1	6	331431	86
Mock_P01_1	6	331431	100
Mock_P01_1	6	331431	99
Mock_P01_1	6	331431	46
Mock_P01_1	6	331431	25
Mock_P01_1	6	331431	18
Mock_P01_1	6	331431	21
Mock_P01_1	6	331431	28
Mock_P01_1	6	331431	76
Mock_P01_1	6	331431	22
Mock_P01_1	6	331431	125
Mock_P01_1	6	331431	23
Mock_P01_1	6	331431	69
Mock_P01_1	6	331431	68
Mock_P01_1	6	331431	16
Mock_P01_1	6	331431	59
Mock_P01_1	6	331431	79
Mock_P01_1	6	331431	22
Mock_P01_1	6	331431	50
Mock_P01_1	6	331431	66
Mock_P01_1	6	331431	66
Mock_P01_1	6	331431	171
Mock_P01_1	6	331431	81
Mock_P01_1	6	331431	23
Mock_P01_1	6	331431	95
Mock_P01_1	6	331431	134
Mock_P01_1	6	331431	39
Mock_P01_1	6	331431	64
Mock_P01_1	6	331431	154
Mock_P01_1	6	331431	117
Mock_P01_1	6	331431	192
Mock_P01_1	6	331431	115
Mock_P01_1	6	331431	70
Mock_P01_1	6	331431	53
Mock_P01_1	6	331431	91
Mock_P01_1	6	331431	92
Mock_P01_1	6	331431	69
Mock_P01_1	6	331431	125
Mock_P01_1	6	331431	53
Mock_P01_1	6	331431	68
Mock_P01_1	6	331431	69
Mock_P01_1	6	331431	92
Mock_P01_1	6	331431	86
Mock_P01_1	6	331431	202
Mock_P01_1	6	331431	269
Mock_P01_1	6	331431	122
Mock_P01_1	6	331431	28
Mock_P01_1	6	331431	68
Mock_P01_1	6	331431	42
Mock_P01_1	6	331431	192
Mock_P01_1	6	331431	171
Mock_P01_1	6	331431	98
Mock_P01_1	6	331431	76
Mock_P01_1	6	331431	79
Mock_P01_1	6	331431	288
Mock_P01_1	6	331431	78
Mock_P01_1	6	331431	120
Mock_P01_1	6	331431	117
Mock_P01_1	6	331431	58
Mock_P01_1	6	331431	73
Mock_P01_1	6	331431	106
Mock_P01_1	6	331431	82
Mock_P01_1	6	331431	100
Mock_P01_1	6	331431	74
Mock_P01_1	6	331431	340
Mock_P01_1	6	331431	117
Mock_P01_1	6	331431	81
Mock_P01_1	6	331431	112
Mock_P01_1	6	331431	91
Mock_P01_1	6	331431	184
Mock_P01_1	6	331431	39
Mock_P01_1	6	331431	137
Mock_P01_1	6	331431	180
Mock_P01_1	6	331431	38
Mock_P01_1	6	331431	30
Mock_P01_1	6	331431	165
Mock_P01_1	6	331431	91
Mock_P01_1	6	331431	44
Mock_P01_1	6	331431	52
Mock_P01_1	6	331431	110
Mock_P01_1	6	331431	90
Mock_P01_1	6	331431	38
Mock_P01_1	6	331431	152
Mock_P01_1	6	331431	68
Mock_P01_1	6	331431	69
Mock_P01_1	6	331431	83
Mock_P01_1	6	331431	18
Mock_P01_1	6	331431	61
Mock_P01_1	6	331431	75
Mock_P01_1	6	331431	41
Mock_P01_1	6	331431	26
Mock_P01_1	6	331431	57
Mock_P01_1	6	331431	78
Mock_P01_1	6	331431	99
Mock_P01_1	6	331431	88
Mock_P01_1	6	331431	83
Mock_P01_1	6	331431	15
Mock_P01_1	6	331431	37
Mock_P01_1	6	331431	107
Mock_P01_1	6	331431	106
Mock_P01_1	6	331431	67
Mock_P01_1	6	331431	83
Mock_P01_1	6	331431	105
Mock_P01_1	6	331431	123
Mock_P01_1	6	331431	200
Mock_P01_1	6	331431	120
Mock_P01_1	6	331431	98
Mock_P01_1	6	331431	244
Mock_P01_1	6	331431	102
Mock_P01_1	6	331431	44
Mock_P01_1	6	331431	225
Mock_P01_1	6	331431	83
Mock_P01_1	6	331431	118
Mock_P01_1	6	331431	66
Mock_P01_1	6	331431	119
Mock_P01_1	6	331431	365
Mock_P01_1	6	331431	45
Mock_P01_1	6	331431	97
Mock_P01_1	6	331431	91
Mock_P01_1	6	331431	91
Mock_P01_1	6	331431	69
Mock_P01_1	6	331431	211
Mock_P01_1	6	331431	69
Mock_P01_1	6	331431	137
Mock_P01_1	6	331431	81
Mock_P01_1	6	331431	263
Mock_P01_1	6	331431	75
Mock_P01_1	6	331431	32
Mock_P01_1	6	331431	127
Mock_P01_1	6	331431	28
Mock_P01_1	6	331431	61
Mock_P01_1	6	331431	71
Mock_P01_1	6	331431	71
Mock_P01_1	6	331431	206
Mock_P01_1	6	331431	197
Mock_P01_1	6	331431	54
Mock_P01_1	6	331431	140
Mock_P01_1	6	331431	84
Mock_P01_1	6	331431	88
Mock_P01_1	6	331431	53
Mock_P01_1	6	331431	105
Mock_P01_1	6	331431	84
Mock_P01_1	6	331431	116
Mock_P01_1	6	331431	121
Mock_P01_1	6	331431	122
Mock_P01_1	6	331431	149
Mock_P01_1	6	331431	103
Mock_P01_1	6	331431	198
Mock_P01_1	6	331431	116
Mock_P01_1	6	331431	237
Mock_P01_1	6	331431	96
Mock_P01_1	6	331431	206
Mock_P01_1	6	331431	87
Mock_P01_1	6	331431	129
Mock_P01_1	6	331431	129
Mock_P01_1	6	331431	142
Mock_P01_1	6	331431	124
Mock_P01_1	6	331431	108
Mock_P01_1	6	331431	55
Mock_P01_1	6	331431	97
Mock_P01_1	6	331431	502
Mock_P01_1	6	331431	23
Mock_P01_1	6	331431	103
Mock_P01_1	6	331431	56
Mock_P01_1	6	331431	93
Mock_P01_1	6	331431	89
Mock_P01_1	6	331431	97
Mock_P01_1	6	331431	198
Mock_P01_1	6	331431	73
Mock_P01_1	6	331431	87
Mock_P01_1	6	331431	110
Mock_P01_1	6	331431	182
Mock_P01_1	6	331431	82
Mock_P01_1	6	331431	359
Mock_P01_1	6	331431	112
Mock_P01_1	6	331431	179
Mock_P01_1	6	331431	418
Mock_P01_1	6	331431	87
Mock_P01_1	6	331431	166
Mock_P01_1	6	331431	97
Mock_P01_1	6	331431	184
Mock_P01_1	6	331431	75
Mock_P01_1	6	331431	105
Mock_P01_1	6	331431	90
Mock_P01_1	6	331431	228
Mock_P01_1	6	331431	20
Mock_P01_1	7	299101	62
Mock_P01_1	7	299101	56
Mock_P01_1	7	299101	76
Mock_P01_1	7	299101	49
Mock_P01_1	7	299101	77
Mock_P01_1	7	299101	34
Mock_P01_1	7	299101	78
Mock_P01_1	7	299101	54
Mock_P01_1	7	299101	78
Mock_P01_1	7	299101	13
Mock_P01_1	7	299101	23
Mock_P01_1	7	299101	80
Mock_P01_1	7	299101	96
Mock_P01_1	7	299101	28
Mock_P01_1	7	299101	76
Mock_P01_1	7	299101	60
Mock_P01_1	7	299101	88
Mock_P01_1	7	299101	98
Mock_P01_1	7	299101	52
Mock_P01_1	7	299101	132
Mock_P01_1	7	299101	111
Mock_P01_1	7	299101	94
Mock_P01_1	7	299101	275
Mock_P01_1	7	299101	146
Mock_P01_1	7	299101	83
Mock_P01_1	7	299101	146
Mock_P01_1	7	299101	162
Mock_P01_1	7	299101	95
Mock_P01_1	7	299101	69
Mock_P01_1	7	299101	117
Mock_P01_1	7	299101	98
Mock_P01_1	7	299101	90
Mock_P01_1	7	299101	74
Mock_P01_1	7	299101	74
Mock_P01_1	7	299101	17
Mock_P01_1	7	299101	151
Mock_P01_1	7	299101	52
Mock_P01_1	7	299101	75
Mock_P01_1	7	299101	83
Mock_P01_1	7	299101	103
Mock_P01_1	7	299101	94
Mock_P01_1	7	299101	49
Mock_P01_1	7	299101	96
Mock_P01_1	7	299101	49
Mock_P01_1	7	299101	259
Mock_P01_1	7	299101	71
Mock_P01_1	7	299101	68
Mock_P01_1	7	299101	74
Mock_P01_1	7	299101	185
Mock_P01_1	7	299101	97
Mock_P01_1	7	299101	77
Mock_P01_1	7	299101	105
Mock_P01_1	7	299101	78
Mock_P01_1	7	299101	77
Mock_P01_1	7	299101	102
Mock_P01_1	7	299101	54
Mock_P01_1	7	299101	70
Mock_P01_1	7	299101	96
Mock_P01_1	7	299101	35
Mock_P01_1	7	299101	212
Mock_P01_1	7	299101	51
Mock_P01_1	7	299101	82
Mock_P01_1	7	299101	167
Mock_P01_1	7	299101	65
Mock_P01_1	7	299101	61
Mock_P01_1	7	299101	72
Mock_P01_1	7	299101	42
Mock_P01_1	7	299101	294
Mock_P01_1	7	299101	60
Mock_P01_1	7	299101	72
Mock_P01_1	7	299101	17
Mock_P01_1	7	299101	179
Mock_P01_1	7	299101	70
Mock_P01_1	7	299101	72
Mock_P01_1	7	299101	67
Mock_P01_1	7	299101	47
Mock_P01_1	7	299101	145
Mock_P01_1	7	299101	61
Mock_P01_1	7	299101	77
Mock_P01_1	7	299101	310
Mock_P01_1	7	299101	40
Mock_P01_1	7	299101	97
Mock_P01_1	7	299101	112
Mock_P01_1	7	299101	94
Mock_P01_1	7	299101	80
Mock_P01_1	7	299101	69
Mock_P01_1	7	299101	21
Mock_P01_1	7	299101	147
Mock_P01_1	7	299101	175
Mock_P01_1	7	299101	224
Mock_P01_1	7	299101	290
Mock_P01_1	7	299101	140
Mock_P01_1	7	299101	122
Mock_P01_1	7	299101	72
Mock_P01_1	7	299101	15
Mock_P01_1	7	299101	208
Mock_P01_1	7	299101	43
Mock_P01_1	7	299101	19
Mock_P01_1	7	299101	80
Mock_P01_1	7	299101	93
Mock_P01_1	7	299101	46
Mock_P01_1	7	299101	474
Mock_P01_1	7	299101	216
Mock_P01_1	7	299101	79
Mock_P01_1	7	299101	21
Mock_P01_1	7	299101	87
Mock_P01_1	7	299101	56
Mock_P01_1	7	299101	96
Mock_P01_1	7	299101	85
Mock_P01_1	7	299101	100
Mock_P01_1	7	299101	46
Mock_P01_1	7	299101	61
Mock_P01_1	7	299101	78
Mock_P01_1	7	299101	97
Mock_P01_1	7	299101	61
Mock_P01_1	7	299101	88
Mock_P01_1	7	299101	16
Mock_P01_1	7	299101	101
Mock_P01_1	7	299101	86
Mock_P01_1	7	299101	115
Mock_P01_1	7	299101	91
Mock_P01_1	7	299101	164
Mock_P01_1	7	299101	218
Mock_P01_1	7	299101	82
Mock_P01_1	7	299101	176
Mock_P01_1	7	299101	32
Mock_P01_1	7	299101	95
Mock_P01_1	7	299101	126
Mock_P01_1	7	299101	101
Mock_P01_1	7	299101	71
Mock_P01_1	7	299101	296
Mock_P01_1	7	299101	85
Mock_P01_1	7	299101	57
Mock_P01_1	7	299101	87
Mock_P01_1	7	299101	97
Mock_P01_1	7	299101	220
Mock_P01_1	7	299101	60
Mock_P01_1	7	299101	131
Mock_P01_1	7	299101	72
Mock_P01_1	7	299101	212
Mock_P01_1	7	299101	168
Mock_P01_1	7	299101	63
Mock_P01_1	7	299101	77
Mock_P01_1	7	299101	173
Mock_P01_1	7	299101	211
Mock_P01_1	7	299101	60
Mock_P01_1	7	299101	119
Mock_P01_1	7	299101	99
Mock_P01_1	7	299101	63
Mock_P01_1	7	299101	119
Mock_P01_1	7	299101	69
Mock_P01_1	7	299101	128
Mock_P01_1	7	299101	139
Mock_P01_1	7	299101	196
Mock_P01_1	7	299101	140
Mock_P01_1	7	299101	143
Mock_P01_1	7	299101	58
Mock_P01_1	7	299101	118
Mock_P01_1	7	299101	19
Mock_P01_1	7	299101	111
Mock_P01_1	7	299101	90
Mock_P01_1	7	299101	38
Mock_P01_1	7	299101	84
Mock_P01_1	7	299101	123
Mock_P01_1	7	299101	86
Mock_P01_1	7	299101	88
Mock_P01_1	7	299101	99
Mock_P01_1	7	299101	54
Mock_P01_1	7	299101	49
Mock_P01_1	7	299101	11
Mock_P01_1	8	345771	58
Mock_P01_1	8	345771	77
Mock_P01_1	8	345771	22
Mock_P01_1	8	345771	122
Mock_P01_1	8	345771	10
Mock_P01_1	8	345771	32
Mock_P01_1	8	345771	63
Mock_P01_1	8	345771	37
Mock_P01_1	8	345771	53
Mock_P01_1	8	345771	53
Mock_P01_1	8	345771	87
Mock_P01_1	8	345771	38
Mock_P01_1	8	345771	19
Mock_P01_1	8	345771	21
Mock_P01_1	8	345771	60
Mock_P01_1	8	345771	10
Mock_P01_1	8	345771	36
Mock_P01_1	8	345771	31
Mock_P01_1	8	345771	94
Mock_P01_1	8	345771	52
Mock_P01_1	8	345771	77
Mock_P01_1	8	345771	92
Mock_P01_1	8	345771	108
Mock_P01_1	8	345771	114
Mock_P01_1	8	345771	38
Mock_P01_1	8	345771	100
Mock_P01_1	8	345771	62
Mock_P01_1	8	345771	119
Mock_P01_1	8	345771	96
Mock_P01_1	8	345771	36
Mock_P01_1	8	345771	79
Mock_P01_1	8	345771	99
Mock_P01_1	8	345771	99
Mock_P01_1	8	345771	126
Mock_P01_1	8	345771	201
Mock_P01_1	8	345771	95
Mock_P01_1	8	345771	109
Mock_P01_1	8	345771	291
Mock_P01_1	8	345771	137
Mock_P01_1	8	345771	80
Mock_P01_1	8	345771	146
Mock_P01_1	8	345771	68
Mock_P01_1	8	345771	86
Mock_P01_1	8	345771	104
Mock_P01_1	8	345771	130
Mock_P01_1	8	345771	171
Mock_P01_1	8	345771	98
Mock_P01_1	8	345771	156
Mock_P01_1	8	345771	105
Mock_P01_1	8	345771	74
Mock_P01_1	8	345771	101
Mock_P01_1	8	345771	64
Mock_P01_1	8	345771	92
Mock_P01_1	8	345771	204
Mock_P01_1	8	345771	105
Mock_P01_1	8	345771	88
Mock_P01_1	8	345771	52
Mock_P01_1	8	345771	66
Mock_P01_1	8	345771	166
Mock_P01_1	8	345771	122
Mock_P01_1	8	345771	116
Mock_P01_1	8	345771	116
Mock_P01_1	8	345771	144
Mock_P01_1	8	345771	82
Mock_P01_1	8	345771	115
Mock_P01_1	8	345771	146
Mock_P01_1	8	345771	26
Mock_P01_1	8	345771	108
Mock_P01_1	8	345771	42
Mock_P01_1	8	345771	298
Mock_P01_1	8	345771	120
Mock_P01_1	8	345771	76
Mock_P01_1	8	345771	150
Mock_P01_1	8	345771	104
Mock_P01_1	8	345771	84
Mock_P01_1	8	345771	93
Mock_P01_1	8	345771	92
Mock_P01_1	8	345771	71
Mock_P01_1	8	345771	78
Mock_P01_1	8	345771	75
Mock_P01_1	8	345771	159
Mock_P01_1	8	345771	119
Mock_P01_1	8	345771	43
Mock_P01_1	8	345771	120
Mock_P01_1	8	345771	113
Mock_P01_1	8	345771	109
Mock_P01_1	8	345771	49
Mock_P01_1	8	345771	77
Mock_P01_1	8	345771	45
Mock_P01_1	8	345771	64
Mock_P01_1	8	345771	98
Mock_P01_1	8	345771	181
Mock_P01_1	8	345771	36
Mock_P01_1	8	345771	72
Mock_P01_1	8	345771	68
Mock_P01_1	8	345771	103
Mock_P01_1	8	345771	118
Mock_P01_1	8	345771	244
Mock_P01_1	8	345771	47
Mock_P01_1	8	345771	116
Mock_P01_1	8	345771	53
Mock_P01_1	8	345771	47
Mock_P01_1	8	345771	89
Mock_P01_1	8	345771	88
Mock_P01_1	8	345771	75
Mock_P01_1	8	345771	133
Mock_P01_1	8	345771	83
Mock_P01_1	8	345771	88
Mock_P01_1	8	345771	118
Mock_P01_1	8	345771	130
Mock_P01_1	8	345771	203
Mock_P01_1	8	345771	127
Mock_P01_1	8	345771	72
Mock_P01_1	8	345771	134
Mock_P01_1	8	345771	108
Mock_P01_1	8	345771	166
Mock_P01_1	8	345771	47
Mock_P01_1	8	345771	171
Mock_P01_1	8	345771	97
Mock_P01_1	8	345771	76
Mock_P01_1	8	345771	86
Mock_P01_1	8	345771	103
Mock_P01_1	8	345771	192
Mock_P01_1	8	345771	77
Mock_P01_1	8	345771	108
Mock_P01_1	8	345771	94
Mock_P01_1	8	345771	64
Mock_P01_1	8	345771	78
Mock_P01_1	8	345771	96
Mock_P01_1	8	345771	179
Mock_P01_1	8	345771	85
Mock_P01_1	9	311754	42
Mock_P01_1	9	311754	45
Mock_P01_1	9	311754	63
Mock_P01_1	9	311754	47
Mock_P01_1	9	311754	45
Mock_P01_1	9	311754	112
Mock_P01_1	9	311754	17
Mock_P01_1	9	311754	39
Mock_P01_1	9	311754	61
Mock_P01_1	9	311754	45
Mock_P01_1	9	311754	14
Mock_P01_1	9	311754	43
Mock_P01_1	9	311754	91
Mock_P01_1	9	311754	38
Mock_P01_1	9	311754	58
Mock_P01_1	9	311754	49
Mock_P01_1	9	311754	91
Mock_P01_1	9	311754	103
Mock_P01_1	9	311754	28
Mock_P01_1	9	311754	33
Mock_P01_1	9	311754	12
Mock_P01_1	9	311754	67
Mock_P01_1	9	311754	63
Mock_P01_1	9	311754	34
Mock_P01_1	9	311754	77
Mock_P01_1	9	311754	104
Mock_P01_1	9	311754	44
Mock_P01_1	9	311754	68
Mock_P01_1	9	311754	117
Mock_P01_1	9	311754	49
Mock_P01_1	9	311754	68
Mock_P01_1	9	311754	131
Mock_P01_1	9	311754	22
Mock_P01_1	9	311754	137
Mock_P01_1	9	311754	127
Mock_P01_1	9	311754	81
Mock_P01_1	9	311754	80
Mock_P01_1	9	311754	169
Mock_P01_1	9	311754	60
Mock_P01_1	9	311754	63
Mock_P01_1	9	311754	57
Mock_P01_1	9	311754	81
Mock_P01_1	9	311754	21
Mock_P01_1	9	311754	79
Mock_P01_1	9	311754	62
Mock_P01_1	9	311754	203
Mock_P01_1	9	311754	64
Mock_P01_1	9	311754	101
Mock_P01_1	9	311754	85
Mock_P01_1	9	311754	138
Mock_P01_1	9	311754	37
Mock_P01_1	9	311754	119
Mock_P01_1	9	311754	64
Mock_P01_1	9	311754	162
Mock_P01_1	9	311754	111
Mock_P01_1	9	311754	105
Mock_P01_1	9	311754	86
Mock_P01_1	9	311754	85
Mock_P01_1	9	311754	41
Mock_P01_1	9	311754	105
Mock_P01_1	9	311754	80
Mock_P01_1	9	311754	186
Mock_P01_1	9	311754	81
Mock_P01_1	9	311754	70
Mock_P01_1	9	311754	101
Mock_P01_1	9	311754	43
Mock_P01_1	9	311754	101
Mock_P01_1	9	311754	63
Mock_P01_1	9	311754	53
Mock_P01_1	9	311754	91
Mock_P01_1	9	311754	85
Mock_P01_1	9	311754	58
Mock_P01_1	9	311754	132
Mock_P01_1	9	311754	72
Mock_P01_1	9	311754	86
Mock_P01_1	9	311754	183
Mock_P01_1	9	311754	56
Mock_P01_1	9	311754	43
Mock_P01_1	9	311754	130
Mock_P01_1	9	311754	62
Mock_P01_1	9	311754	38
Mock_P01_1	9	311754	61
Mock_P01_1	9	311754	46
Mock_P01_1	9	311754	93
Mock_P01_1	9	311754	35
Mock_P01_1	9	311754	42
Mock_P01_1	9	311754	45
Mock_P01_1	9	311754	170
Mock_P01_1	9	311754	71
Mock_P01_1	9	311754	72
Mock_P01_1	9	311754	33
Mock_P01_1	9	311754	81
Mock_P01_1	9	311754	110
Mock_P01_1	9	311754	61
Mock_P01_1	9	311754	70
Mock_P01_1	9	311754	102
Mock_P01_1	9	311754	92
Mock_P01_1	9	311754	169
Mock_P01_1	9	311754	113
Mock_P01_1	9	311754	118
Mock_P01_1	9	311754	108
Mock_P01_1	9	311754	50
Mock_P01_1	9	311754	49
Mock_P01_1	9	311754	69
Mock_P01_1	9	311754	100
Mock_P01_1	9	311754	57
Mock_P01_1	9	311754	52
Mock_P01_1	9	311754	36
Mock_P01_1	9	311754	91
Mock_P01_1	9	311754	72
Mock_P01_1	9	311754	56
Mock_P01_1	9	311754	34
Mock_P01_1	9	311754	76
Mock_P01_1	9	311754	158
Mock_P01_1	9	311754	40
Mock_P01_1	9	311754	69
Mock_P01_1	9	311754	12
Mock_P01_1	9	311754	58
Mock_P01_1	9	311754	31
Mock_P01_1	9	311754	10
Mock_P01_1	9	311754	72
Mock_P01_1	9	311754	121
Mock_P01_1	9	311754	48
Mock_P01_1	9	311754	47
Mock_P01_1	9	311754	75
Mock_P01_1	9	311754	100
Mock_P01_1	9	311754	41
Mock_P01_1	9	311754	43
Mock_P01_1	9	311754	151
Mock_P01_1	9	311754	38
Mock_P01_1	9	311754	66
Mock_P01_1	9	311754	39
Mock_P01_1	9	311754	15
Mock_P01_1	9	311754	116
Mock_P01_1	9	311754	60
Mock_P01_1	9	311754	63
Mock_P01_1	9	311754	90
Mock_P01_1	9	311754	52
Mock_P01_1	9	311754	48
Mock_P01_1	9	311754	62
Mock_P01_1	9	311754	83
Mock_P01_1	9	311754	41
Mock_P01_1	9	311754	67
Mock_P01_1	9	311754	97
Mock_P01_1	9	311754	57
Mock_P01_1	9	311754	86
Mock_P01_1	9	311754	53
Mock_P01_1	9	311754	46
Mock_P01_1	9	311754	10
Mock_P01_1	9	311754	36
Mock_P01_1	9	311754	56
Mock_P01_1	9	311754	70
Mock_P01_1	9	311754	105
Mock_P01_1	9	311754	34
Mock_P01_1	9	311754	34
Mock_P01_1	9	311754	43
Mock_P01_1	9	311754	95
Mock_P01_1	9	311754	22
Mock_P01_1	9	311754	72
Mock_P01_1	9	311754	100
Mock_P01_1	9	311754	57
Mock_P01_1	9	311754	127
Mock_P01_1	9	311754	89
Mock_P01_1	9	311754	28
Mock_P01_1	9	311754	32
Mock_P01_1	9	311754	86
Mock_P01_1	9	311754	118
Mock_P01_1	9	311754	58
Mock_P01_1	9	311754	88
Mock_P01_1	9	311754	119
Mock_P01_1	9	311754	95
Mock_P01_1	9	311754	52
Mock_P01_1	9	311754	345
Mock_P01_1	9	311754	94
Mock_P01_1	9	311754	81
Mock_P01_1	9	311754	75
Mock_P01_1	9	311754	38
Mock_P01_1	9	311754	50
Mock_P01_1	9	311754	48
Mock_P01_1	9	311754	17
Mock_P01_1	9	311754	78
Mock_P01_1	9	311754	138
Mock_P01_1	9	311754	65
Mock_P01_1	9	311754	69
Mock_P01_1	9	311754	99
Mock_P01_1	9	311754	372
Mock_P01_1	9	311754	90
Mock_P01_1	9	311754	42
Mock_P01_1	9	311754	67
Mock_P01_1	9	311754	121
Mock_P01_1	9	311754	181
Mock_P01_1	9	311754	43
Mock_P01_1	9	311754	85
Mock_P01_1	9	311754	209
Mock_P01_1	9	311754	166
Mock_P01_1	9	311754	25
Mock_P01_1	9	311754	71
Mock_P01_1	9	311754	88
Mock_P01_1	9	311754	34
Mock_P01_1	9	311754	68
Mock_P01_1	9	311754	161
Mock_P01_1	9	311754	78
Mock_P01_1	9	311754	60
Mock_P01_1	9	311754	63
Mock_P01_1	9	311754	90
Mock_P01_1	9	311754	226
Mock_P01_1	9	311754	163
Mock_P01_1	10	293449	101
Mock_P01_1	10	293449	20
Mock_P01_1	10	293449	38
Mock_P01_1	10	293449	30
Mock_P01_1	10	293449	16
Mock_P01_1	10	293449	102
Mock_P01_1	10	293449	44
Mock_P01_1	10	293449	119
Mock_P01_1	10	293449	38
Mock_P01_1	10	293449	84
Mock_P01_1	10	293449	12
Mock_P01_1	10	293449	73
Mock_P01_1	10	293449	12
Mock_P01_1	10	293449	38
Mock_P01_1	10	293449	57
Mock_P01_1	10	293449	66
Mock_P01_1	10	293449	95
Mock_P01_1	10	293449	67
Mock_P01_1	10	293449	71
Mock_P01_1	10	293449	95
Mock_P01_1	10	293449	38
Mock_P01_1	10	293449	270
Mock_P01_1	10	293449	41
Mock_P01_1	10	293449	72
Mock_P01_1	10	293449	69
Mock_P01_1	10	293449	220
Mock_P01_1	10	293449	125
Mock_P01_1	10	293449	91
Mock_P01_1	10	293449	90
Mock_P01_1	10	293449	88
Mock_P01_1	10	293449	152
Mock_P01_1	10	293449	146
Mock_P01_1	10	293449	53
Mock_P01_1	10	293449	147
Mock_P01_1	10	293449	88
Mock_P01_1	10	293449	203
Mock_P01_1	10	293449	83
Mock_P01_1	10	293449	18
Mock_P01_1	10	293449	91
Mock_P01_1	10	293449	108
Mock_P01_1	10	293449	204
Mock_P01_1	10	293449	91
Mock_P01_1	10	293449	88
Mock_P01_1	10	293449	74
Mock_P01_1	10	293449	80
Mock_P01_1	10	293449	181
Mock_P01_1	10	293449	58
Mock_P01_1	10	293449	87
Mock_P01_1	10	293449	57
Mock_P01_1	10	293449	162
Mock_P01_1	10	293449	85
Mock_P01_1	10	293449	13
Mock_P01_1	10	293449	304
Mock_P01_1	10	293449	66
Mock_P01_1	10	293449	94
Mock_P01_1	10	293449	125
Mock_P01_1	10	293449	109
Mock_P01_1	10	293449	42
Mock_P01_1	10	293449	79
Mock_P01_1	10	293449	85
Mock_P01_1	10	293449	55
Mock_P01_1	10	293449	99
Mock_P01_1	10	293449	74
Mock_P01_1	10	293449	81
Mock_P01_1	10	293449	131
Mock_P01_1	10	293449	51
Mock_P01_1	10	293449	132
Mock_P01_1	10	293449	436
Mock_P01_1	10	293449	84
Mock_P01_1	10	293449	53
Mock_P01_1	10	293449	90
Mock_P01_1	10	293449	124
Mock_P01_1	10	293449	87
Mock_P01_1	10	293449	139
Mock_P01_1	10	293449	109
Mock_P01_1	10	293449	40
Mock_P01_1	10	293449	106
Mock_P01_1	10	293449	149
Mock_P01_1	10	293449	54
Mock_P01_1	10	293449	121
Mock_P01_1	10	293449	153
Mock_P01_1	10	293449	138
Mock_P01_1	10	293449	119
Mock_P01_1	10	293449	24
Mock_P01_1	10	293449	202
Mock_P01_1	10	293449	192
Mock_P01_1	10	293449	153
Mock_P01_1	10	293449	111
Mock_P01_1	10	293449	79
Mock_P01_1	10	293449	73
Mock_P01_1	10	293449	93
Mock_P01_1	10	293449	114
Mock_P01_1	10	293449	50
Mock_P01_1	10	293449	102
Mock_P01_1	10	293449	93
Mock_P01_1	10	293449	143
Mock_P01_1	10	293449	144
Mock_P01_1	10	293449	100
Mock_P01_1	10	293449	132
Mock_P01_1	10	293449	123
Mock_P01_1	10	293449	64
Mock_P01_1	10	293449	235
Mock_P01_1	10	293449	59
Mock_P01_1	10	293449	137
Mock_P01_1	10	293449	89
Mock_P01_1	10	293449	145
Mock_P01_1	10	293449	150
Mock_P01_1	10	293449	53
Mock_P01_1	10	293449	61
Mock_P01_1	10	293449	122
Mock_P01_1	10	293449	62
Mock_P01_1	10	293449	75
Mock_P01_1	10	293449	229
Mock_P01_1	10	293449	238
Mock_P01_1	10	293449	83
Mock_P01_1	10	293449	103
Mock_P01_1	10	293449	178
Mock_P01_1	10	293449	81
Mock_P01_1	10	293449	71
Mock_P01_1	10	293449	104
Mock_P01_1	10	293449	40
Mock_P01_1	10	293449	98
Mock_P01_1	10	293449	138
Mock_P01_1	10	293449	157
Mock_P01_1	10	293449	153
Mock_P01_1	10	293449	176
Mock_P01_1	10	293449	75
Mock_P01_1	10	293449	102
Mock_P01_1	10	293449	13
Mock_P01_1	10	293449	88
Mock_P01_1	10	293449	186
Mock_P01_1	10	293449	60
Mock_P01_1	10	293449	54
Mock_P01_1	10	293449	95
Mock_P01_1	10	293449	278
Mock_P01_1	10	293449	109
Mock_P01_1	10	293449	236
Mock_P01_1	10	293449	77
Mock_P01_1	10	293449	98
Mock_P01_1	10	293449	156
Mock_P01_1	10	293449	79
Mock_P01_1	10	293449	157
Mock_P01_1	10	293449	76
Mock_P01_1	10	293449	119
Mock_P01_1	10	293449	217
Mock_P01_1	10	293449	89
Mock_P01_1	10	293449	165
Mock_P01_1	10	293449	449
Mock_P01_1	10	293449	78
Mock_P01_1	10	293449	73
Mock_P01_1	11	310053	39
Mock_P01_1	11	310053	48
Mock_P01_1	11	310053	81
Mock_P01_1	11	310053	73
Mock_P01_1	11	310053	39
Mock_P01_1	11	310053	53
Mock_P01_1	11	310053	132
Mock_P01_1	11	310053	29
Mock_P01_1	11	310053	103
Mock_P01_1	11	310053	75
Mock_P01_1	11	310053	13
Mock_P01_1	11	310053	118
Mock_P01_1	11	310053	20
Mock_P01_1	11	310053	28
Mock_P01_1	11	310053	136
Mock_P01_1	11	310053	76
Mock_P01_1	11	310053	74
Mock_P01_1	11	310053	78
Mock_P01_1	11	310053	216
Mock_P01_1	11	310053	84
Mock_P01_1	11	310053	183
Mock_P01_1	11	310053	42
Mock_P01_1	11	310053	104
Mock_P01_1	11	310053	40
Mock_P01_1	11	310053	83
Mock_P01_1	11	310053	96
Mock_P01_1	11	310053	87
Mock_P01_1	11	310053	115
Mock_P01_1	11	310053	136
Mock_P01_1	11	310053	71
Mock_P01_1	11	310053	161
Mock_P01_1	11	310053	76
Mock_P01_1	11	310053	174
Mock_P01_1	11	310053	46
Mock_P01_1	11	310053	85
Mock_P01_1	11	310053	78
Mock_P01_1	11	310053	65
Mock_P01_1	11	310053	109
Mock_P01_1	11	310053	115
Mock_P01_1	11	310053	91
Mock_P01_1	11	310053	181
Mock_P01_1	11	310053	81
Mock_P01_1	11	310053	62
Mock_P01_1	11	310053	100
Mock_P01_1	11	310053	116
Mock_P01_1	11	310053	295
Mock_P01_1	11	310053	112
Mock_P01_1	11	310053	92
Mock_P01_1	11	310053	80
Mock_P01_1	11	310053	174
Mock_P01_1	11	310053	91
Mock_P01_1	11	310053	75
Mock_P01_1	11	310053	54
Mock_P01_1	11	310053	229
Mock_P01_1	11	310053	107
Mock_P01_1	11	310053	91
Mock_P01_1	11	310053	98
Mock_P01_1	11	310053	70
Mock_P01_1	11	310053	136
Mock_P01_1	11	310053	61
Mock_P01_1	11	310053	117
Mock_P01_1	11	310053	47
Mock_P01_1	11	310053	185
Mock_P01_1	11	310053	82
Mock_P01_1	11	310053	95
Mock_P01_1	11	310053	127
Mock_P01_1	11	310053	87
Mock_P01_1	11	310053	117
Mock_P01_1	11	310053	59
Mock_P01_1	11	310053	79
Mock_P01_1	11	310053	66
Mock_P01_1	11	310053	94
Mock_P01_1	11	310053	114
Mock_P01_1	11	310053	91
Mock_P01_1	11	310053	111
Mock_P01_1	11	310053	115
Mock_P01_1	11	310053	284
Mock_P01_1	11	310053	78
Mock_P01_1	11	310053	92
Mock_P01_1	11	310053	187
Mock_P01_1	11	310053	97
Mock_P01_1	11	310053	195
Mock_P01_1	11	310053	102
Mock_P01_1	11	310053	121
Mock_P01_1	11	310053	117
Mock_P01_1	11	310053	109
Mock_P01_1	11	310053	82
Mock_P01_1	11	310053	63
Mock_P01_1	11	310053	44
Mock_P01_1	11	310053	265
Mock_P01_1	11	310053	53
Mock_P01_1	11	310053	67
Mock_P01_1	11	310053	70
Mock_P01_1	11	310053	364
Mock_P01_1	11	310053	95
Mock_P01_1	11	310053	116
Mock_P01_1	11	310053	40
Mock_P01_1	11	310053	134
Mock_P01_1	11	310053	49
Mock_P01_1	11	310053	107
Mock_P01_1	11	310053	60
Mock_P01_1	11	310053	25
Mock_P01_1	11	310053	96
Mock_P01_1	11	310053	48
Mock_P01_1	11	310053	140
Mock_P01_1	11	310053	205
Mock_P01_1	11	310053	82
Mock_P01_1	11	310053	14
Mock_P01_1	11	310053	61
Mock_P01_1	11	310053	165
Mock_P01_1	11	310053	107
Mock_P01_1	11	310053	40
Mock_P01_1	11	310053	98
Mock_P01_1	11	310053	246
Mock_P01_1	11	310053	120
Mock_P01_1	11	310053	59
Mock_P01_1	11	310053	205
Mock_P01_1	11	310053	82
Mock_P01_1	11	310053	48
Mock_P01_1	11	310053	74
Mock_P01_1	11	310053	62
Mock_P01_1	11	310053	214
Mock_P01_1	11	310053	106
Mock_P01_1	11	310053	83
Mock_P01_1	11	310053	121
Mock_P01_1	11	310053	44
Mock_P01_1	11	310053	118
Mock_P01_1	11	310053	90
Mock_P01_1	11	310053	187
Mock_P01_1	11	310053	36
Mock_P01_1	11	310053	49
Mock_P01_1	11	310053	733
Mock_P01_1	11	310053	43
Mock_P01_1	11	310053	12
Mock_P01_1	11	310053	144
Mock_P01_1	11	310053	74
Mock_P01_1	11	310053	94
Mock_P01_1	11	310053	132
Mock_P01_1	11	310053	36
Mock_P01_1	11	310053	90
Mock_P01_1	11	310053	50
Mock_P01_1	11	310053	29
Mock_P01_1	11	310053	32
Mock_P01_1	11	310053	267
Mock_P01_1	11	310053	122
Mock_P01_1	11	310053	428
Mock_P01_1	11	310053	62
Mock_P01_1	11	310053	81
Mock_P01_1	11	310053	83
Mock_P01_1	11	310053	33
Mock_P01_1	11	310053	94
Mock_P01_1	11	310053	64
Mock_P01_1	11	310053	176
Mock_P01_1	11	310053	299
Mock_P01_1	11	310053	79
Mock_P01_1	11	310053	46
Mock_P01_1	11	310053	65
Mock_P01_1	11	310053	77
Mock_P01_1	11	310053	149
Mock_P01_1	11	310053	157
Mock_P01_1	11	310053	137
Mock_P01_1	11	310053	92
Mock_P01_1	11	310053	78
Mock_P01_1	11	310053	84
Mock_P01_1	11	310053	72
Mock_P01_1	11	310053	19
Mock_P01_1	11	310053	211
Mock_P01_1	11	310053	100
Mock_P01_1	11	310053	13
Mock_P01_1	11	310053	26
Mock_P01_1	11	310053	78
Mock_P01_1	11	310053	85
Mock_P01_1	11	310053	34
Mock_P01_1	11	310053	105
Mock_P01_1	11	310053	23
Mock_P01_1	11	310053	141
Mock_P01_1	11	310053	74
Mock_P01_1	11	310053	101
Mock_P01_1	11	310053	51
Mock_P01_1	11	310053	64
Mock_P01_1	11	310053	167
Mock_P01_1	11	310053	45
Mock_P01_1	11	310053	50
Mock_P01_1	11	310053	224
Mock_P01_1	11	310053	25
Mock_P01_1	11	310053	41
Mock_P01_1	11	310053	55
Mock_P01_1	11	310053	108
Mock_P01_1	11	310053	116
Mock_P01_1	11	310053	49
Mock_P01_1	11	310053	162
Mock_P01_1	11	310053	154
Mock_P01_1	11	310053	133
Mock_P01_1	11	310053	53
Mock_P01_1	11	310053	184
Mock_P01_1	11	310053	151
Mock_P01_1	11	310053	76
Mock_P01_1	11	310053	78
Mock_P01_1	11	310053	37
Mock_P01_1	11	310053	186
Mock_P01_1	11	310053	118
Mock_P01_1	11	310053	91
Mock_P01_1	11	310053	133
Mock_P01_1	11	310053	53
Mock_P01_1	11	310053	97
Mock_P01_1	11	310053	51
Mock_P01_1	11	310053	358
Mock_P01_1	11	310053	51
Mock_P01_1	11	310053	77
Mock_P01_1	11	310053	25
Mock_P01_1	12	374633	39
Mock_P01_1	12	374633	111
Mock_P01_1	12	374633	136
Mock_P01_1	12	374633	103
Mock_P01_1	12	374633	203
Mock_P01_1	12	374633	133
Mock_P01_1	12	374633	160
Mock_P01_1	12	374633	70
Mock_P01_1	12	374633	37
Mock_P01_1	12	374633	71
Mock_P01_1	12	374633	81
Mock_P01_1	12	374633	86
Mock_P01_1	12	374633	168
Mock_P01_1	12	374633	50
Mock_P01_1	12	374633	71
Mock_P01_1	12	374633	92
Mock_P01_1	12	374633	129
Mock_P01_1	12	374633	84
Mock_P01_1	12	374633	34
Mock_P01_1	12	374633	114
Mock_P01_1	12	374633	84
Mock_P01_1	12	374633	143
Mock_P01_1	12	374633	242
Mock_P01_1	12	374633	87
Mock_P01_1	12	374633	112
Mock_P01_1	12	374633	51
Mock_P01_1	12	374633	130
Mock_P01_1	12	374633	72
Mock_P01_1	12	374633	46
Mock_P01_1	12	374633	83
Mock_P01_1	12	374633	76
Mock_P01_1	12	374633	148
Mock_P01_1	12	374633	108
Mock_P01_1	12	374633	43
Mock_P01_1	12	374633	126
Mock_P01_1	12	374633	76
Mock_P01_1	12	374633	64
Mock_P01_1	12	374633	119
Mock_P01_1	12	374633	60
Mock_P01_1	12	374633	76
Mock_P01_1	12	374633	84
Mock_P01_1	12	374633	69
Mock_P01_1	12	374633	109
Mock_P01_1	12	374633	127
Mock_P01_1	12	374633	75
Mock_P01_1	12	374633	127
Mock_P01_1	12	374633	110
Mock_P01_1	12	374633	86
Mock_P01_1	12	374633	90
Mock_P01_1	12	374633	84
Mock_P01_1	12	374633	214
Mock_P01_1	12	374633	214
Mock_P01_1	12	374633	86
Mock_P01_1	12	374633	124
Mock_P01_1	12	374633	102
Mock_P01_1	12	374633	39
Mock_P01_1	12	374633	35
Mock_P01_1	12	374633	426
Mock_P01_1	12	374633	108
Mock_P01_1	12	374633	57
Mock_P01_1	12	374633	129
Mock_P01_1	12	374633	118
Mock_P01_1	12	374633	101
Mock_P01_1	12	374633	121
Mock_P01_1	12	374633	122
Mock_P01_1	12	374633	63
Mock_P01_1	12	374633	60
Mock_P01_1	12	374633	76
Mock_P01_1	12	374633	86
Mock_P01_1	12	374633	74
Mock_P01_1	12	374633	78
Mock_P01_1	12	374633	110
Mock_P01_1	12	374633	148
Mock_P01_1	12	374633	64
Mock_P01_1	12	374633	66
Mock_P01_1	12	374633	199
Mock_P01_1	12	374633	152
Mock_P01_1	12	374633	187
Mock_P01_1	12	374633	317
Mock_P01_1	12	374633	207
Mock_P01_1	12	374633	94
Mock_P01_1	12	374633	132
Mock_P01_1	12	374633	176
Mock_P01_1	12	374633	81
Mock_P01_1	12	374633	59
Mock_P01_1	12	374633	107
Mock_P01_1	12	374633	81
Mock_P01_1	12	374633	84
Mock_P01_1	12	374633	194
Mock_P01_1	12	374633	225
Mock_P01_1	12	374633	130
Mock_P01_1	12	374633	204
Mock_P01_1	12	374633	118
Mock_P01_1	12	374633	131
Mock_P01_1	12	374633	92
Mock_P01_1	12	374633	149
Mock_P01_1	12	374633	185
Mock_P01_1	12	374633	113
Mock_P01_1	12	374633	97
Mock_P01_1	12	374633	79
Mock_P01_1	12	374633	61
Mock_P01_1	12	374633	84
Mock_P01_1	12	374633	71
Mock_P01_1	12	374633	118
Mock_P01_1	12	374633	49
Mock_P01_1	12	374633	64
Mock_P01_1	12	374633	275
Mock_P01_1	12	374633	67
Mock_P01_1	12	374633	92
Mock_P01_1	12	374633	71
Mock_P01_1	12	374633	122
Mock_P01_1	12	374633	69
Mock_P01_1	12	374633	55
Mock_P01_1	12	374633	75
Mock_P01_1	12	374633	89
Mock_P01_1	12	374633	124
Mock_P01_1	12	374633	51
Mock_P01_1	12	374633	131
Mock_P01_1	12	374633	315
Mock_P01_1	12	374633	230
Mock_P01_1	12	374633	160
Mock_P01_1	12	374633	70
Mock_P01_1	12	374633	248
Mock_P01_1	12	374633	153
Mock_P01_1	12	374633	192
Mock_P01_1	12	374633	15
Mock_P01_1	12	374633	108
Mock_P01_1	12	374633	157
Mock_P01_1	12	374633	270
Mock_P01_1	12	374633	172
Mock_P01_1	12	374633	126
Mock_P01_1	12	374633	111
Mock_P01_1	12	374633	202
Mock_P01_1	12	374633	95
Mock_P01_1	12	374633	99
Mock_P01_1	12	374633	145
Mock_P01_1	12	374633	82
Mock_P01_1	12	374633	30
Mock_P01_1	12	374633	73
Mock_P01_1	12	374633	232
Mock_P01_1	12	374633	147
Mock_P01_1	12	374633	276
Mock_P01_1	12	374633	152
Mock_P01_1	12	374633	145
Mock_P01_1	12	374633	101
Mock_P01_1	12	374633	105
Mock_P01_1	12	374633	114
Mock_P01_1	12	374633	106
Mock_P01_1	12	374633	77
Mock_P01_1	12	374633	152
Mock_P01_1	12	374633	125
Mock_P01_1	12	374633	59
Mock_P01_1	12	374633	130
Mock_P01_1	12	374633	182
Mock_P01_1	12	374633	132
Mock_P01_1	12	374633	152
Mock_P01_1	12	374633	79
Mock_P01_1	12	374633	151
Mock_P01_1	12	374633	98
Mock_P01_1	12	374633	57
Mock_P01_1	12	374633	88
Mock_P01_1	12	374633	237
Mock_P01_1	12	374633	134
Mock_P01_1	12	374633	65
Mock_P01_1	12	374633	125
Mock_P01_1	12	374633	113
Mock_P01_1	12	374633	139
Mock_P01_1	12	374633	127
Mock_P01_1	12	374633	173
Mock_P01_1	12	374633	113
Mock_P01_1	12	374633	175
Mock_P01_1	12	374633	112
Mock_P01_1	12	374633	107
Mock_P01_1	12	374633	116
Mock_P01_1	12	374633	75
Mock_P01_1	12	374633	108
Mock_P01_1	12	374633	79
Mock_P01_1	12	374633	120
Mock_P01_1	12	374633	120
Mock_P01_1	12	374633	91
Mock_P01_1	12	374633	169
Mock_P01_1	12	374633	82
Mock_P01_1	12	374633	92
Mock_P01_1	12	374633	75
Mock_P01_1	12	374633	374
Mock_P01_1	12	374633	117
Mock_P01_1	12	374633	127
Mock_P01_1	12	374633	95
Mock_P01_1	12	374633	96
Mock_P01_1	12	374633	143
Mock_P01_1	12	374633	72
Mock_P01_1	12	374633	123
Mock_P01_1	12	374633	185
Mock_P01_1	12	374633	107
Mock_P01_1	12	374633	108
Mock_P01_1	12	374633	15
Mock_P01_1	12	374633	133
Mock_P01_1	12	374633	189
Mock_P01_1	12	374633	150
Mock_P01_1	12	374633	98
Mock_P01_1	12	374633	84
Mock_P01_1	12	374633	65
Mock_P01_1	12	374633	69
Mock_P01_1	13	345528	204
Mock_P01_1	13	345528	44
Mock_P01_1	13	345528	87
Mock_P01_1	13	345528	89
Mock_P01_1	13	345528	74
Mock_P01_1	13	345528	81
Mock_P01_1	13	345528	34
Mock_P01_1	13	345528	16
Mock_P01_1	13	345528	41
Mock_P01_1	13	345528	76
Mock_P01_1	13	345528	125
Mock_P01_1	13	345528	131
Mock_P01_1	13	345528	55
Mock_P01_1	13	345528	149
Mock_P01_1	13	345528	61
Mock_P01_1	13	345528	81
Mock_P01_1	13	345528	48
Mock_P01_1	13	345528	40
Mock_P01_1	13	345528	131
Mock_P01_1	13	345528	65
Mock_P01_1	13	345528	174
Mock_P01_1	13	345528	185
Mock_P01_1	13	345528	63
Mock_P01_1	13	345528	77
Mock_P01_1	13	345528	55
Mock_P01_1	13	345528	70
Mock_P01_1	13	345528	162
Mock_P01_1	13	345528	75
Mock_P01_1	13	345528	194
Mock_P01_1	13	345528	83
Mock_P01_1	13	345528	91
Mock_P01_1	13	345528	119
Mock_P01_1	13	345528	95
Mock_P01_1	13	345528	211
Mock_P01_1	13	345528	155
Mock_P01_1	13	345528	180
Mock_P01_1	13	345528	224
Mock_P01_1	13	345528	57
Mock_P01_1	13	345528	58
Mock_P01_1	13	345528	92
Mock_P01_1	13	345528	200
Mock_P01_1	13	345528	154
Mock_P01_1	13	345528	70
Mock_P01_1	13	345528	164
Mock_P01_1	13	345528	111
Mock_P01_1	13	345528	103
Mock_P01_1	13	345528	76
Mock_P01_1	13	345528	130
Mock_P01_1	13	345528	120
Mock_P01_1	13	345528	228
Mock_P01_1	13	345528	121
Mock_P01_1	13	345528	105
Mock_P01_1	13	345528	74
Mock_P01_1	13	345528	260
Mock_P01_1	13	345528	83
Mock_P01_1	13	345528	92
Mock_P01_1	13	345528	54
Mock_P01_1	13	345528	79
Mock_P01_1	13	345528	104
Mock_P01_1	13	345528	60
Mock_P01_1	13	345528	156
Mock_P01_1	13	345528	41
Mock_P01_1	13	345528	131
Mock_P01_1	13	345528	239
Mock_P01_1	13	345528	139
Mock_P01_1	13	345528	93
Mock_P01_1	13	345528	200
Mock_P01_1	13	345528	136
Mock_P01_1	13	345528	181
Mock_P01_1	13	345528	68
Mock_P01_1	13	345528	89
Mock_P01_1	13	345528	80
Mock_P01_1	13	345528	73
Mock_P01_1	13	345528	26
Mock_P01_1	13	345528	39
Mock_P01_1	13	345528	39
Mock_P01_1	13	345528	77
Mock_P01_1	13	345528	151
Mock_P01_1	13	345528	109
Mock_P01_1	13	345528	145
Mock_P01_1	13	345528	77
Mock_P01_1	13	345528	217
Mock_P01_1	13	345528	211
Mock_P01_1	13	345528	100
Mock_P01_1	13	345528	130
Mock_P01_1	13	345528	111
Mock_P01_1	13	345528	58
Mock_P01_1	13	345528	148
Mock_P01_1	13	345528	56
Mock_P01_1	13	345528	36
Mock_P01_1	13	345528	50
Mock_P01_1	13	345528	128
Mock_P01_1	13	345528	154
Mock_P01_1	13	345528	102
Mock_P01_1	13	345528	154
Mock_P01_1	13	345528	97
Mock_P01_1	13	345528	168
Mock_P01_1	13	345528	130
Mock_P01_1	13	345528	177
Mock_P01_1	13	345528	116
Mock_P01_1	13	345528	116
Mock_P01_1	13	345528	92
Mock_P01_1	13	345528	111
Mock_P01_1	13	345528	100
Mock_P01_1	13	345528	241
Mock_P01_1	13	345528	81
Mock_P01_1	13	345528	57
Mock_P01_1	13	345528	69
Mock_P01_1	13	345528	85
Mock_P01_1	13	345528	63
Mock_P01_1	13	345528	77
Mock_P01_1	13	345528	56
Mock_P01_1	13	345528	77
Mock_P01_1	13	345528	141
Mock_P01_1	13	345528	80
Mock_P01_1	13	345528	101
Mock_P01_1	13	345528	36
Mock_P01_1	13	345528	86
Mock_P01_1	13	345528	279
Mock_P01_1	13	345528	79
Mock_P01_1	13	345528	149
Mock_P01_1	13	345528	104
Mock_P01_1	13	345528	177
Mock_P01_1	13	345528	145
Mock_P01_1	13	345528	156
Mock_P01_1	13	345528	64
Mock_P01_1	13	345528	282
Mock_P01_1	13	345528	41
Mock_P01_1	13	345528	67
Mock_P01_1	13	345528	149
Mock_P01_1	13	345528	81
Mock_P01_1	13	345528	90
Mock_P01_1	13	345528	94
Mock_P01_1	13	345528	97
Mock_P01_1	13	345528	124
Mock_P01_1	13	345528	116
Mock_P01_1	13	345528	94
Mock_P01_1	13	345528	270
Mock_P01_1	13	345528	30
Mock_P01_1	13	345528	55
Mock_P01_1	13	345528	68
Mock_P01_1	13	345528	101
Mock_P01_1	13	345528	97
Mock_P01_1	13	345528	233
Mock_P01_1	13	345528	104
Mock_P01_1	13	345528	67
Mock_P01_1	13	345528	64
Mock_P01_1	13	345528	149
Mock_P01_1	13	345528	124
Mock_P01_1	13	345528	88
Mock_P01_1	13	345528	172
Mock_P01_1	13	345528	29
Mock_P01_1	13	345528	153
Mock_P01_1	13	345528	45
Mock_P01_1	13	345528	87
Mock_P01_1	13	345528	86
Mock_P01_1	13	345528	104
Mock_P01_1	13	345528	211
Mock_P01_1	13	345528	100
Mock_P01_1	13	345528	131
Mock_P01_1	13	345528	176
Mock_P01_1	13	345528	145
Mock_P01_1	13	345528	125
Mock_P01_1	13	345528	100
Mock_P01_1	13	345528	118
Mock_P01_1	13	345528	125
Mock_P01_1	14	336553	75
Mock_P01_1	14	336553	32
Mock_P01_1	14	336553	91
Mock_P01_1	14	336553	109
Mock_P01_1	14	336553	102
Mock_P01_1	14	336553	113
Mock_P01_1	14	336553	127
Mock_P01_1	14	336553	155
Mock_P01_1	14	336553	142
Mock_P01_1	14	336553	234
Mock_P01_1	14	336553	148
Mock_P01_1	14	336553	110
Mock_P01_1	14	336553	72
Mock_P01_1	14	336553	139
Mock_P01_1	14	336553	100
Mock_P01_1	14	336553	325
Mock_P01_1	14	336553	152
Mock_P01_1	14	336553	57
Mock_P01_1	14	336553	172
Mock_P01_1	14	336553	82
Mock_P01_1	14	336553	96
Mock_P01_1	14	336553	103
Mock_P01_1	14	336553	114
Mock_P01_1	14	336553	69
Mock_P01_1	14	336553	112
Mock_P01_1	14	336553	121
Mock_P01_1	14	336553	96
Mock_P01_1	14	336553	149
Mock_P01_1	14	336553	128
Mock_P01_1	14	336553	94
Mock_P01_1	14	336553	87
Mock_P01_1	14	336553	97
Mock_P01_1	14	336553	174
Mock_P01_1	14	336553	49
Mock_P01_1	14	336553	188
Mock_P01_1	14	336553	149
Mock_P01_1	14	336553	117
Mock_P01_1	14	336553	145
Mock_P01_1	14	336553	130
Mock_P01_1	14	336553	102
Mock_P01_1	14	336553	83
Mock_P01_1	14	336553	26
Mock_P01_1	14	336553	111
Mock_P01_1	14	336553	116
Mock_P01_1	14	336553	125
Mock_P01_1	14	336553	100
Mock_P01_1	14	336553	10
Mock_P01_1	14	336553	65
Mock_P01_1	14	336553	67
Mock_P01_1	14	336553	148
Mock_P01_1	14	336553	151
Mock_P01_1	14	336553	125
Mock_P01_1	14	336553	94
Mock_P01_1	14	336553	94
Mock_P01_1	14	336553	80
Mock_P01_1	14	336553	142
Mock_P01_1	14	336553	130
Mock_P01_1	14	336553	221
Mock_P01_1	14	336553	121
Mock_P01_1	14	336553	106
Mock_P01_1	14	336553	78
Mock_P01_1	14	336553	100
Mock_P01_1	14	336553	61
Mock_P01_1	14	336553	130
Mock_P01_1	14	336553	235
Mock_P01_1	14	336553	41
Mock_P01_1	14	336553	104
Mock_P01_1	14	336553	194
Mock_P01_1	14	336553	124
Mock_P01_1	14	336553	174
Mock_P01_1	14	336553	208
Mock_P01_1	14	336553	80
Mock_P01_1	14	336553	96
Mock_P01_1	14	336553	60
Mock_P01_1	14	336553	152
Mock_P01_1	14	336553	106
Mock_P01_1	14	336553	99
Mock_P01_1	14	336553	161
Mock_P01_1	14	336553	115
Mock_P01_1	14	336553	72
Mock_P01_1	14	336553	50
Mock_P01_1	14	336553	137
Mock_P01_1	14	336553	115
Mock_P01_1	14	336553	114
Mock_P01_1	14	336553	465
Mock_P01_1	14	336553	109
Mock_P01_1	14	336553	202
Mock_P01_1	14	336553	200
Mock_P01_1	14	336553	123
Mock_P01_1	14	336553	99
Mock_P01_1	14	336553	54
Mock_P01_1	14	336553	109
Mock_P01_1	14	336553	126
Mock_P01_1	14	336553	114
Mock_P01_1	14	336553	130
Mock_P01_1	14	336553	143
Mock_P01_1	14	336553	88
Mock_P01_1	14	336553	94
Mock_P01_1	14	336553	21
Mock_P01_1	14	336553	119
Mock_P01_1	14	336553	435
Mock_P01_1	14	336553	201
Mock_P01_1	14	336553	134
Mock_P01_1	14	336553	130
Mock_P01_1	14	336553	329
Mock_P01_1	14	336553	104
Mock_P01_1	14	336553	157
Mock_P01_1	14	336553	117
Mock_P01_1	14	336553	109
Mock_P01_1	14	336553	92
Mock_P01_1	14	336553	163
Mock_P01_1	14	336553	76
Mock_P01_1	14	336553	111
Mock_P01_1	14	336553	190
Mock_P01_1	14	336553	113
Mock_P01_1	14	336553	103
Mock_P01_1	14	336553	151
Mock_P01_1	14	336553	137
Mock_P01_1	14	336553	170
Mock_P01_1	14	336553	116
Mock_P01_1	14	336553	108
Mock_P01_1	14	336553	123
Mock_P01_1	14	336553	105
Mock_P01_1	14	336553	154
Mock_P01_1	14	336553	136
Mock_P01_1	14	336553	122
Mock_P01_1	14	336553	88
Mock_P01_1	14	336553	141
Mock_P01_1	14	336553	171
Mock_P01_1	14	336553	219
Mock_P01_1	14	336553	172
Mock_P01_1	14	336553	116
Mock_P01_1	14	336553	132
Mock_P01_1	14	336553	154
Mock_P01_1	14	336553	114
Mock_P01_1	14	336553	154
Mock_P01_1	14	336553	126
Mock_P01_1	14	336553	68
Mock_P01_1	14	336553	132
Mock_P01_1	14	336553	60
Mock_P01_1	14	336553	233
Mock_P01_1	14	336553	24
Mock_P01_1	14	336553	128
Mock_P01_1	14	336553	106
Mock_P01_1	14	336553	113
Mock_P01_1	14	336553	154
Mock_P01_1	14	336553	96
Mock_P01_1	14	336553	129
Mock_P01_1	14	336553	106
Mock_P01_1	15	395493	34
Mock_P01_1	15	395493	110
Mock_P01_1	15	395493	154
Mock_P01_1	15	395493	87
Mock_P01_1	15	395493	75
Mock_P01_1	15	395493	47
Mock_P01_1	15	395493	174
Mock_P01_1	15	395493	118
Mock_P01_1	15	395493	207
Mock_P01_1	15	395493	104
Mock_P01_1	15	395493	72
Mock_P01_1	15	395493	126
Mock_P01_1	15	395493	93
Mock_P01_1	15	395493	111
Mock_P01_1	15	395493	120
Mock_P01_1	15	395493	93
Mock_P01_1	15	395493	92
Mock_P01_1	15	395493	175
Mock_P01_1	15	395493	98
Mock_P01_1	15	395493	74
Mock_P01_1	15	395493	77
Mock_P01_1	15	395493	70
Mock_P01_1	15	395493	64
Mock_P01_1	15	395493	57
Mock_P01_1	15	395493	55
Mock_P01_1	15	395493	95
Mock_P01_1	15	395493	26
Mock_P01_1	15	395493	109
Mock_P01_1	15	395493	54
Mock_P01_1	15	395493	225
Mock_P01_1	15	395493	120
Mock_P01_1	15	395493	101
Mock_P01_1	15	395493	102
Mock_P01_1	15	395493	147
Mock_P01_1	15	395493	151
Mock_P01_1	15	395493	120
Mock_P01_1	15	395493	116
Mock_P01_1	15	395493	94
Mock_P01_1	15	395493	96
Mock_P01_1	15	395493	106
Mock_P01_1	15	395493	68
Mock_P01_1	15	395493	86
Mock_P01_1	15	395493	96
Mock_P01_1	15	395493	54
Mock_P01_1	15	395493	59
Mock_P01_1	15	395493	118
Mock_P01_1	15	395493	171
Mock_P01_1	15	395493	102
Mock_P01_1	15	395493	69
Mock_P01_1	15	395493	100
Mock_P01_1	15	395493	88
Mock_P01_1	15	395493	143
Mock_P01_1	15	395493	75
Mock_P01_1	15	395493	151
Mock_P01_1	15	395493	183
Mock_P01_1	15	395493	118
Mock_P01_1	15	395493	57
Mock_P01_1	15	395493	91
Mock_P01_1	15	395493	125
Mock_P01_1	15	395493	96
Mock_P01_1	15	395493	160
Mock_P01_1	15	395493	50
Mock_P01_1	15	395493	157
Mock_P01_1	15	395493	70
Mock_P01_1	15	395493	55
Mock_P01_1	15	395493	73
Mock_P01_1	15	395493	35
Mock_P01_1	15	395493	73
Mock_P01_1	15	395493	93
Mock_P01_1	15	395493	55
Mock_P01_1	15	395493	62
Mock_P01_1	15	395493	44
Mock_P01_1	15	395493	29
Mock_P01_1	15	395493	50
Mock_P01_1	15	395493	50
Mock_P01_1	15	395493	131
Mock_P01_1	15	395493	255
Mock_P01_1	15	395493	53
Mock_P01_1	15	395493	72
Mock_P01_1	15	395493	60
Mock_P01_1	15	395493	74
Mock_P01_1	15	395493	108
Mock_P01_1	15	395493	104
Mock_P01_1	15	395493	72
Mock_P01_1	15	395493	75
Mock_P01_1	15	395493	100
Mock_P01_1	15	395493	127
Mock_P01_1	15	395493	56
Mock_P01_1	15	395493	101
Mock_P01_1	15	395493	94
Mock_P01_1	15	395493	29
Mock_P01_1	15	395493	92
Mock_P01_1	15	395493	64
Mock_P01_1	15	395493	102
Mock_P01_1	15	395493	41
Mock_P01_1	15	395493	71
Mock_P01_1	15	395493	72
Mock_P01_1	15	395493	92
Mock_P01_1	15	395493	211
Mock_P01_1	15	395493	71
Mock_P01_1	15	395493	62
Mock_P01_1	15	395493	380
Mock_P01_1	15	395493	167
Mock_P01_1	15	395493	71
Mock_P01_1	15	395493	26
Mock_P01_1	15	395493	95
Mock_P01_1	15	395493	95
Mock_P01_1	15	395493	159
Mock_P01_1	15	395493	12
Mock_P01_1	15	395493	111
Mock_P01_1	15	395493	155
Mock_P01_1	15	395493	60
Mock_P01_1	15	395493	73
Mock_P01_1	15	395493	129
Mock_P01_1	15	395493	83
Mock_P01_1	15	395493	84
Mock_P01_1	15	395493	63
Mock_P01_1	15	395493	49
Mock_P01_1	15	395493	107
Mock_P01_1	15	395493	81
Mock_P01_1	15	395493	105
Mock_P01_1	15	395493	82
Mock_P01_1	15	395493	76
Mock_P01_1	15	395493	138
Mock_P01_1	15	395493	145
Mock_P01_1	15	395493	121
Mock_P01_1	15	395493	103
Mock_P01_1	15	395493	100
Mock_P01_1	15	395493	84
Mock_P01_1	15	395493	58
Mock_P01_1	15	395493	60
Mock_P01_1	15	395493	156
Mock_P01_1	15	395493	45
Mock_P01_1	15	395493	272
Mock_P01_1	15	395493	76
Mock_P01_1	15	395493	249
Mock_P01_1	15	395493	76
Mock_P01_1	15	395493	85
Mock_P01_1	15	395493	188
Mock_P01_1	15	395493	111
Mock_P01_1	15	395493	87
Mock_P01_1	15	395493	237
Mock_P01_1	15	395493	57
Mock_P01_1	15	395493	72
Mock_P01_1	15	395493	60
Mock_P01_1	15	395493	81
Mock_P01_1	15	395493	52
Mock_P01_1	15	395493	126
Mock_P01_1	15	395493	82
Mock_P01_1	15	395493	140
Mock_P01_1	15	395493	23
Mock_P01_1	15	395493	83
Mock_P01_1	15	395493	147
Mock_P01_1	15	395493	287
Mock_P01_1	15	395493	159
Mock_P01_1	15	395493	178
Mock_P01_1	15	395493	221
Mock_P01_1	15	395493	175
Mock_P01_1	15	395493	16
Mock_P01_1	15	395493	64
Mock_P01_1	15	395493	111
Mock_P01_1	15	395493	55
Mock_P01_1	15	395493	91
Mock_P01_1	15	395493	144
Mock_P01_1	15	395493	127
Mock_P01_1	15	395493	152
Mock_P01_1	15	395493	142
Mock_P01_1	15	395493	107
Mock_P01_1	15	395493	72
Mock_P01_1	15	395493	97
Mock_P01_1	15	395493	89
Mock_P01_1	15	395493	66
Mock_P01_1	15	395493	80
Mock_P01_1	15	395493	81
Mock_P01_1	15	395493	79
Mock_P01_1	15	395493	28
Mock_P01_1	15	395493	63
Mock_P01_1	15	395493	72
Mock_P01_1	15	395493	202
Mock_P01_1	15	395493	80
Mock_P01_1	15	395493	211
Mock_P01_1	15	395493	202
Mock_P01_1	15	395493	122
Mock_P01_1	15	395493	126
Mock_P01_1	15	395493	133
Mock_P01_1	15	395493	188
Mock_P01_1	15	395493	145
Mock_P01_1	15	395493	109
Mock_P01_1	15	395493	44
Mock_P01_1	15	395493	127
Mock_P01_1	15	395493	62
Mock_P01_1	15	395493	105
Mock_P01_1	15	395493	159
Mock_P01_1	16	386648	85
Mock_P01_1	16	386648	77
Mock_P01_1	16	386648	124
Mock_P01_1	16	386648	191
Mock_P01_1	16	386648	68
Mock_P01_1	16	386648	51
Mock_P01_1	16	386648	85
Mock_P01_1	16	386648	110
Mock_P01_1	16	386648	85
Mock_P01_1	16	386648	156
Mock_P01_1	16	386648	80
Mock_P01_1	16	386648	40
Mock_P01_1	16	386648	63
Mock_P01_1	16	386648	99
Mock_P01_1	16	386648	73
Mock_P01_1	16	386648	103
Mock_P01_1	16	386648	57
Mock_P01_1	16	386648	57
Mock_P01_1	16	386648	65
Mock_P01_1	16	386648	67
Mock_P01_1	16	386648	180
Mock_P01_1	16	386648	110
Mock_P01_1	16	386648	77
Mock_P01_1	16	386648	55
Mock_P01_1	16	386648	48
Mock_P01_1	16	386648	157
Mock_P01_1	16	386648	92
Mock_P01_1	16	386648	185
Mock_P01_1	16	386648	35
Mock_P01_1	16	386648	103
Mock_P01_1	16	386648	126
Mock_P01_1	16	386648	22
Mock_P01_1	16	386648	118
Mock_P01_1	16	386648	88
Mock_P01_1	16	386648	87
Mock_P01_1	16	386648	196
Mock_P01_1	16	386648	52
Mock_P01_1	16	386648	109
Mock_P01_1	16	386648	94
Mock_P01_1	16	386648	69
Mock_P01_1	16	386648	76
Mock_P01_1	16	386648	100
Mock_P01_1	16	386648	76
Mock_P01_1	16	386648	47
Mock_P01_1	16	386648	123
Mock_P01_1	16	386648	74
Mock_P01_1	16	386648	100
Mock_P01_1	16	386648	129
Mock_P01_1	16	386648	98
Mock_P01_1	16	386648	70
Mock_P01_1	16	386648	116
Mock_P01_1	16	386648	51
Mock_P01_1	16	386648	116
Mock_P01_1	16	386648	98
Mock_P01_1	16	386648	96
Mock_P01_1	16	386648	60
Mock_P01_1	16	386648	52
Mock_P01_1	16	386648	55
Mock_P01_1	16	386648	122
Mock_P01_1	16	386648	101
Mock_P01_1	16	386648	138
Mock_P01_1	16	386648	78
Mock_P01_1	16	386648	225
Mock_P01_1	16	386648	164
Mock_P01_1	16	386648	153
Mock_P01_1	16	386648	95
Mock_P01_1	16	386648	153
Mock_P01_1	16	386648	125
Mock_P01_1	16	386648	74
Mock_P01_1	16	386648	36
Mock_P01_1	16	386648	111
Mock_P01_1	16	386648	92
Mock_P01_1	16	386648	148
Mock_P01_1	16	386648	158
Mock_P01_1	16	386648	165
Mock_P01_1	16	386648	82
Mock_P01_1	16	386648	92
Mock_P01_1	16	386648	76
Mock_P01_1	16	386648	97
Mock_P01_1	16	386648	90
Mock_P01_1	16	386648	93
Mock_P01_1	16	386648	101
Mock_P01_1	16	386648	120
Mock_P01_1	16	386648	65
Mock_P01_1	16	386648	117
Mock_P01_1	16	386648	53
Mock_P01_1	16	386648	94
Mock_P01_1	16	386648	92
Mock_P01_1	16	386648	51
Mock_P01_1	16	386648	48
Mock_P01_1	16	386648	113
Mock_P01_1	16	386648	75
Mock_P01_1	16	386648	51
Mock_P01_1	16	386648	94
Mock_P01_1	16	386648	99
Mock_P01_1	16	386648	53
Mock_P01_1	16	386648	35
Mock_P01_1	16	386648	75
Mock_P01_1	16	386648	99
Mock_P01_1	16	386648	95
Mock_P01_1	16	386648	57
Mock_P01_1	16	386648	71
Mock_P01_1	16	386648	89
Mock_P01_1	16	386648	47
Mock_P01_1	16	386648	39
Mock_P01_1	16	386648	46
Mock_P01_1	16	386648	46
Mock_P01_1	16	386648	87
Mock_P01_1	16	386648	37
Mock_P01_1	16	386648	69
Mock_P01_1	16	386648	19
Mock_P01_1	16	386648	20
Mock_P01_1	16	386648	70
Mock_P01_1	16	386648	64
Mock_P01_1	16	386648	39
Mock_P01_1	16	386648	39
Mock_P01_1	16	386648	126
Mock_P01_1	16	386648	116
Mock_P01_1	16	386648	46
Mock_P01_1	16	386648	37
Mock_P01_1	16	386648	30
Mock_P01_1	16	386648	62
Mock_P01_1	16	386648	110
Mock_P01_1	16	386648	11
Mock_P01_1	16	386648	52
Mock_P01_1	16	386648	21
Mock_P01_1	16	386648	69
Mock_P01_1	16	386648	39
Mock_P01_1	16	386648	61
Mock_P01_1	16	386648	78
Mock_P01_1	16	386648	27
Mock_P01_1	16	386648	72
Mock_P01_1	16	386648	89
Mock_P01_1	16	386648	55
Mock_P01_1	16	386648	60
Mock_P01_1	16	386648	88
Mock_P01_1	16	386648	157
Mock_P01_1	16	386648	98
Mock_P01_1	16	386648	116
Mock_P01_1	16	386648	34
Mock_P01_1	16	386648	71
Mock_P01_1	16	386648	18
Mock_P01_1	16	386648	56
Mock_P01_1	16	386648	75
Mock_P01_1	16	386648	68
Mock_P01_1	16	386648	125
Mock_P01_1	16	386648	75
Mock_P01_1	16	386648	145
Mock_P01_1	16	386648	77
Mock_P01_1	16	386648	53
Mock_P01_1	17	371231	207
Mock_P01_1	17	371231	112
Mock_P01_1	17	371231	194
Mock_P01_1	17	371231	114
Mock_P01_1	17	371231	100
Mock_P01_1	17	371231	293
Mock_P01_1	17	371231	95
Mock_P01_1	17	371231	88
Mock_P01_1	17	371231	158
Mock_P01_1	17	371231	99
Mock_P01_1	17	371231	10
Mock_P01_1	17	371231	84
Mock_P01_1	17	371231	88
Mock_P01_1	17	371231	123
Mock_P01_1	17	371231	47
Mock_P01_1	17	371231	78
Mock_P01_1	17	371231	256
Mock_P01_1	17	371231	57
Mock_P01_1	17	371231	35
Mock_P01_1	17	371231	87
Mock_P01_1	17	371231	89
Mock_P01_1	17	371231	66
Mock_P01_1	17	371231	158
Mock_P01_1	17	371231	145
Mock_P01_1	17	371231	73
Mock_P01_1	17	371231	16
Mock_P01_1	17	371231	142
Mock_P01_1	17	371231	97
Mock_P01_1	17	371231	50
Mock_P01_1	17	371231	132
Mock_P01_1	17	371231	127
Mock_P01_1	17	371231	81
Mock_P01_1	17	371231	203
Mock_P01_1	17	371231	57
Mock_P01_1	17	371231	183
Mock_P01_1	17	371231	70
Mock_P01_1	17	371231	53
Mock_P01_1	17	371231	62
Mock_P01_1	17	371231	35
Mock_P01_1	17	371231	114
Mock_P01_1	17	371231	66
Mock_P01_1	17	371231	77
Mock_P01_1	17	371231	104
Mock_P01_1	17	371231	83
Mock_P01_1	17	371231	88
Mock_P01_1	17	371231	167
Mock_P01_1	17	371231	15
Mock_P01_1	17	371231	54
Mock_P01_1	17	371231	176
Mock_P01_1	17	371231	272
Mock_P01_1	17	371231	37
Mock_P01_1	17	371231	78
Mock_P01_1	17	371231	98
Mock_P01_1	17	371231	193
Mock_P01_1	17	371231	87
Mock_P01_1	17	371231	76
Mock_P01_1	17	371231	146
Mock_P01_1	17	371231	79
Mock_P01_1	17	371231	86
Mock_P01_1	17	371231	71
Mock_P01_1	17	371231	95
Mock_P01_1	17	371231	113
Mock_P01_1	17	371231	76
Mock_P01_1	17	371231	138
Mock_P01_1	17	371231	108
Mock_P01_1	17	371231	130
Mock_P01_1	17	371231	99
Mock_P01_1	17	371231	72
Mock_P01_1	17	371231	117
Mock_P01_1	17	371231	116
Mock_P01_1	17	371231	112
Mock_P01_1	17	371231	113
Mock_P01_1	17	371231	79
Mock_P01_1	17	371231	78
Mock_P01_1	17	371231	111
Mock_P01_1	17	371231	113
Mock_P01_1	17	371231	121
Mock_P01_1	17	371231	176
Mock_P01_1	17	371231	145
Mock_P01_1	17	371231	120
Mock_P01_1	17	371231	25
Mock_P01_1	17	371231	134
Mock_P01_1	17	371231	87
Mock_P01_1	17	371231	35
Mock_P01_1	17	371231	100
Mock_P01_1	17	371231	58
Mock_P01_1	17	371231	121
Mock_P01_1	17	371231	88
Mock_P01_1	17	371231	72
Mock_P01_1	17	371231	54
Mock_P01_1	17	371231	139
Mock_P01_1	17	371231	48
Mock_P01_1	17	371231	80
Mock_P01_1	17	371231	114
Mock_P01_1	17	371231	130
Mock_P01_1	17	371231	83
Mock_P01_1	17	371231	87
Mock_P01_1	17	371231	150
Mock_P01_1	17	371231	190
Mock_P01_1	17	371231	124
Mock_P01_1	17	371231	179
Mock_P01_1	17	371231	98
Mock_P01_1	17	371231	130
Mock_P01_1	17	371231	168
Mock_P01_1	17	371231	129
Mock_P01_1	17	371231	179
Mock_P01_1	17	371231	84
Mock_P01_1	17	371231	135
Mock_P01_1	17	371231	67
Mock_P01_1	17	371231	168
Mock_P01_1	17	371231	112
Mock_P01_1	17	371231	153
Mock_P01_1	17	371231	75
Mock_P01_1	17	371231	74
Mock_P01_1	17	371231	396
Mock_P01_1	17	371231	84
Mock_P01_1	17	371231	47
Mock_P01_1	17	371231	157
Mock_P01_1	17	371231	90
Mock_P01_1	17	371231	133
Mock_P01_1	17	371231	128
Mock_P01_1	17	371231	74
Mock_P01_1	17	371231	147
Mock_P01_1	17	371231	141
Mock_P01_1	17	371231	50
Mock_P01_1	17	371231	133
Mock_P01_1	17	371231	98
Mock_P01_1	17	371231	431
Mock_P01_1	17	371231	67
Mock_P01_1	17	371231	61
Mock_P01_1	17	371231	85
Mock_P01_1	17	371231	191
Mock_P01_1	17	371231	463
Mock_P01_1	17	371231	126
Mock_P01_1	17	371231	172
Mock_P01_1	17	371231	148
Mock_P01_1	17	371231	190
Mock_P01_1	17	371231	120
Mock_P01_1	17	371231	121
Mock_P01_1	17	371231	145
Mock_P01_1	17	371231	154
Mock_P01_1	17	371231	115
Mock_P01_1	17	371231	150
Mock_P01_1	17	371231	62
Mock_P01_1	17	371231	185
Mock_P01_1	17	371231	87
Mock_P01_1	17	371231	167
Mock_P01_1	17	371231	135
Mock_P01_1	17	371231	137
Mock_P01_1	17	371231	188
Mock_P01_1	17	371231	94
Mock_P01_1	17	371231	57
Mock_P01_1	17	371231	190
Mock_P01_1	17	371231	151
Mock_P01_1	17	371231	152
Mock_P01_1	17	371231	101
Mock_P01_1	17	371231	270
Mock_P01_1	17	371231	95
Mock_P01_1	17	371231	85
Mock_P01_1	17	371231	82
Mock_P01_1	17	371231	111
Mock_P01_1	17	371231	221
Mock_P01_1	17	371231	85
Mock_P01_1	17	371231	130
Mock_P01_1	17	371231	110
Mock_P01_1	17	371231	115
Mock_P01_1	17	371231	73
Mock_P01_1	17	371231	120
Mock_P01_1	17	371231	82
Mock_P01_1	17	371231	165
Mock_P01_1	17	371231	32
Mock_P01_1	18	345248	35
Mock_P01_1	18	345248	11
Mock_P01_1	18	345248	35
Mock_P01_1	18	345248	103
Mock_P01_1	18	345248	44
Mock_P01_1	18	345248	50
Mock_P01_1	18	345248	11
Mock_P01_1	18	345248	69
Mock_P01_1	18	345248	13
Mock_P01_1	18	345248	40
Mock_P01_1	18	345248	19
Mock_P01_1	18	345248	54
Mock_P01_1	18	345248	41
Mock_P01_1	18	345248	70
Mock_P01_1	18	345248	80
Mock_P01_1	18	345248	83
Mock_P01_1	18	345248	14
Mock_P01_1	18	345248	27
Mock_P01_1	18	345248	42
Mock_P01_1	18	345248	70
Mock_P01_1	18	345248	124
Mock_P01_1	18	345248	220
Mock_P01_1	18	345248	81
Mock_P01_1	18	345248	64
Mock_P01_1	18	345248	164
Mock_P01_1	18	345248	78
Mock_P01_1	18	345248	129
Mock_P01_1	18	345248	70
Mock_P01_1	18	345248	74
Mock_P01_1	18	345248	58
Mock_P01_1	18	345248	82
Mock_P01_1	18	345248	69
Mock_P01_1	18	345248	87
Mock_P01_1	18	345248	104
Mock_P01_1	18	345248	50
Mock_P01_1	18	345248	133
Mock_P01_1	18	345248	169
Mock_P01_1	18	345248	106
Mock_P01_1	18	345248	38
Mock_P01_1	18	345248	117
Mock_P01_1	18	345248	97
Mock_P01_1	18	345248	255
Mock_P01_1	18	345248	110
Mock_P01_1	18	345248	64
Mock_P01_1	18	345248	49
Mock_P01_1	18	345248	57
Mock_P01_1	18	345248	68
Mock_P01_1	18	345248	76
Mock_P01_1	18	345248	88
Mock_P01_1	18	345248	39
Mock_P01_1	18	345248	186
Mock_P01_1	18	345248	49
Mock_P01_1	18	345248	75
Mock_P01_1	18	345248	99
Mock_P01_1	18	345248	101
Mock_P01_1	18	345248	125
Mock_P01_1	18	345248	76
Mock_P01_1	18	345248	72
Mock_P01_1	18	345248	94
Mock_P01_1	18	345248	101
Mock_P01_1	18	345248	93
Mock_P01_1	18	345248	55
Mock_P01_1	18	345248	71
Mock_P01_1	18	345248	55
Mock_P01_1	18	345248	76
Mock_P01_1	18	345248	70
Mock_P01_1	18	345248	46
Mock_P01_1	18	345248	53
Mock_P01_1	18	345248	72
Mock_P01_1	18	345248	50
Mock_P01_1	18	345248	59
Mock_P01_1	18	345248	76
Mock_P01_1	18	345248	98
Mock_P01_1	18	345248	107
Mock_P01_1	18	345248	110
Mock_P01_1	18	345248	170
Mock_P01_1	18	345248	28
Mock_P01_1	18	345248	102
Mock_P01_1	18	345248	72
Mock_P01_1	18	345248	161
Mock_P01_1	18	345248	70
Mock_P01_1	18	345248	113
Mock_P01_1	18	345248	120
Mock_P01_1	18	345248	106
Mock_P01_1	18	345248	86
Mock_P01_1	18	345248	90
Mock_P01_1	18	345248	80
Mock_P01_1	18	345248	134
Mock_P01_1	18	345248	89
Mock_P01_1	18	345248	144
Mock_P01_1	18	345248	97
Mock_P01_1	18	345248	130
Mock_P01_1	18	345248	92
Mock_P01_1	18	345248	29
Mock_P01_1	18	345248	90
Mock_P01_1	18	345248	127
Mock_P01_1	18	345248	81
Mock_P01_1	18	345248	140
Mock_P01_1	18	345248	102
Mock_P01_1	18	345248	78
Mock_P01_1	18	345248	134
Mock_P01_1	18	345248	117
Mock_P01_1	18	345248	119
Mock_P01_1	18	345248	46
Mock_P01_1	18	345248	81
Mock_P01_1	18	345248	73
Mock_P01_1	18	345248	102
Mock_P01_1	18	345248	102
Mock_P01_1	18	345248	75
Mock_P01_1	18	345248	237
Mock_P01_1	18	345248	125
Mock_P01_1	18	345248	93
Mock_P01_1	18	345248	80
Mock_P01_1	18	345248	90
Mock_P01_1	18	345248	60
Mock_P01_1	18	345248	64
Mock_P01_1	18	345248	75
Mock_P01_1	18	345248	47
Mock_P01_1	18	345248	90
Mock_P01_1	18	345248	80
Mock_P01_1	18	345248	75
Mock_P01_1	18	345248	87
Mock_P01_1	18	345248	91
Mock_P01_1	18	345248	23
Mock_P01_1	18	345248	275
Mock_P01_1	18	345248	56
Mock_P01_1	18	345248	428
Mock_P01_1	18	345248	98
Mock_P01_1	18	345248	90
Mock_P01_1	18	345248	90
Mock_P01_1	18	345248	129
Mock_P01_1	18	345248	85
Mock_P01_1	18	345248	78
Mock_P01_1	18	345248	119
Mock_P01_1	18	345248	99
Mock_P01_1	18	345248	87
Mock_P01_1	18	345248	136
Mock_P01_1	18	345248	76
Mock_P01_1	18	345248	92
Mock_P01_1	18	345248	134
Mock_P01_1	18	345248	161
Mock_P01_1	18	345248	98
Mock_P01_1	18	345248	91
Mock_P01_1	18	345248	98
Mock_P01_1	18	345248	61
Mock_P01_1	18	345248	107
Mock_P01_1	18	345248	69
Mock_P01_1	18	345248	73
Mock_P01_1	18	345248	78
Mock_P01_1	18	345248	113
Mock_P01_1	18	345248	77
Mock_P01_1	18	345248	108
Mock_P01_1	18	345248	176
Mock_P01_1	18	345248	117
Mock_P01_1	18	345248	117
Mock_P01_1	18	345248	44
Mock_P01_1	18	345248	94
Mock_P01_1	18	345248	66
Mock_P01_1	18	345248	66
Mock_P01_1	18	345248	73
Mock_P01_1	18	345248	104
Mock_P01_1	18	345248	42
Mock_P01_1	18	345248	58
Mock_P01_1	18	345248	56
Mock_P01_1	18	345248	124
Mock_P01_1	18	345248	55
Mock_P01_1	18	345248	12
Mock_P01_1	18	345248	73
Mock_P01_1	18	345248	31
Mock_P01_1	18	345248	77
Mock_P01_1	18	345248	46
Mock_P01_1	18	345248	94
Mock_P01_1	18	345248	42
Mock_P01_1	18	345248	69
Mock_P01_1	18	345248	81
Mock_P01_1	18	345248	208
Mock_P01_1	18	345248	87
Mock_P01_1	18	345248	41
Mock_P01_1	18	345248	162
Mock_P01_1	18	345248	30
Mock_P01_1	18	345248	104
Mock_P01_1	18	345248	109
Mock_P01_1	18	345248	60
Mock_P01_1	18	345248	59
Mock_P01_1	18	345248	53
Mock_P01_1	18	345248	126
Mock_P01_1	18	345248	61
Mock_P01_1	18	345248	39
Mock_P01_1	18	345248	28
Mock_P01_1	18	345248	94
Mock_P01_1	18	345248	82
Mock_P01_1	18	345248	31
Mock_P01_1	18	345248	134
Mock_P01_1	18	345248	77
Mock_P01_1	18	345248	60
Mock_P01_1	18	345248	95
Mock_P01_1	18	345248	87
Mock_P01_1	18	345248	52
Mock_P01_1	18	345248	86
Mock_P01_1	18	345248	64
Mock_P01_1	18	345248	84
Mock_P01_1	18	345248	93
Mock_P01_1	18	345248	81
Mock_P01_1	18	345248	122
Mock_P01_1	18	345248	121
Mock_P01_1	18	345248	26
Mock_P01_1	18	345248	112
Mock_P01_1	18	345248	58
Mock_P01_1	18	345248	84
Mock_P01_1	18	345248	48
Mock_P01_1	18	345248	86
Mock_P01_1	18	345248	83
Mock_P01_1	18	345248	377
Mock_P01_1	18	345248	60
Mock_P01_1	18	345248	60
Mock_P01_1	18	345248	98
Mock_P01_1	18	345248	103
Mock_P01_1	18	345248	110
Mock_P01_1	18	345248	82
Mock_P01_1	18	345248	52
Mock_P01_1	18	345248	97
Mock_P01_1	19	398829	27
Mock_P01_1	19	398829	50
Mock_P01_1	19	398829	44
Mock_P01_1	19	398829	48
Mock_P01_1	19	398829	71
Mock_P01_1	19	398829	113
Mock_P01_1	19	398829	72
Mock_P01_1	19	398829	77
Mock_P01_1	19	398829	14
Mock_P01_1	19	398829	61
Mock_P01_1	19	398829	69
Mock_P01_1	19	398829	43
Mock_P01_1	19	398829	215
Mock_P01_1	19	398829	91
Mock_P01_1	19	398829	100
Mock_P01_1	19	398829	82
Mock_P01_1	19	398829	126
Mock_P01_1	19	398829	209
Mock_P01_1	19	398829	27
Mock_P01_1	19	398829	151
Mock_P01_1	19	398829	12
Mock_P01_1	19	398829	84
Mock_P01_1	19	398829	43
Mock_P01_1	19	398829	155
Mock_P01_1	19	398829	83
Mock_P01_1	19	398829	187
Mock_P01_1	19	398829	109
Mock_P01_1	19	398829	77
Mock_P01_1	19	398829	54
Mock_P01_1	19	398829	50
Mock_P01_1	19	398829	143
Mock_P01_1	19	398829	72
Mock_P01_1	19	398829	129
Mock_P01_1	19	398829	111
Mock_P01_1	19	398829	113
Mock_P01_1	19	398829	74
Mock_P01_1	19	398829	66
Mock_P01_1	19	398829	105
Mock_P01_1	19	398829	100
Mock_P01_1	19	398829	194
Mock_P01_1	19	398829	62
Mock_P01_1	19	398829	77
Mock_P01_1	19	398829	115
Mock_P01_1	19	398829	130
Mock_P01_1	19	398829	202
Mock_P01_1	19	398829	165
Mock_P01_1	19	398829	19
Mock_P01_1	19	398829	132
Mock_P01_1	19	398829	14
Mock_P01_1	19	398829	168
Mock_P01_1	19	398829	305
Mock_P01_1	19	398829	32
Mock_P01_1	19	398829	92
Mock_P01_1	19	398829	52
Mock_P01_1	19	398829	82
Mock_P01_1	19	398829	138
Mock_P01_1	19	398829	55
Mock_P01_1	19	398829	89
Mock_P01_1	19	398829	146
Mock_P01_1	19	398829	166
Mock_P01_1	19	398829	86
Mock_P01_1	19	398829	111
Mock_P01_1	19	398829	101
Mock_P01_1	19	398829	120
Mock_P01_1	19	398829	113
Mock_P01_1	19	398829	78
Mock_P01_1	19	398829	115
Mock_P01_1	19	398829	146
Mock_P01_1	19	398829	13
Mock_P01_1	19	398829	113
Mock_P01_1	19	398829	45
Mock_P01_1	19	398829	38
Mock_P01_1	19	398829	114
Mock_P01_1	19	398829	139
Mock_P01_1	19	398829	99
Mock_P01_1	19	398829	120
Mock_P01_1	19	398829	120
Mock_P01_1	19	398829	90
Mock_P01_1	19	398829	26
Mock_P01_1	19	398829	131
Mock_P01_1	19	398829	94
Mock_P01_1	19	398829	63
Mock_P01_1	19	398829	105
Mock_P01_1	19	398829	43
Mock_P01_1	19	398829	79
Mock_P01_1	19	398829	136
Mock_P01_1	19	398829	67
Mock_P01_1	19	398829	64
Mock_P01_1	19	398829	156
Mock_P01_1	19	398829	62
Mock_P01_1	19	398829	104
Mock_P01_1	19	398829	97
Mock_P01_1	19	398829	100
Mock_P01_1	19	398829	62
Mock_P01_1	19	398829	138
Mock_P01_1	19	398829	35
Mock_P01_1	19	398829	224
Mock_P01_1	19	398829	28
Mock_P01_1	19	398829	41
Mock_P01_1	19	398829	99
Mock_P01_1	19	398829	45
Mock_P01_1	19	398829	32
Mock_P01_1	19	398829	10
Mock_P01_1	19	398829	75
Mock_P01_1	19	398829	68
Mock_P01_1	19	398829	92
Mock_P01_1	19	398829	108
Mock_P01_1	19	398829	91
Mock_P01_1	19	398829	70
Mock_P01_1	19	398829	61
Mock_P01_1	19	398829	57
Mock_P01_1	19	398829	57
Mock_P01_1	19	398829	87
Mock_P01_1	19	398829	167
Mock_P01_1	19	398829	76
Mock_P01_1	19	398829	69
Mock_P01_1	19	398829	70
Mock_P01_1	19	398829	215
Mock_P01_1	19	398829	69
Mock_P01_1	19	398829	84
Mock_P01_1	19	398829	66
Mock_P01_1	19	398829	151
Mock_P01_1	19	398829	103
Mock_P01_1	19	398829	277
Mock_P01_1	19	398829	130
Mock_P01_1	19	398829	89
Mock_P01_1	19	398829	36
Mock_P01_1	19	398829	60
Mock_P01_1	19	398829	58
Mock_P01_1	19	398829	63
Mock_P01_1	19	398829	17
Mock_P01_1	19	398829	105
Mock_P01_1	19	398829	102
Mock_P01_1	19	398829	108
Mock_P01_1	19	398829	88
Mock_P01_1	19	398829	84
Mock_P01_1	19	398829	169
Mock_P01_1	19	398829	131
Mock_P01_1	19	398829	180
Mock_P01_1	19	398829	115
Mock_P01_1	19	398829	89
Mock_P01_1	19	398829	90
Mock_P01_1	19	398829	78
Mock_P01_1	19	398829	95
Mock_P01_1	19	398829	53
Mock_P01_1	19	398829	83
Mock_P01_1	19	398829	102
Mock_P01_1	19	398829	42
Mock_P01_1	19	398829	69
Mock_P01_1	19	398829	195
Mock_P01_1	19	398829	41
Mock_P01_1	19	398829	94
Mock_P01_1	19	398829	147
Mock_P01_1	19	398829	75
Mock_P01_1	19	398829	128
Mock_P01_1	19	398829	88
Mock_P01_1	19	398829	69
Mock_P01_1	19	398829	82
Mock_P01_1	19	398829	100
Mock_P01_1	19	398829	71
Mock_P01_1	19	398829	86
Mock_P01_1	19	398829	72
Mock_P01_1	19	398829	94
Mock_P01_1	19	398829	143
Mock_P01_1	19	398829	76
Mock_P01_1	19	398829	86
Mock_P01_1	19	398829	112
Mock_P01_1	19	398829	113
Mock_P01_1	19	398829	91
Mock_P01_1	19	398829	160
Mock_P01_1	19	398829	116
Mock_P01_1	19	398829	93
Mock_P01_1	19	398829	43
Mock_P01_1	19	398829	106
Mock_P01_1	19	398829	63
Mock_P01_1	19	398829	64
Mock_P01_1	19	398829	209
Mock_P01_1	19	398829	94
Mock_P01_1	19	398829	100
Mock_P01_1	19	398829	87
Mock_P01_1	19	398829	75
Mock_P01_1	19	398829	121
Mock_P01_1	19	398829	82
Mock_P01_1	19	398829	60
Mock_P01_1	19	398829	50
Mock_P01_1	19	398829	60
Mock_P01_1	19	398829	104
Mock_P01_1	19	398829	96
Mock_P01_1	19	398829	42
Mock_P01_1	19	398829	105
Mock_P01_1	19	398829	141
Mock_P01_1	19	398829	44
Mock_P01_1	19	398829	84
Mock_P01_1	19	398829	141
Mock_P01_1	19	398829	68
Mock_P01_1	19	398829	51
Mock_P01_1	19	398829	84
Mock_P01_1	19	398829	45
Mock_P01_1	19	398829	109
Mock_P01_1	19	398829	80
Mock_P01_1	19	398829	26
Mock_P01_1	19	398829	38
Mock_P01_1	19	398829	87
Mock_P01_1	19	398829	92
Mock_P01_1	19	398829	62
Mock_P01_1	19	398829	148
Mock_P01_1	19	398829	93
Mock_P01_1	19	398829	84
Mock_P01_1	19	398829	48
Mock_P01_1	19	398829	69
Mock_P01_1	19	398829	89
Mock_P01_1	19	398829	100
Mock_P01_1	19	398829	99
Mock_P01_1	19	398829	130
Mock_P01_1	19	398829	19
Mock_P01_1	19	398829	80
Mock_P01_1	19	398829	51
Mock_P01_1	19	398829	40
Mock_P01_1	19	398829	51
Mock_P01_1	19	398829	110
Mock_P01_1	19	398829	89
Mock_P01_1	19	398829	99
Mock_P01_1	19	398829	96
Mock_P01_1	19	398829	13
Mock_P01_1	19	398829	32
Mock_P01_1	19	398829	81
Mock_P01_1	19	398829	203
Mock_P01_1	19	398829	94
Mock_P01_1	19	398829	60
Mock_P01_1	19	398829	112
Mock_P01_1	19	398829	63
Mock_P01_1	20	339032	24
Mock_P01_1	20	339032	66
Mock_P01_1	20	339032	48
Mock_P01_1	20	339032	17
Mock_P01_1	20	339032	100
Mock_P01_1	20	339032	148
Mock_P01_1	20	339032	83
Mock_P01_1	20	339032	55
Mock_P01_1	20	339032	123
Mock_P01_1	20	339032	57
Mock_P01_1	20	339032	58
Mock_P01_1	20	339032	38
Mock_P01_1	20	339032	45
Mock_P01_1	20	339032	65
Mock_P01_1	20	339032	47
Mock_P01_1	20	339032	139
Mock_P01_1	20	339032	25
Mock_P01_1	20	339032	27
Mock_P01_1	20	339032	82
Mock_P01_1	20	339032	40
Mock_P01_1	20	339032	69
Mock_P01_1	20	339032	52
Mock_P01_1	20	339032	33
Mock_P01_1	20	339032	78
Mock_P01_1	20	339032	81
Mock_P01_1	20	339032	54
Mock_P01_1	20	339032	50
Mock_P01_1	20	339032	25
Mock_P01_1	20	339032	189
Mock_P01_1	20	339032	119
Mock_P01_1	20	339032	109
Mock_P01_1	20	339032	109
Mock_P01_1	20	339032	101
Mock_P01_1	20	339032	164
Mock_P01_1	20	339032	40
Mock_P01_1	20	339032	118
Mock_P01_1	20	339032	150
Mock_P01_1	20	339032	96
Mock_P01_1	20	339032	69
Mock_P01_1	20	339032	68
Mock_P01_1	20	339032	43
Mock_P01_1	20	339032	51
Mock_P01_1	20	339032	119
Mock_P01_1	20	339032	110
Mock_P01_1	20	339032	58
Mock_P01_1	20	339032	89
Mock_P01_1	20	339032	135
Mock_P01_1	20	339032	44
Mock_P01_1	20	339032	42
Mock_P01_1	20	339032	105
Mock_P01_1	20	339032	117
Mock_P01_1	20	339032	64
Mock_P01_1	20	339032	108
Mock_P01_1	20	339032	137
Mock_P01_1	20	339032	36
Mock_P01_1	20	339032	44
Mock_P01_1	20	339032	38
Mock_P01_1	20	339032	148
Mock_P01_1	20	339032	100
Mock_P01_1	20	339032	110
Mock_P01_1	20	339032	86
Mock_P01_1	20	339032	132
Mock_P01_1	20	339032	72
Mock_P01_1	20	339032	101
Mock_P01_1	20	339032	161
Mock_P01_1	20	339032	50
Mock_P01_1	20	339032	140
Mock_P01_1	20	339032	144
Mock_P01_1	20	339032	96
Mock_P01_1	20	339032	84
Mock_P01_1	20	339032	43
Mock_P01_1	20	339032	75
Mock_P01_1	20	339032	40
Mock_P01_1	20	339032	107
Mock_P01_1	20	339032	84
Mock_P01_1	20	339032	83
Mock_P01_1	20	339032	60
Mock_P01_1	20	339032	81
Mock_P01_1	20	339032	61
Mock_P01_1	20	339032	73
Mock_P01_1	20	339032	51
Mock_P01_1	20	339032	191
Mock_P01_1	20	339032	45
Mock_P01_1	20	339032	98
Mock_P01_1	20	339032	100
Mock_P01_1	20	339032	206
Mock_P01_1	20	339032	87
Mock_P01_1	20	339032	80
Mock_P01_1	20	339032	172
Mock_P01_1	20	339032	121
Mock_P01_1	20	339032	56
Mock_P01_1	20	339032	83
Mock_P01_1	20	339032	114
Mock_P01_1	20	339032	68
Mock_P01_1	20	339032	60
Mock_P01_1	20	339032	121
Mock_P01_1	20	339032	75
Mock_P01_1	20	339032	87
Mock_P01_1	20	339032	60
Mock_P01_1	20	339032	87
Mock_P01_1	20	339032	83
Mock_P01_1	20	339032	66
Mock_P01_1	20	339032	120
Mock_P01_1	20	339032	61
Mock_P01_1	20	339032	83
Mock_P01_1	20	339032	71
Mock_P01_1	20	339032	55
Mock_P01_1	20	339032	139
Mock_P01_1	20	339032	107
Mock_P01_1	20	339032	91
Mock_P01_1	20	339032	126
Mock_P01_1	20	339032	55
Mock_P01_1	20	339032	126
Mock_P01_1	20	339032	103
Mock_P01_1	20	339032	86
Mock_P01_1	20	339032	95
Mock_P01_1	20	339032	105
Mock_P01_1	20	339032	180
Mock_P01_1	20	339032	144
Mock_P01_1	20	339032	42
Mock_P01_1	20	339032	92
Mock_P01_1	20	339032	73
Mock_P01_1	20	339032	85
Mock_P01_1	20	339032	128
Mock_P01_1	20	339032	38
Mock_P01_1	20	339032	65
Mock_P01_1	20	339032	77
Mock_P01_1	20	339032	82
Mock_P01_1	20	339032	51
Mock_P01_1	20	339032	64
Mock_P01_1	20	339032	71
Mock_P01_1	20	339032	151
Mock_P01_1	20	339032	63
Mock_P01_1	20	339032	68
Mock_P01_1	20	339032	171
Mock_P01_1	20	339032	67
Mock_P01_1	20	339032	89
Mock_P01_1	20	339032	110
Mock_P01_1	20	339032	97
Mock_P01_1	20	339032	68
Mock_P01_1	20	339032	80
Mock_P01_1	20	339032	73
Mock_P01_1	20	339032	158
Mock_P01_1	20	339032	36
Mock_P01_1	20	339032	104
Mock_P01_1	20	339032	47
Mock_P01_1	20	339032	121
Mock_P01_1	20	339032	19
Mock_P01_1	20	339032	167
Mock_P01_1	20	339032	87
Mock_P01_1	20	339032	86
Mock_P01_1	20	339032	53
Mock_P01_1	20	339032	53
Mock_P01_1	20	339032	42
Mock_P01_1	20	339032	98
Mock_P01_1	20	339032	89
Mock_P01_1	20	339032	70
Mock_P01_1	20	339032	58
Mock_P01_1	20	339032	104
Mock_P01_1	20	339032	154
Mock_P01_1	20	339032	86
Mock_P01_1	20	339032	95
Mock_P01_1	20	339032	40
Mock_P01_1	20	339032	63
Mock_P01_1	20	339032	53
Mock_P01_1	20	339032	86
Mock_P01_1	20	339032	54
Mock_P01_1	20	339032	114
Mock_P01_1	20	339032	76
Mock_P01_1	20	339032	62
Mock_P01_1	20	339032	60
Mock_P01_1	20	339032	87
Mock_P01_1	20	339032	66
Mock_P01_1	20	339032	148
Mock_P01_1	20	339032	212
Mock_P01_1	20	339032	69
Mock_P01_1	20	339032	101
Mock_P01_1	20	339032	83
Mock_P01_1	20	339032	182
Mock_P01_1	20	339032	73
Mock_P01_1	20	339032	137
Mock_P01_1	20	339032	157
Mock_P01_1	20	339032	104
Mock_P01_1	20	339032	46
Mock_P01_1	20	339032	96
Mock_P01_1	20	339032	107
Mock_P01_1	20	339032	95
Mock_P01_1	20	339032	113
Mock_P01_1	20	339032	69
Mock_P01_1	20	339032	57
Mock_P01_1	20	339032	176
Mock_P01_1	20	339032	83
Mock_P01_1	20	339032	120
Mock_P01_1	20	339032	46
Mock_P01_1	20	339032	97
Mock_P01_1	20	339032	47
Mock_P01_1	20	339032	58
Mock_P01_1	20	339032	31
Mock_P01_1	20	339032	26
Mock_P01_1	20	339032	92
Mock_P01_1	20	339032	50
Mock_P01_1	20	339032	54
Mock_P01_1	20	339032	174
Mock_P01_1	20	339032	133
Mock_P01_1	20	339032	82
Mock_P01_1	20	339032	69
Mock_P01_1	20	339032	105
Mock_P01_1	20	339032	65
Mock_P01_1	20	339032	103
Mock_P01_1	20	339032	70
Mock_P01_1	20	339032	70
Mock_P01_1	20	339032	51
Mock_P01_1	20	339032	29
Mock_P01_1	20	339032	77
Mock_P01_1	20	339032	168
Mock_P01_1	20	339032	67
Mock_P01_1	20	339032	104
Mock_P01_1	20	339032	19
Mock_P01_1	20	339032	61
Mock_P01_1	20	339032	84
Mock_P01_1	20	339032	67
Mock_P01_1	20	339032	100
Mock_P01_1	20	339032	211
Mock_P01_1	20	339032	207
Mock_P01_1	20	339032	96
Mock_P01_1	20	339032	96
Mock_P01_1	21	327550	26
Mock_P01_1	21	327550	56
Mock_P01_1	21	327550	54
Mock_P01_1	21	327550	89
Mock_P01_1	21	327550	46
Mock_P01_1	21	327550	86
Mock_P01_1	21	327550	59
Mock_P01_1	21	327550	72
Mock_P01_1	21	327550	16
Mock_P01_1	21	327550	23
Mock_P01_1	21	327550	77
Mock_P01_1	21	327550	45
Mock_P01_1	21	327550	56
Mock_P01_1	21	327550	78
Mock_P01_1	21	327550	81
Mock_P01_1	21	327550	69
Mock_P01_1	21	327550	176
Mock_P01_1	21	327550	60
Mock_P01_1	21	327550	90
Mock_P01_1	21	327550	81
Mock_P01_1	21	327550	148
Mock_P01_1	21	327550	86
Mock_P01_1	21	327550	77
Mock_P01_1	21	327550	65
Mock_P01_1	21	327550	142
Mock_P01_1	21	327550	148
Mock_P01_1	21	327550	87
Mock_P01_1	21	327550	82
Mock_P01_1	21	327550	45
Mock_P01_1	21	327550	144
Mock_P01_1	21	327550	123
Mock_P01_1	21	327550	85
Mock_P01_1	21	327550	80
Mock_P01_1	21	327550	192
Mock_P01_1	21	327550	85
Mock_P01_1	21	327550	73
Mock_P01_1	21	327550	166
Mock_P01_1	21	327550	115
Mock_P01_1	21	327550	91
Mock_P01_1	21	327550	60
Mock_P01_1	21	327550	155
Mock_P01_1	21	327550	93
Mock_P01_1	21	327550	85
Mock_P01_1	21	327550	38
Mock_P01_1	21	327550	95
Mock_P01_1	21	327550	67
Mock_P01_1	21	327550	43
Mock_P01_1	21	327550	120
Mock_P01_1	21	327550	140
Mock_P01_1	21	327550	221
Mock_P01_1	21	327550	155
Mock_P01_1	21	327550	103
Mock_P01_1	21	327550	61
Mock_P01_1	21	327550	91
Mock_P01_1	21	327550	105
Mock_P01_1	21	327550	89
Mock_P01_1	21	327550	69
Mock_P01_1	21	327550	52
Mock_P01_1	21	327550	180
Mock_P01_1	21	327550	165
Mock_P01_1	21	327550	80
Mock_P01_1	21	327550	94
Mock_P01_1	21	327550	83
Mock_P01_1	21	327550	96
Mock_P01_1	21	327550	54
Mock_P01_1	21	327550	49
Mock_P01_1	21	327550	77
Mock_P01_1	21	327550	125
Mock_P01_1	21	327550	35
Mock_P01_1	21	327550	97
Mock_P01_1	21	327550	54
Mock_P01_1	21	327550	96
Mock_P01_1	21	327550	78
Mock_P01_1	21	327550	78
Mock_P01_1	21	327550	110
Mock_P01_1	21	327550	71
Mock_P01_1	21	327550	86
Mock_P01_1	21	327550	82
Mock_P01_1	21	327550	120
Mock_P01_1	21	327550	56
Mock_P01_1	21	327550	47
Mock_P01_1	21	327550	57
Mock_P01_1	21	327550	97
Mock_P01_1	21	327550	82
Mock_P01_1	21	327550	70
Mock_P01_1	21	327550	72
Mock_P01_1	21	327550	72
Mock_P01_1	21	327550	88
Mock_P01_1	21	327550	135
Mock_P01_1	21	327550	115
Mock_P01_1	21	327550	52
Mock_P01_1	21	327550	99
Mock_P01_1	21	327550	142
Mock_P01_1	21	327550	128
Mock_P01_1	21	327550	26
Mock_P01_1	21	327550	35
Mock_P01_1	21	327550	150
Mock_P01_1	21	327550	27
Mock_P01_1	21	327550	15
Mock_P01_1	21	327550	15
Mock_P01_1	21	327550	84
Mock_P01_1	21	327550	17
Mock_P01_1	21	327550	50
Mock_P01_1	21	327550	14
Mock_P01_1	21	327550	64
Mock_P01_1	21	327550	47
Mock_P01_1	21	327550	89
Mock_P01_1	21	327550	133
Mock_P01_1	21	327550	33
Mock_P01_1	21	327550	83
Mock_P01_1	21	327550	75
Mock_P01_1	21	327550	98
Mock_P01_1	21	327550	90
Mock_P01_1	21	327550	61
Mock_P01_1	21	327550	57
Mock_P01_1	22	373543	102
Mock_P01_1	22	373543	83
Mock_P01_1	22	373543	58
Mock_P01_1	22	373543	46
Mock_P01_1	22	373543	77
Mock_P01_1	22	373543	36
Mock_P01_1	22	373543	107
Mock_P01_1	22	373543	146
Mock_P01_1	22	373543	28
Mock_P01_1	22	373543	47
Mock_P01_1	22	373543	51
Mock_P01_1	22	373543	125
Mock_P01_1	22	373543	63
Mock_P01_1	22	373543	38
Mock_P01_1	22	373543	57
Mock_P01_1	22	373543	154
Mock_P01_1	22	373543	58
Mock_P01_1	22	373543	112
Mock_P01_1	22	373543	100
Mock_P01_1	22	373543	46
Mock_P01_1	22	373543	11
Mock_P01_1	22	373543	22
Mock_P01_1	22	373543	115
Mock_P01_1	22	373543	66
Mock_P01_1	22	373543	50
Mock_P01_1	22	373543	84
Mock_P01_1	22	373543	68
Mock_P01_1	22	373543	122
Mock_P01_1	22	373543	79
Mock_P01_1	22	373543	111
Mock_P01_1	22	373543	88
Mock_P01_1	22	373543	64
Mock_P01_1	22	373543	49
Mock_P01_1	22	373543	126
Mock_P01_1	22	373543	59
Mock_P01_1	22	373543	82
Mock_P01_1	22	373543	90
Mock_P01_1	22	373543	169
Mock_P01_1	22	373543	66
Mock_P01_1	22	373543	56
Mock_P01_1	22	373543	179
Mock_P01_1	22	373543	107
Mock_P01_1	22	373543	96
Mock_P01_1	22	373543	64
Mock_P01_1	22	373543	157
Mock_P01_1	22	373543	53
Mock_P01_1	22	373543	72
Mock_P01_1	22	373543	127
Mock_P01_1	22	373543	85
Mock_P01_1	22	373543	100
Mock_P01_1	22	373543	102
Mock_P01_1	22	373543	16
Mock_P01_1	22	373543	141
Mock_P01_1	22	373543	116
Mock_P01_1	22	373543	69
Mock_P01_1	22	373543	50
Mock_P01_1	22	373543	40
Mock_P01_1	22	373543	67
Mock_P01_1	22	373543	65
Mock_P01_1	22	373543	121
Mock_P01_1	22	373543	44
Mock_P01_1	22	373543	22
Mock_P01_1	22	373543	95
Mock_P01_1	22	373543	76
Mock_P01_1	22	373543	208
Mock_P01_1	22	373543	67
Mock_P01_1	22	373543	62
Mock_P01_1	22	373543	85
Mock_P01_1	22	373543	131
Mock_P01_1	22	373543	130
Mock_P01_1	22	373543	51
Mock_P01_1	22	373543	106
Mock_P01_1	22	373543	160
Mock_P01_1	22	373543	104
Mock_P01_1	22	373543	53
Mock_P01_1	22	373543	159
Mock_P01_1	22	373543	40
Mock_P01_1	22	373543	107
Mock_P01_1	22	373543	139
Mock_P01_1	22	373543	66
Mock_P01_1	22	373543	53
Mock_P01_1	22	373543	61
Mock_P01_1	22	373543	105
Mock_P01_1	22	373543	68
Mock_P01_1	22	373543	125
Mock_P01_1	22	373543	87
Mock_P01_1	22	373543	312
Mock_P01_1	22	373543	76
Mock_P01_1	22	373543	127
Mock_P01_1	22	373543	105
Mock_P01_1	22	373543	74
Mock_P01_1	22	373543	77
Mock_P01_1	22	373543	59
Mock_P01_1	22	373543	140
Mock_P01_1	22	373543	139
Mock_P01_1	22	373543	54
Mock_P01_1	22	373543	111
Mock_P01_1	22	373543	106
Mock_P01_1	22	373543	93
Mock_P01_1	22	373543	91
Mock_P01_1	22	373543	65
Mock_P01_1	22	373543	110
Mock_P01_1	22	373543	80
Mock_P01_1	22	373543	74
Mock_P01_1	22	373543	165
Mock_P01_1	22	373543	108
Mock_P01_1	22	373543	56
Mock_P01_1	22	373543	131
Mock_P01_1	22	373543	59
Mock_P01_1	22	373543	77
Mock_P01_1	22	373543	86
Mock_P01_1	22	373543	97
Mock_P01_1	22	373543	104
Mock_P01_1	22	373543	90
Mock_P01_1	22	373543	133
Mock_P01_1	22	373543	77
Mock_P01_1	22	373543	49
Mock_P01_1	22	373543	72
Mock_P01_1	22	373543	318
Mock_P01_1	22	373543	40
Mock_P01_1	22	373543	70
Mock_P01_1	22	373543	143
Mock_P01_1	22	373543	65
Mock_P01_1	22	373543	97
Mock_P01_1	22	373543	50
Mock_P01_1	22	373543	35
Mock_P01_1	22	373543	80
Mock_P01_1	22	373543	59
Mock_P01_1	22	373543	76
Mock_P01_1	22	373543	100
Mock_P01_1	22	373543	75
Mock_P01_1	22	373543	72
Mock_P01_1	22	373543	118
Mock_P01_1	22	373543	95
Mock_P01_1	22	373543	110
Mock_P01_1	22	373543	89
Mock_P01_1	22	373543	114
Mock_P01_1	22	373543	152
Mock_P01_1	22	373543	125
Mock_P01_1	22	373543	161
Mock_P01_1	22	373543	174
Mock_P01_1	22	373543	105
Mock_P01_1	22	373543	96
Mock_P01_1	22	373543	34
Mock_P01_1	22	373543	136
Mock_P01_1	22	373543	103
Mock_P01_1	22	373543	122
Mock_P01_1	22	373543	184
Mock_P01_1	22	373543	76
Mock_P01_1	22	373543	48
Mock_P01_1	22	373543	114
Mock_P01_1	22	373543	87
Mock_P01_1	22	373543	87
Mock_P01_1	22	373543	161
Mock_P01_1	22	373543	63
Mock_P01_1	22	373543	126
Mock_P01_1	22	373543	106
Mock_P01_1	22	373543	74
Mock_P01_1	22	373543	173
Mock_P01_1	22	373543	167
Mock_P01_1	22	373543	93
Mock_P01_1	22	373543	80
Mock_P01_1	22	373543	296
Mock_P01_1	22	373543	233
Mock_P01_1	22	373543	65
Mock_P01_1	22	373543	84
Mock_P01_1	22	373543	86
Mock_P01_1	22	373543	81
Mock_P01_1	22	373543	130
Mock_P01_1	22	373543	173
Mock_P01_1	22	373543	72
Mock_P01_1	22	373543	80
Mock_P01_1	22	373543	110
Mock_P01_1	22	373543	183
Mock_P01_1	22	373543	45
Mock_P01_1	22	373543	58
Mock_P01_1	22	373543	199
Mock_P01_1	22	373543	257
Mock_P01_1	22	373543	95
Mock_P01_1	22	373543	214
Mock_P01_1	22	373543	88
Mock_P01_1	22	373543	74
Mock_P01_1	22	373543	206
Mock_P01_1	22	373543	83
Mock_P01_1	22	373543	92
Mock_P01_1	22	373543	90
Mock_P01_1	22	373543	63
Mock_P01_1	22	373543	79
Mock_P01_1	22	373543	131
Mock_P01_1	22	373543	183
Mock_P01_1	22	373543	102
Mock_P01_1	22	373543	141
Mock_P01_1	22	373543	56
Mock_P01_1	22	373543	84
Mock_P01_1	22	373543	62
Mock_P01_1	22	373543	114
Mock_P01_1	22	373543	111
Mock_P01_1	22	373543	165
Mock_P01_1	22	373543	107
Mock_P01_1	22	373543	109
Mock_P01_1	22	373543	23
Mock_P01_1	23	405073	37
Mock_P01_1	23	405073	33
Mock_P01_1	23	405073	37
Mock_P01_1	23	405073	25
Mock_P01_1	23	405073	21
Mock_P01_1	23	405073	12
Mock_P01_1	23	405073	41
Mock_P01_1	23	405073	38
Mock_P01_1	23	405073	127
Mock_P01_1	23	405073	34
Mock_P01_1	23	405073	61
Mock_P01_1	23	405073	43
Mock_P01_1	23	405073	66
Mock_P01_1	23	405073	57
Mock_P01_1	23	405073	16
Mock_P01_1	23	405073	16
Mock_P01_1	23	405073	42
Mock_P01_1	23	405073	46
Mock_P01_1	23	405073	52
Mock_P01_1	23	405073	14
Mock_P01_1	23	405073	52
Mock_P01_1	23	405073	25
Mock_P01_1	23	405073	67
Mock_P01_1	23	405073	85
Mock_P01_1	23	405073	65
Mock_P01_1	23	405073	77
Mock_P01_1	23	405073	33
Mock_P01_1	23	405073	113
Mock_P01_1	23	405073	155
Mock_P01_1	23	405073	85
Mock_P01_1	23	405073	71
Mock_P01_1	23	405073	57
Mock_P01_1	23	405073	116
Mock_P01_1	23	405073	54
Mock_P01_1	23	405073	116
Mock_P01_1	23	405073	96
Mock_P01_1	23	405073	104
Mock_P01_1	23	405073	64
Mock_P01_1	23	405073	93
Mock_P01_1	23	405073	104
Mock_P01_1	23	405073	138
Mock_P01_1	23	405073	99
Mock_P01_1	23	405073	84
Mock_P01_1	23	405073	69
Mock_P01_1	23	405073	64
Mock_P01_1	23	405073	106
Mock_P01_1	23	405073	79
Mock_P01_1	23	405073	139
Mock_P01_1	23	405073	55
Mock_P01_1	23	405073	84
Mock_P01_1	23	405073	63
Mock_P01_1	23	405073	239
Mock_P01_1	23	405073	30
Mock_P01_1	23	405073	12
Mock_P01_1	23	405073	140
Mock_P01_1	23	405073	53
Mock_P01_1	23	405073	64
Mock_P01_1	23	405073	54
Mock_P01_1	23	405073	47
Mock_P01_1	23	405073	108
Mock_P01_1	23	405073	92
Mock_P01_1	23	405073	85
Mock_P01_1	23	405073	20
Mock_P01_1	23	405073	45
Mock_P01_1	23	405073	118
Mock_P01_1	23	405073	119
Mock_P01_1	23	405073	141
Mock_P01_1	23	405073	84
Mock_P01_1	23	405073	89
Mock_P01_1	23	405073	297
Mock_P01_1	23	405073	38
Mock_P01_1	23	405073	26
Mock_P01_1	23	405073	119
Mock_P01_1	23	405073	62
Mock_P01_1	23	405073	40
Mock_P01_1	23	405073	13
Mock_P01_1	23	405073	35
Mock_P01_1	23	405073	82
Mock_P01_1	23	405073	132
Mock_P01_1	23	405073	193
Mock_P01_1	23	405073	60
Mock_P01_1	23	405073	16
Mock_P01_1	23	405073	149
Mock_P01_1	23	405073	65
Mock_P01_1	23	405073	66
Mock_P01_1	23	405073	65
Mock_P01_1	23	405073	147
Mock_P01_1	23	405073	169
Mock_P01_1	23	405073	118
Mock_P01_1	23	405073	68
Mock_P01_1	23	405073	80
Mock_P01_1	23	405073	75
Mock_P01_1	23	405073	65
Mock_P01_1	23	405073	127
Mock_P01_1	23	405073	87
Mock_P01_1	23	405073	84
Mock_P01_1	23	405073	27
Mock_P01_1	23	405073	84
Mock_P01_1	23	405073	82
Mock_P01_1	23	405073	56
Mock_P01_1	23	405073	74
Mock_P01_1	23	405073	60
Mock_P01_1	23	405073	68
Mock_P01_1	23	405073	87
Mock_P01_1	23	405073	11
Mock_P01_1	23	405073	56
Mock_P01_1	23	405073	119
Mock_P01_1	23	405073	57
Mock_P01_1	23	405073	29
Mock_P01_1	23	405073	112
Mock_P01_1	23	405073	65
Mock_P01_1	23	405073	98
Mock_P01_1	23	405073	69
Mock_P01_1	23	405073	213
Mock_P01_1	23	405073	50
Mock_P01_1	23	405073	56
Mock_P01_1	23	405073	115
Mock_P01_1	23	405073	63
Mock_P01_1	23	405073	99
Mock_P01_1	23	405073	61
Mock_P01_1	23	405073	110
Mock_P01_1	23	405073	50
Mock_P01_1	23	405073	71
Mock_P01_1	23	405073	57
Mock_P01_1	23	405073	156
Mock_P01_1	23	405073	16
Mock_P01_1	23	405073	91
Mock_P01_1	23	405073	144
Mock_P01_1	23	405073	54
Mock_P01_1	23	405073	98
Mock_P01_1	23	405073	81
Mock_P01_1	23	405073	170
Mock_P01_1	23	405073	78
Mock_P01_1	23	405073	40
Mock_P01_1	23	405073	77
Mock_P01_1	23	405073	75
Mock_P01_1	23	405073	90
Mock_P01_1	23	405073	169
Mock_P01_1	23	405073	63
Mock_P01_1	23	405073	93
Mock_P01_1	23	405073	82
Mock_P01_1	23	405073	126
Mock_P01_1	23	405073	44
Mock_P01_1	23	405073	49
Mock_P01_1	23	405073	62
Mock_P01_1	23	405073	36
Mock_P01_1	23	405073	83
Mock_P01_1	23	405073	72
Mock_P01_1	23	405073	67
Mock_P01_1	23	405073	104
Mock_P01_1	23	405073	167
Mock_P01_1	23	405073	135
Mock_P01_1	23	405073	71
Mock_P01_1	23	405073	63
Mock_P01_1	23	405073	33
Mock_P01_1	23	405073	75
Mock_P01_1	23	405073	53
Mock_P01_1	23	405073	74
Mock_P01_1	23	405073	53
Mock_P01_1	23	405073	38
Mock_P01_1	23	405073	77
Mock_P01_1	23	405073	45
Mock_P01_1	23	405073	61
Mock_P01_1	23	405073	95
Mock_P01_1	23	405073	43
Mock_P01_1	23	405073	42
Mock_P01_1	23	405073	31
Mock_P01_1	23	405073	22
Mock_P01_1	23	405073	48
Mock_P01_1	23	405073	37
Mock_P01_1	23	405073	21
Mock_P01_1	23	405073	33
Mock_P01_1	23	405073	91
Mock_P01_1	23	405073	137
Mock_P01_1	23	405073	63
Mock_P01_1	23	405073	55
Mock_P01_1	23	405073	68
Mock_P01_1	23	405073	44
Mock_P01_1	23	405073	77
Mock_P01_1	23	405073	30
Mock_P01_1	23	405073	74
Mock_P01_1	23	405073	85
Mock_P01_1	23	405073	141
Mock_P01_1	23	405073	82
Mock_P01_1	23	405073	63
Mock_P01_1	23	405073	119
Mock_P01_1	23	405073	17
Mock_P01_1	23	405073	138
Mock_P01_1	23	405073	82
Mock_P01_1	23	405073	96
Mock_P01_1	23	405073	101
Mock_P01_1	23	405073	47
Mock_P01_1	23	405073	85
Mock_P01_1	23	405073	72
Mock_P01_1	23	405073	46
Mock_P01_1	23	405073	18
Mock_P01_1	23	405073	81
Mock_P01_1	23	405073	19
Mock_P01_1	23	405073	52
Mock_P01_1	23	405073	92
Mock_P01_1	23	405073	72
Mock_P01_1	23	405073	49
Mock_P01_1	23	405073	76
Mock_P01_1	23	405073	54
Mock_P01_1	23	405073	242
Mock_P01_1	23	405073	77
Mock_P01_1	23	405073	95
Mock_P01_1	23	405073	183
Mock_P01_1	23	405073	67
Mock_P01_1	23	405073	62
Mock_P01_1	23	405073	52
Mock_P01_1	23	405073	70
Mock_P01_1	23	405073	74
Mock_P01_1	23	405073	58
Mock_P01_1	23	405073	94
Mock_P01_1	23	405073	179
Mock_P01_1	23	405073	62
Mock_P01_1	23	405073	14
Mock_P01_1	23	405073	294
Mock_P01_1	23	405073	114
Mock_P01_1	23	405073	84
Mock_P01_1	23	405073	63
Mock_P01_1	23	405073	82
Mock_P01_1	23	405073	39
Mock_P01_1	23	405073	97
Mock_P01_1	23	405073	87
Mock_P01_1	23	405073	68
Mock_P01_1	23	405073	70
Mock_P01_1	23	405073	88
Mock_P01_1	23	405073	54
Mock_P01_1	23	405073	142
Mock_P01_1	23	405073	56
Mock_P01_1	23	405073	73
Mock_P01_1	23	405073	56
Mock_P01_1	23	405073	101
Mock_P01_1	23	405073	205
Mock_P01_1	23	405073	73
Mock_P01_1	23	405073	49
Mock_P01_1	23	405073	108
Mock_P01_1	23	405073	59
Mock_P01_1	23	405073	118
Mock_P01_1	23	405073	35
