fichier	leaf	surfaceLeaf	surfaceLesion
Chi_P06_1	1	234649	89
Chi_P06_1	2	368114	0
Chi_P06_1	3	320515	28
Chi_P06_1	4	266663	0
Chi_P06_1	5	275618	0
Chi_P06_1	6	280943	0
Chi_P06_1	7	290683	187
Chi_P06_1	7	290683	134
Chi_P06_1	7	290683	212
Chi_P06_1	7	290683	151
Chi_P06_1	7	290683	113
Chi_P06_1	7	290683	208
Chi_P06_1	7	290683	155
Chi_P06_1	7	290683	161
Chi_P06_1	7	290683	213
Chi_P06_1	7	290683	154
Chi_P06_1	7	290683	151
Chi_P06_1	7	290683	229
Chi_P06_1	7	290683	115
Chi_P06_1	7	290683	226
Chi_P06_1	7	290683	128
Chi_P06_1	7	290683	124
Chi_P06_1	7	290683	101
Chi_P06_1	7	290683	49
Chi_P06_1	7	290683	115
Chi_P06_1	7	290683	73
Chi_P06_1	7	290683	108
Chi_P06_1	7	290683	176
Chi_P06_1	7	290683	179
Chi_P06_1	7	290683	234
Chi_P06_1	7	290683	147
Chi_P06_1	7	290683	246
Chi_P06_1	7	290683	194
Chi_P06_1	7	290683	138
Chi_P06_1	7	290683	212
Chi_P06_1	7	290683	254
Chi_P06_1	7	290683	110
Chi_P06_1	7	290683	261
Chi_P06_1	7	290683	163
Chi_P06_1	7	290683	122
Chi_P06_1	7	290683	72
Chi_P06_1	7	290683	75
Chi_P06_1	7	290683	96
Chi_P06_1	7	290683	231
Chi_P06_1	7	290683	289
Chi_P06_1	7	290683	124
Chi_P06_1	7	290683	114
Chi_P06_1	7	290683	173
Chi_P06_1	7	290683	120
Chi_P06_1	7	290683	103
Chi_P06_1	7	290683	195
Chi_P06_1	7	290683	214
Chi_P06_1	7	290683	183
Chi_P06_1	7	290683	125
Chi_P06_1	7	290683	415
Chi_P06_1	7	290683	49
Chi_P06_1	7	290683	117
Chi_P06_1	7	290683	130
Chi_P06_1	7	290683	147
Chi_P06_1	7	290683	242
Chi_P06_1	7	290683	178
Chi_P06_1	7	290683	169
Chi_P06_1	7	290683	474
Chi_P06_1	7	290683	148
Chi_P06_1	7	290683	62
Chi_P06_1	7	290683	154
Chi_P06_1	7	290683	127
Chi_P06_1	7	290683	83
Chi_P06_1	7	290683	303
Chi_P06_1	7	290683	263
Chi_P06_1	7	290683	109
Chi_P06_1	7	290683	109
Chi_P06_1	7	290683	157
Chi_P06_1	7	290683	87
Chi_P06_1	7	290683	386
Chi_P06_1	7	290683	180
Chi_P06_1	7	290683	105
Chi_P06_1	7	290683	98
Chi_P06_1	7	290683	135
Chi_P06_1	7	290683	177
Chi_P06_1	7	290683	175
Chi_P06_1	7	290683	154
Chi_P06_1	7	290683	209
Chi_P06_1	7	290683	133
Chi_P06_1	7	290683	192
Chi_P06_1	7	290683	121
Chi_P06_1	7	290683	168
Chi_P06_1	7	290683	170
Chi_P06_1	7	290683	326
Chi_P06_1	7	290683	106
Chi_P06_1	7	290683	140
Chi_P06_1	7	290683	128
Chi_P06_1	7	290683	193
Chi_P06_1	7	290683	192
Chi_P06_1	7	290683	142
Chi_P06_1	7	290683	123
Chi_P06_1	7	290683	200
Chi_P06_1	7	290683	118
Chi_P06_1	7	290683	212
Chi_P06_1	7	290683	92
Chi_P06_1	7	290683	111
Chi_P06_1	7	290683	168
Chi_P06_1	7	290683	213
Chi_P06_1	7	290683	108
Chi_P06_1	7	290683	166
Chi_P06_1	7	290683	123
Chi_P06_1	7	290683	297
Chi_P06_1	7	290683	298
Chi_P06_1	7	290683	400
Chi_P06_1	7	290683	111
Chi_P06_1	7	290683	103
Chi_P06_1	7	290683	358
Chi_P06_1	7	290683	335
Chi_P06_1	7	290683	509
Chi_P06_1	7	290683	249
Chi_P06_1	7	290683	111
Chi_P06_1	7	290683	269
Chi_P06_1	7	290683	179
Chi_P06_1	7	290683	193
Chi_P06_1	7	290683	14
Chi_P06_1	7	290683	115
Chi_P06_1	7	290683	71
Chi_P06_1	7	290683	165
Chi_P06_1	7	290683	163
Chi_P06_1	7	290683	237
Chi_P06_1	7	290683	234
Chi_P06_1	7	290683	90
Chi_P06_1	7	290683	516
Chi_P06_1	7	290683	147
Chi_P06_1	7	290683	226
Chi_P06_1	7	290683	71
Chi_P06_1	7	290683	163
Chi_P06_1	7	290683	238
Chi_P06_1	7	290683	130
Chi_P06_1	7	290683	247
Chi_P06_1	7	290683	513
Chi_P06_1	7	290683	150
Chi_P06_1	7	290683	155
Chi_P06_1	7	290683	285
Chi_P06_1	7	290683	136
Chi_P06_1	7	290683	229
Chi_P06_1	7	290683	174
Chi_P06_1	7	290683	106
Chi_P06_1	7	290683	78
Chi_P06_1	7	290683	336
Chi_P06_1	7	290683	140
Chi_P06_1	7	290683	76
Chi_P06_1	7	290683	212
Chi_P06_1	7	290683	163
Chi_P06_1	7	290683	102
Chi_P06_1	8	306955	119
Chi_P06_1	8	306955	134
Chi_P06_1	8	306955	121
Chi_P06_1	8	306955	126
Chi_P06_1	8	306955	125
Chi_P06_1	8	306955	127
Chi_P06_1	8	306955	196
Chi_P06_1	8	306955	109
Chi_P06_1	8	306955	166
Chi_P06_1	8	306955	97
Chi_P06_1	8	306955	147
Chi_P06_1	8	306955	108
Chi_P06_1	8	306955	287
Chi_P06_1	8	306955	120
Chi_P06_1	8	306955	199
Chi_P06_1	8	306955	47
Chi_P06_1	8	306955	120
Chi_P06_1	8	306955	204
Chi_P06_1	8	306955	122
Chi_P06_1	8	306955	181
Chi_P06_1	8	306955	191
Chi_P06_1	8	306955	225
Chi_P06_1	8	306955	345
Chi_P06_1	8	306955	276
Chi_P06_1	8	306955	140
Chi_P06_1	8	306955	95
Chi_P06_1	8	306955	60
Chi_P06_1	8	306955	120
Chi_P06_1	8	306955	248
Chi_P06_1	8	306955	114
Chi_P06_1	8	306955	81
Chi_P06_1	8	306955	124
Chi_P06_1	8	306955	89
Chi_P06_1	8	306955	218
Chi_P06_1	8	306955	487
Chi_P06_1	8	306955	145
Chi_P06_1	8	306955	89
Chi_P06_1	8	306955	223
Chi_P06_1	8	306955	194
Chi_P06_1	8	306955	86
Chi_P06_1	8	306955	236
Chi_P06_1	8	306955	258
Chi_P06_1	8	306955	148
Chi_P06_1	8	306955	193
Chi_P06_1	8	306955	154
Chi_P06_1	8	306955	119
Chi_P06_1	8	306955	205
Chi_P06_1	8	306955	152
Chi_P06_1	8	306955	161
Chi_P06_1	8	306955	212
Chi_P06_1	8	306955	148
Chi_P06_1	8	306955	324
Chi_P06_1	8	306955	145
Chi_P06_1	8	306955	141
Chi_P06_1	8	306955	209
Chi_P06_1	8	306955	180
Chi_P06_1	8	306955	144
Chi_P06_1	8	306955	148
Chi_P06_1	8	306955	153
Chi_P06_1	8	306955	129
Chi_P06_1	8	306955	140
Chi_P06_1	8	306955	170
Chi_P06_1	8	306955	131
Chi_P06_1	8	306955	58
Chi_P06_1	8	306955	84
Chi_P06_1	8	306955	147
Chi_P06_1	8	306955	343
Chi_P06_1	8	306955	370
Chi_P06_1	8	306955	308
Chi_P06_1	8	306955	180
Chi_P06_1	8	306955	421
Chi_P06_1	8	306955	181
Chi_P06_1	8	306955	100
Chi_P06_1	8	306955	125
Chi_P06_1	8	306955	193
Chi_P06_1	8	306955	57
Chi_P06_1	8	306955	79
Chi_P06_1	8	306955	58
Chi_P06_1	8	306955	32
Chi_P06_1	8	306955	107
Chi_P06_1	8	306955	92
Chi_P06_1	8	306955	143
Chi_P06_1	8	306955	133
Chi_P06_1	8	306955	106
Chi_P06_1	8	306955	131
Chi_P06_1	8	306955	259
Chi_P06_1	8	306955	201
Chi_P06_1	8	306955	104
Chi_P06_1	8	306955	142
Chi_P06_1	8	306955	317
Chi_P06_1	8	306955	148
Chi_P06_1	8	306955	70
Chi_P06_1	8	306955	127
Chi_P06_1	8	306955	116
Chi_P06_1	8	306955	150
Chi_P06_1	8	306955	83
Chi_P06_1	8	306955	42
Chi_P06_1	8	306955	141
Chi_P06_1	8	306955	317
Chi_P06_1	8	306955	187
Chi_P06_1	8	306955	48
Chi_P06_1	8	306955	138
Chi_P06_1	8	306955	165
Chi_P06_1	8	306955	125
Chi_P06_1	8	306955	72
Chi_P06_1	8	306955	131
Chi_P06_1	8	306955	94
Chi_P06_1	8	306955	142
Chi_P06_1	8	306955	131
Chi_P06_1	8	306955	130
Chi_P06_1	8	306955	92
Chi_P06_1	8	306955	157
Chi_P06_1	8	306955	98
Chi_P06_1	8	306955	150
Chi_P06_1	8	306955	169
Chi_P06_1	8	306955	259
Chi_P06_1	8	306955	103
Chi_P06_1	8	306955	373
Chi_P06_1	8	306955	73
Chi_P06_1	8	306955	110
Chi_P06_1	8	306955	130
Chi_P06_1	8	306955	177
Chi_P06_1	8	306955	272
Chi_P06_1	8	306955	126
Chi_P06_1	8	306955	200
Chi_P06_1	8	306955	183
Chi_P06_1	8	306955	206
Chi_P06_1	8	306955	79
Chi_P06_1	8	306955	50
Chi_P06_1	8	306955	173
Chi_P06_1	8	306955	123
Chi_P06_1	8	306955	237
Chi_P06_1	8	306955	367
Chi_P06_1	8	306955	170
Chi_P06_1	8	306955	120
Chi_P06_1	8	306955	192
Chi_P06_1	8	306955	239
Chi_P06_1	8	306955	135
Chi_P06_1	8	306955	162
Chi_P06_1	8	306955	152
Chi_P06_1	8	306955	136
Chi_P06_1	8	306955	384
Chi_P06_1	8	306955	120
Chi_P06_1	8	306955	94
Chi_P06_1	8	306955	120
Chi_P06_1	8	306955	124
Chi_P06_1	8	306955	132
Chi_P06_1	8	306955	223
Chi_P06_1	8	306955	225
Chi_P06_1	8	306955	131
Chi_P06_1	8	306955	119
Chi_P06_1	8	306955	285
Chi_P06_1	8	306955	124
Chi_P06_1	8	306955	173
Chi_P06_1	8	306955	245
Chi_P06_1	8	306955	22
Chi_P06_1	9	351190	131
Chi_P06_1	9	351190	190
Chi_P06_1	9	351190	132
Chi_P06_1	9	351190	143
Chi_P06_1	9	351190	81
Chi_P06_1	9	351190	125
Chi_P06_1	9	351190	45
Chi_P06_1	9	351190	99
Chi_P06_1	9	351190	72
Chi_P06_1	9	351190	92
Chi_P06_1	9	351190	110
Chi_P06_1	9	351190	170
Chi_P06_1	9	351190	25
Chi_P06_1	9	351190	120
Chi_P06_1	9	351190	123
Chi_P06_1	9	351190	158
Chi_P06_1	9	351190	175
Chi_P06_1	9	351190	144
Chi_P06_1	9	351190	187
Chi_P06_1	9	351190	297
Chi_P06_1	9	351190	154
Chi_P06_1	9	351190	104
Chi_P06_1	9	351190	193
Chi_P06_1	9	351190	321
Chi_P06_1	9	351190	134
Chi_P06_1	9	351190	160
Chi_P06_1	9	351190	119
Chi_P06_1	9	351190	96
Chi_P06_1	9	351190	167
Chi_P06_1	9	351190	96
Chi_P06_1	9	351190	203
Chi_P06_1	9	351190	117
Chi_P06_1	9	351190	272
Chi_P06_1	9	351190	331
Chi_P06_1	9	351190	182
Chi_P06_1	9	351190	169
Chi_P06_1	9	351190	111
Chi_P06_1	9	351190	286
Chi_P06_1	9	351190	170
Chi_P06_1	9	351190	156
Chi_P06_1	9	351190	337
Chi_P06_1	9	351190	91
Chi_P06_1	9	351190	191
Chi_P06_1	9	351190	183
Chi_P06_1	9	351190	246
Chi_P06_1	9	351190	155
Chi_P06_1	9	351190	195
Chi_P06_1	9	351190	209
Chi_P06_1	9	351190	152
Chi_P06_1	9	351190	60
Chi_P06_1	9	351190	155
Chi_P06_1	9	351190	162
Chi_P06_1	9	351190	146
Chi_P06_1	9	351190	97
Chi_P06_1	9	351190	119
Chi_P06_1	9	351190	104
Chi_P06_1	9	351190	75
Chi_P06_1	9	351190	208
Chi_P06_1	9	351190	97
Chi_P06_1	9	351190	130
Chi_P06_1	9	351190	156
Chi_P06_1	9	351190	122
Chi_P06_1	9	351190	171
Chi_P06_1	9	351190	153
Chi_P06_1	9	351190	148
Chi_P06_1	9	351190	260
Chi_P06_1	9	351190	39
Chi_P06_1	9	351190	206
Chi_P06_1	9	351190	179
Chi_P06_1	9	351190	133
Chi_P06_1	9	351190	445
Chi_P06_1	9	351190	127
Chi_P06_1	9	351190	361
Chi_P06_1	9	351190	106
Chi_P06_1	9	351190	301
Chi_P06_1	9	351190	76
Chi_P06_1	9	351190	186
Chi_P06_1	9	351190	207
Chi_P06_1	9	351190	74
Chi_P06_1	9	351190	102
Chi_P06_1	9	351190	146
Chi_P06_1	9	351190	420
Chi_P06_1	9	351190	131
Chi_P06_1	9	351190	103
Chi_P06_1	9	351190	19
Chi_P06_1	9	351190	143
Chi_P06_1	9	351190	234
Chi_P06_1	9	351190	108
Chi_P06_1	9	351190	295
Chi_P06_1	9	351190	155
Chi_P06_1	9	351190	176
Chi_P06_1	9	351190	347
Chi_P06_1	9	351190	156
Chi_P06_1	9	351190	638
Chi_P06_1	9	351190	434
Chi_P06_1	9	351190	91
Chi_P06_1	9	351190	142
Chi_P06_1	9	351190	129
Chi_P06_1	9	351190	90
Chi_P06_1	9	351190	140
Chi_P06_1	9	351190	156
Chi_P06_1	9	351190	93
Chi_P06_1	9	351190	87
Chi_P06_1	9	351190	144
Chi_P06_1	9	351190	176
Chi_P06_1	9	351190	137
Chi_P06_1	9	351190	171
Chi_P06_1	9	351190	176
Chi_P06_1	9	351190	31
Chi_P06_1	9	351190	364
Chi_P06_1	9	351190	134
Chi_P06_1	9	351190	165
Chi_P06_1	9	351190	113
Chi_P06_1	9	351190	192
Chi_P06_1	9	351190	268
Chi_P06_1	9	351190	127
Chi_P06_1	9	351190	139
Chi_P06_1	9	351190	145
Chi_P06_1	9	351190	129
Chi_P06_1	9	351190	152
Chi_P06_1	9	351190	137
Chi_P06_1	9	351190	186
Chi_P06_1	9	351190	236
Chi_P06_1	9	351190	23
Chi_P06_1	9	351190	128
Chi_P06_1	9	351190	124
Chi_P06_1	9	351190	190
Chi_P06_1	9	351190	73
Chi_P06_1	9	351190	138
Chi_P06_1	9	351190	198
Chi_P06_1	9	351190	125
Chi_P06_1	9	351190	70
Chi_P06_1	9	351190	216
Chi_P06_1	9	351190	226
Chi_P06_1	9	351190	80
Chi_P06_1	9	351190	129
Chi_P06_1	9	351190	105
Chi_P06_1	9	351190	95
Chi_P06_1	9	351190	51
Chi_P06_1	9	351190	180
Chi_P06_1	9	351190	180
Chi_P06_1	9	351190	129
Chi_P06_1	9	351190	289
Chi_P06_1	9	351190	280
Chi_P06_1	9	351190	180
Chi_P06_1	9	351190	214
Chi_P06_1	10	339100	11
Chi_P06_1	10	339100	79
Chi_P06_1	10	339100	97
Chi_P06_1	10	339100	277
Chi_P06_1	10	339100	226
Chi_P06_1	10	339100	255
Chi_P06_1	10	339100	474
Chi_P06_1	10	339100	122
Chi_P06_1	10	339100	92
Chi_P06_1	10	339100	163
Chi_P06_1	10	339100	238
Chi_P06_1	10	339100	151
Chi_P06_1	10	339100	224
Chi_P06_1	10	339100	149
Chi_P06_1	10	339100	91
Chi_P06_1	10	339100	87
Chi_P06_1	10	339100	502
Chi_P06_1	10	339100	213
Chi_P06_1	10	339100	106
Chi_P06_1	10	339100	178
Chi_P06_1	10	339100	113
Chi_P06_1	10	339100	120
Chi_P06_1	10	339100	100
Chi_P06_1	10	339100	316
Chi_P06_1	10	339100	224
Chi_P06_1	10	339100	137
Chi_P06_1	10	339100	267
Chi_P06_1	10	339100	126
Chi_P06_1	10	339100	128
Chi_P06_1	10	339100	86
Chi_P06_1	10	339100	162
Chi_P06_1	10	339100	105
Chi_P06_1	10	339100	228
Chi_P06_1	10	339100	105
Chi_P06_1	10	339100	115
Chi_P06_1	10	339100	115
Chi_P06_1	10	339100	162
Chi_P06_1	10	339100	98
Chi_P06_1	10	339100	81
Chi_P06_1	10	339100	105
Chi_P06_1	10	339100	177
Chi_P06_1	10	339100	428
Chi_P06_1	10	339100	154
Chi_P06_1	10	339100	139
Chi_P06_1	10	339100	201
Chi_P06_1	10	339100	273
Chi_P06_1	10	339100	104
Chi_P06_1	10	339100	217
Chi_P06_1	10	339100	181
Chi_P06_1	10	339100	130
Chi_P06_1	10	339100	393
Chi_P06_1	10	339100	111
Chi_P06_1	10	339100	137
Chi_P06_1	10	339100	107
Chi_P06_1	10	339100	239
Chi_P06_1	10	339100	124
Chi_P06_1	10	339100	75
Chi_P06_1	10	339100	298
Chi_P06_1	10	339100	168
Chi_P06_1	10	339100	118
Chi_P06_1	10	339100	121
Chi_P06_1	10	339100	120
Chi_P06_1	10	339100	188
Chi_P06_1	10	339100	184
Chi_P06_1	10	339100	14
Chi_P06_1	10	339100	84
Chi_P06_1	10	339100	317
Chi_P06_1	10	339100	146
Chi_P06_1	10	339100	116
Chi_P06_1	10	339100	156
Chi_P06_1	10	339100	187
Chi_P06_1	10	339100	190
Chi_P06_1	10	339100	393
Chi_P06_1	10	339100	245
Chi_P06_1	10	339100	114
Chi_P06_1	10	339100	131
Chi_P06_1	10	339100	92
Chi_P06_1	10	339100	171
Chi_P06_1	10	339100	400
Chi_P06_1	10	339100	166
Chi_P06_1	10	339100	142
Chi_P06_1	10	339100	135
Chi_P06_1	10	339100	149
Chi_P06_1	10	339100	280
Chi_P06_1	10	339100	214
Chi_P06_1	10	339100	154
Chi_P06_1	10	339100	155
Chi_P06_1	10	339100	267
Chi_P06_1	10	339100	201
Chi_P06_1	10	339100	183
Chi_P06_1	10	339100	264
Chi_P06_1	10	339100	64
Chi_P06_1	10	339100	238
Chi_P06_1	10	339100	122
Chi_P06_1	10	339100	272
Chi_P06_1	10	339100	157
Chi_P06_1	10	339100	183
Chi_P06_1	10	339100	105
Chi_P06_1	10	339100	137
Chi_P06_1	10	339100	121
Chi_P06_1	10	339100	10
Chi_P06_1	10	339100	101
Chi_P06_1	10	339100	266
Chi_P06_1	10	339100	161
Chi_P06_1	10	339100	161
Chi_P06_1	10	339100	157
Chi_P06_1	10	339100	152
Chi_P06_1	10	339100	118
Chi_P06_1	10	339100	200
Chi_P06_1	10	339100	446
Chi_P06_1	10	339100	168
Chi_P06_1	10	339100	130
Chi_P06_1	10	339100	110
Chi_P06_1	10	339100	189
Chi_P06_1	10	339100	116
Chi_P06_1	10	339100	114
Chi_P06_1	10	339100	11
Chi_P06_1	10	339100	164
Chi_P06_1	10	339100	115
Chi_P06_1	10	339100	455
Chi_P06_1	10	339100	331
Chi_P06_1	10	339100	60
Chi_P06_1	10	339100	136
Chi_P06_1	10	339100	140
Chi_P06_1	10	339100	341
Chi_P06_1	10	339100	133
Chi_P06_1	10	339100	223
Chi_P06_1	10	339100	146
Chi_P06_1	10	339100	452
Chi_P06_1	10	339100	132
Chi_P06_1	10	339100	168
Chi_P06_1	10	339100	310
Chi_P06_1	10	339100	147
Chi_P06_1	10	339100	268
Chi_P06_1	10	339100	117
Chi_P06_1	10	339100	386
Chi_P06_1	10	339100	118
Chi_P06_1	10	339100	88
Chi_P06_1	10	339100	144
Chi_P06_1	10	339100	308
Chi_P06_1	10	339100	209
Chi_P06_1	10	339100	167
Chi_P06_1	10	339100	152
Chi_P06_1	10	339100	187
Chi_P06_1	10	339100	139
Chi_P06_1	10	339100	160
Chi_P06_1	10	339100	182
Chi_P06_1	10	339100	164
Chi_P06_1	10	339100	137
Chi_P06_1	10	339100	139
Chi_P06_1	10	339100	286
Chi_P06_1	10	339100	78
Chi_P06_1	10	339100	161
Chi_P06_1	10	339100	111
Chi_P06_1	10	339100	137
Chi_P06_1	10	339100	134
Chi_P06_1	10	339100	81
Chi_P06_1	10	339100	98
Chi_P06_1	10	339100	98
Chi_P06_1	10	339100	154
Chi_P06_1	10	339100	115
Chi_P06_1	10	339100	149
Chi_P06_1	10	339100	108
Chi_P06_1	10	339100	102
Chi_P06_1	10	339100	113
Chi_P06_1	10	339100	168
Chi_P06_1	10	339100	126
Chi_P06_1	10	339100	186
Chi_P06_1	10	339100	114
Chi_P06_1	10	339100	119
Chi_P06_1	10	339100	145
Chi_P06_1	10	339100	123
Chi_P06_1	10	339100	188
Chi_P06_1	10	339100	261
Chi_P06_1	10	339100	211
Chi_P06_1	10	339100	283
Chi_P06_1	10	339100	95
Chi_P06_1	10	339100	250
Chi_P06_1	10	339100	90
Chi_P06_1	10	339100	347
Chi_P06_1	10	339100	186
Chi_P06_1	10	339100	50
Chi_P06_1	11	326022	60
Chi_P06_1	11	326022	93
Chi_P06_1	11	326022	88
Chi_P06_1	11	326022	87
Chi_P06_1	11	326022	81
Chi_P06_1	11	326022	266
Chi_P06_1	11	326022	144
Chi_P06_1	11	326022	147
Chi_P06_1	11	326022	224
Chi_P06_1	11	326022	119
Chi_P06_1	11	326022	168
Chi_P06_1	11	326022	95
Chi_P06_1	11	326022	141
Chi_P06_1	11	326022	104
Chi_P06_1	11	326022	124
Chi_P06_1	11	326022	203
Chi_P06_1	11	326022	43
Chi_P06_1	11	326022	64
Chi_P06_1	11	326022	154
Chi_P06_1	11	326022	77
Chi_P06_1	11	326022	137
Chi_P06_1	11	326022	137
Chi_P06_1	11	326022	131
Chi_P06_1	11	326022	156
Chi_P06_1	11	326022	143
Chi_P06_1	11	326022	185
Chi_P06_1	11	326022	149
Chi_P06_1	11	326022	214
Chi_P06_1	11	326022	125
Chi_P06_1	11	326022	149
Chi_P06_1	11	326022	104
Chi_P06_1	11	326022	202
Chi_P06_1	11	326022	127
Chi_P06_1	11	326022	107
Chi_P06_1	11	326022	53
Chi_P06_1	11	326022	120
Chi_P06_1	11	326022	170
Chi_P06_1	11	326022	196
Chi_P06_1	11	326022	78
Chi_P06_1	11	326022	99
Chi_P06_1	11	326022	86
Chi_P06_1	11	326022	157
Chi_P06_1	11	326022	96
Chi_P06_1	11	326022	158
Chi_P06_1	11	326022	35
Chi_P06_1	11	326022	116
Chi_P06_1	11	326022	216
Chi_P06_1	11	326022	128
Chi_P06_1	11	326022	138
Chi_P06_1	11	326022	392
Chi_P06_1	11	326022	143
Chi_P06_1	11	326022	138
Chi_P06_1	11	326022	110
Chi_P06_1	11	326022	48
Chi_P06_1	11	326022	232
Chi_P06_1	11	326022	172
Chi_P06_1	11	326022	91
Chi_P06_1	11	326022	151
Chi_P06_1	11	326022	312
Chi_P06_1	11	326022	180
Chi_P06_1	11	326022	273
Chi_P06_1	11	326022	142
Chi_P06_1	11	326022	163
Chi_P06_1	11	326022	142
Chi_P06_1	11	326022	94
Chi_P06_1	11	326022	101
Chi_P06_1	11	326022	274
Chi_P06_1	11	326022	175
Chi_P06_1	11	326022	151
Chi_P06_1	11	326022	149
Chi_P06_1	11	326022	275
Chi_P06_1	11	326022	206
Chi_P06_1	11	326022	290
Chi_P06_1	11	326022	274
Chi_P06_1	11	326022	184
Chi_P06_1	11	326022	424
Chi_P06_1	11	326022	154
Chi_P06_1	11	326022	63
Chi_P06_1	11	326022	168
Chi_P06_1	11	326022	183
Chi_P06_1	11	326022	144
Chi_P06_1	11	326022	110
Chi_P06_1	11	326022	65
Chi_P06_1	11	326022	50
Chi_P06_1	11	326022	167
Chi_P06_1	11	326022	112
Chi_P06_1	11	326022	50
Chi_P06_1	11	326022	464
Chi_P06_1	11	326022	13
Chi_P06_1	11	326022	143
Chi_P06_1	11	326022	573
Chi_P06_1	11	326022	163
Chi_P06_1	11	326022	63
Chi_P06_1	11	326022	347
Chi_P06_1	11	326022	111
Chi_P06_1	11	326022	264
Chi_P06_1	11	326022	214
Chi_P06_1	11	326022	109
Chi_P06_1	11	326022	81
Chi_P06_1	11	326022	1635
Chi_P06_1	11	326022	104
Chi_P06_1	11	326022	122
Chi_P06_1	11	326022	385
Chi_P06_1	11	326022	116
Chi_P06_1	11	326022	21
Chi_P06_1	11	326022	27
Chi_P06_1	11	326022	141
Chi_P06_1	11	326022	11
Chi_P06_1	11	326022	371
Chi_P06_1	11	326022	155
Chi_P06_1	11	326022	59
Chi_P06_1	11	326022	180
Chi_P06_1	11	326022	97
Chi_P06_1	11	326022	277
Chi_P06_1	11	326022	121
Chi_P06_1	11	326022	136
Chi_P06_1	11	326022	142
Chi_P06_1	11	326022	222
Chi_P06_1	11	326022	102
Chi_P06_1	12	347066	123
Chi_P06_1	12	347066	144
Chi_P06_1	12	347066	158
Chi_P06_1	12	347066	159
Chi_P06_1	12	347066	174
Chi_P06_1	12	347066	333
Chi_P06_1	12	347066	276
Chi_P06_1	12	347066	111
Chi_P06_1	12	347066	209
Chi_P06_1	12	347066	253
Chi_P06_1	12	347066	147
Chi_P06_1	12	347066	207
Chi_P06_1	12	347066	133
Chi_P06_1	12	347066	167
Chi_P06_1	12	347066	158
Chi_P06_1	12	347066	191
Chi_P06_1	12	347066	138
Chi_P06_1	12	347066	152
Chi_P06_1	12	347066	265
Chi_P06_1	12	347066	108
Chi_P06_1	12	347066	322
Chi_P06_1	12	347066	233
Chi_P06_1	12	347066	128
Chi_P06_1	12	347066	140
Chi_P06_1	12	347066	116
Chi_P06_1	12	347066	170
Chi_P06_1	12	347066	132
Chi_P06_1	12	347066	238
Chi_P06_1	12	347066	74
Chi_P06_1	12	347066	232
Chi_P06_1	12	347066	140
Chi_P06_1	12	347066	133
Chi_P06_1	12	347066	101
Chi_P06_1	12	347066	144
Chi_P06_1	12	347066	138
Chi_P06_1	12	347066	166
Chi_P06_1	12	347066	176
Chi_P06_1	12	347066	157
Chi_P06_1	12	347066	195
Chi_P06_1	12	347066	99
Chi_P06_1	12	347066	214
Chi_P06_1	12	347066	146
Chi_P06_1	12	347066	138
Chi_P06_1	12	347066	188
Chi_P06_1	12	347066	179
Chi_P06_1	12	347066	84
Chi_P06_1	12	347066	152
Chi_P06_1	12	347066	102
Chi_P06_1	12	347066	137
Chi_P06_1	12	347066	135
Chi_P06_1	12	347066	156
Chi_P06_1	12	347066	231
Chi_P06_1	12	347066	131
Chi_P06_1	12	347066	94
Chi_P06_1	12	347066	299
Chi_P06_1	12	347066	157
Chi_P06_1	12	347066	85
Chi_P06_1	12	347066	238
Chi_P06_1	12	347066	91
Chi_P06_1	12	347066	111
Chi_P06_1	12	347066	162
Chi_P06_1	12	347066	261
Chi_P06_1	12	347066	194
Chi_P06_1	12	347066	159
Chi_P06_1	12	347066	139
Chi_P06_1	12	347066	146
Chi_P06_1	12	347066	131
Chi_P06_1	12	347066	100
Chi_P06_1	12	347066	168
Chi_P06_1	12	347066	209
Chi_P06_1	12	347066	117
Chi_P06_1	12	347066	110
Chi_P06_1	12	347066	223
Chi_P06_1	12	347066	139
Chi_P06_1	12	347066	117
Chi_P06_1	12	347066	158
Chi_P06_1	12	347066	146
Chi_P06_1	12	347066	125
Chi_P06_1	12	347066	124
Chi_P06_1	12	347066	177
Chi_P06_1	12	347066	114
Chi_P06_1	12	347066	146
Chi_P06_1	12	347066	152
Chi_P06_1	12	347066	317
Chi_P06_1	12	347066	178
Chi_P06_1	12	347066	95
Chi_P06_1	12	347066	149
Chi_P06_1	12	347066	204
Chi_P06_1	12	347066	104
Chi_P06_1	12	347066	102
Chi_P06_1	12	347066	105
Chi_P06_1	12	347066	107
Chi_P06_1	12	347066	78
Chi_P06_1	12	347066	238
Chi_P06_1	12	347066	113
Chi_P06_1	12	347066	146
Chi_P06_1	12	347066	155
Chi_P06_1	12	347066	150
Chi_P06_1	12	347066	134
Chi_P06_1	12	347066	98
Chi_P06_1	12	347066	131
Chi_P06_1	12	347066	80
Chi_P06_1	12	347066	192
Chi_P06_1	12	347066	169
Chi_P06_1	12	347066	74
Chi_P06_1	13	225689	106
Chi_P06_1	13	225689	99
Chi_P06_1	13	225689	110
Chi_P06_1	13	225689	364
Chi_P06_1	13	225689	46
Chi_P06_1	13	225689	196
Chi_P06_1	13	225689	173
Chi_P06_1	13	225689	143
Chi_P06_1	13	225689	98
Chi_P06_1	13	225689	109
Chi_P06_1	13	225689	115
Chi_P06_1	13	225689	108
Chi_P06_1	13	225689	113
Chi_P06_1	13	225689	128
Chi_P06_1	13	225689	174
Chi_P06_1	13	225689	121
Chi_P06_1	13	225689	94
Chi_P06_1	13	225689	172
Chi_P06_1	13	225689	104
Chi_P06_1	13	225689	158
Chi_P06_1	13	225689	172
Chi_P06_1	13	225689	159
Chi_P06_1	13	225689	173
Chi_P06_1	13	225689	117
Chi_P06_1	13	225689	116
Chi_P06_1	13	225689	16
Chi_P06_1	13	225689	121
Chi_P06_1	13	225689	251
Chi_P06_1	13	225689	133
Chi_P06_1	13	225689	151
Chi_P06_1	13	225689	162
Chi_P06_1	13	225689	188
Chi_P06_1	13	225689	186
Chi_P06_1	13	225689	132
Chi_P06_1	13	225689	98
Chi_P06_1	13	225689	152
Chi_P06_1	13	225689	181
Chi_P06_1	13	225689	97
Chi_P06_1	13	225689	157
Chi_P06_1	13	225689	144
Chi_P06_1	13	225689	168
Chi_P06_1	13	225689	181
Chi_P06_1	13	225689	146
Chi_P06_1	13	225689	183
Chi_P06_1	13	225689	168
Chi_P06_1	13	225689	251
Chi_P06_1	13	225689	113
Chi_P06_1	13	225689	134
Chi_P06_1	13	225689	170
Chi_P06_1	13	225689	125
Chi_P06_1	13	225689	285
Chi_P06_1	13	225689	187
Chi_P06_1	13	225689	112
Chi_P06_1	13	225689	189
Chi_P06_1	13	225689	181
Chi_P06_1	13	225689	143
Chi_P06_1	13	225689	124
Chi_P06_1	13	225689	346
Chi_P06_1	13	225689	373
Chi_P06_1	13	225689	102
Chi_P06_1	13	225689	154
Chi_P06_1	13	225689	169
Chi_P06_1	13	225689	145
Chi_P06_1	13	225689	136
Chi_P06_1	13	225689	179
Chi_P06_1	13	225689	139
Chi_P06_1	13	225689	113
Chi_P06_1	14	333423	137
Chi_P06_1	14	333423	136
Chi_P06_1	14	333423	140
Chi_P06_1	14	333423	149
Chi_P06_1	14	333423	136
Chi_P06_1	14	333423	176
Chi_P06_1	14	333423	135
Chi_P06_1	14	333423	155
Chi_P06_1	14	333423	179
Chi_P06_1	14	333423	820
Chi_P06_1	14	333423	111
Chi_P06_1	14	333423	171
Chi_P06_1	14	333423	120
Chi_P06_1	14	333423	228
Chi_P06_1	14	333423	102
Chi_P06_1	14	333423	130
Chi_P06_1	14	333423	132
Chi_P06_1	14	333423	189
Chi_P06_1	14	333423	113
Chi_P06_1	14	333423	84
Chi_P06_1	14	333423	132
Chi_P06_1	14	333423	135
Chi_P06_1	14	333423	189
Chi_P06_1	14	333423	271
Chi_P06_1	14	333423	158
Chi_P06_1	14	333423	140
Chi_P06_1	14	333423	144
Chi_P06_1	14	333423	169
Chi_P06_1	14	333423	117
Chi_P06_1	14	333423	105
Chi_P06_1	14	333423	196
Chi_P06_1	14	333423	105
Chi_P06_1	14	333423	128
Chi_P06_1	14	333423	94
Chi_P06_1	14	333423	231
Chi_P06_1	14	333423	91
Chi_P06_1	14	333423	130
Chi_P06_1	14	333423	103
Chi_P06_1	14	333423	159
Chi_P06_1	14	333423	232
Chi_P06_1	14	333423	130
Chi_P06_1	14	333423	203
Chi_P06_1	14	333423	131
Chi_P06_1	14	333423	299
Chi_P06_1	14	333423	198
Chi_P06_1	14	333423	145
Chi_P06_1	14	333423	111
Chi_P06_1	14	333423	209
Chi_P06_1	14	333423	199
Chi_P06_1	14	333423	100
Chi_P06_1	14	333423	146
Chi_P06_1	14	333423	147
Chi_P06_1	14	333423	151
Chi_P06_1	14	333423	310
Chi_P06_1	14	333423	109
Chi_P06_1	14	333423	215
Chi_P06_1	14	333423	72
Chi_P06_1	14	333423	319
Chi_P06_1	14	333423	145
Chi_P06_1	14	333423	144
Chi_P06_1	14	333423	309
Chi_P06_1	14	333423	262
Chi_P06_1	14	333423	153
Chi_P06_1	14	333423	145
Chi_P06_1	14	333423	123
Chi_P06_1	14	333423	198
Chi_P06_1	14	333423	296
Chi_P06_1	14	333423	212
Chi_P06_1	14	333423	62
Chi_P06_1	14	333423	279
Chi_P06_1	14	333423	203
Chi_P06_1	14	333423	291
Chi_P06_1	14	333423	155
Chi_P06_1	14	333423	119
Chi_P06_1	14	333423	201
Chi_P06_1	14	333423	225
Chi_P06_1	14	333423	191
Chi_P06_1	14	333423	510
Chi_P06_1	14	333423	141
Chi_P06_1	14	333423	133
Chi_P06_1	14	333423	217
Chi_P06_1	14	333423	137
Chi_P06_1	14	333423	117
Chi_P06_1	14	333423	220
Chi_P06_1	14	333423	224
Chi_P06_1	14	333423	156
Chi_P06_1	14	333423	137
Chi_P06_1	14	333423	155
Chi_P06_1	14	333423	11
Chi_P06_1	14	333423	176
Chi_P06_1	14	333423	77
Chi_P06_1	14	333423	127
Chi_P06_1	14	333423	123
Chi_P06_1	14	333423	66
Chi_P06_1	14	333423	272
Chi_P06_1	14	333423	167
Chi_P06_1	14	333423	91
Chi_P06_1	14	333423	110
Chi_P06_1	14	333423	408
Chi_P06_1	14	333423	215
Chi_P06_1	14	333423	10
Chi_P06_1	14	333423	136
Chi_P06_1	14	333423	188
Chi_P06_1	14	333423	392
Chi_P06_1	14	333423	243
Chi_P06_1	14	333423	170
Chi_P06_1	14	333423	35
Chi_P06_1	14	333423	110
Chi_P06_1	14	333423	132
Chi_P06_1	14	333423	252
Chi_P06_1	14	333423	135
Chi_P06_1	14	333423	133
Chi_P06_1	14	333423	134
Chi_P06_1	14	333423	109
Chi_P06_1	14	333423	131
Chi_P06_1	14	333423	244
Chi_P06_1	14	333423	130
Chi_P06_1	14	333423	119
Chi_P06_1	14	333423	422
Chi_P06_1	14	333423	127
Chi_P06_1	14	333423	92
Chi_P06_1	15	332142	224
Chi_P06_1	15	332142	159
Chi_P06_1	15	332142	115
Chi_P06_1	15	332142	92
Chi_P06_1	15	332142	112
Chi_P06_1	15	332142	123
Chi_P06_1	15	332142	165
Chi_P06_1	15	332142	129
Chi_P06_1	15	332142	157
Chi_P06_1	15	332142	189
Chi_P06_1	15	332142	158
Chi_P06_1	15	332142	145
Chi_P06_1	15	332142	217
Chi_P06_1	15	332142	121
Chi_P06_1	15	332142	236
Chi_P06_1	15	332142	146
Chi_P06_1	15	332142	134
Chi_P06_1	15	332142	169
Chi_P06_1	15	332142	173
Chi_P06_1	15	332142	159
Chi_P06_1	15	332142	83
Chi_P06_1	15	332142	145
Chi_P06_1	15	332142	164
Chi_P06_1	15	332142	58
Chi_P06_1	15	332142	163
Chi_P06_1	15	332142	142
Chi_P06_1	15	332142	102
Chi_P06_1	15	332142	219
Chi_P06_1	15	332142	134
Chi_P06_1	15	332142	205
Chi_P06_1	15	332142	189
Chi_P06_1	15	332142	110
Chi_P06_1	15	332142	71
Chi_P06_1	15	332142	166
Chi_P06_1	15	332142	154
Chi_P06_1	15	332142	231
Chi_P06_1	15	332142	132
Chi_P06_1	15	332142	131
Chi_P06_1	15	332142	204
Chi_P06_1	15	332142	360
Chi_P06_1	15	332142	167
Chi_P06_1	15	332142	139
Chi_P06_1	15	332142	184
Chi_P06_1	15	332142	287
Chi_P06_1	15	332142	106
Chi_P06_1	15	332142	253
Chi_P06_1	15	332142	88
Chi_P06_1	15	332142	121
Chi_P06_1	15	332142	116
Chi_P06_1	15	332142	84
Chi_P06_1	15	332142	326
Chi_P06_1	15	332142	91
Chi_P06_1	15	332142	175
Chi_P06_1	15	332142	101
Chi_P06_1	15	332142	128
Chi_P06_1	15	332142	210
Chi_P06_1	15	332142	94
Chi_P06_1	15	332142	193
Chi_P06_1	15	332142	186
Chi_P06_1	15	332142	159
Chi_P06_1	15	332142	144
Chi_P06_1	15	332142	234
Chi_P06_1	15	332142	78
Chi_P06_1	15	332142	369
Chi_P06_1	15	332142	207
Chi_P06_1	15	332142	229
Chi_P06_1	15	332142	105
Chi_P06_1	15	332142	109
Chi_P06_1	15	332142	223
Chi_P06_1	15	332142	94
Chi_P06_1	15	332142	113
Chi_P06_1	15	332142	193
Chi_P06_1	15	332142	202
Chi_P06_1	15	332142	186
Chi_P06_1	15	332142	150
Chi_P06_1	16	296657	101
Chi_P06_1	16	296657	190
Chi_P06_1	16	296657	79
Chi_P06_1	16	296657	142
Chi_P06_1	16	296657	263
Chi_P06_1	16	296657	195
Chi_P06_1	16	296657	104
Chi_P06_1	16	296657	84
Chi_P06_1	16	296657	116
Chi_P06_1	16	296657	101
Chi_P06_1	16	296657	128
Chi_P06_1	16	296657	139
Chi_P06_1	16	296657	211
Chi_P06_1	16	296657	165
Chi_P06_1	16	296657	166
Chi_P06_1	16	296657	151
Chi_P06_1	16	296657	195
Chi_P06_1	16	296657	98
Chi_P06_1	16	296657	109
Chi_P06_1	16	296657	179
Chi_P06_1	16	296657	153
Chi_P06_1	16	296657	133
Chi_P06_1	16	296657	295
Chi_P06_1	16	296657	89
Chi_P06_1	16	296657	93
Chi_P06_1	16	296657	125
Chi_P06_1	16	296657	195
Chi_P06_1	16	296657	159
Chi_P06_1	16	296657	143
Chi_P06_1	16	296657	100
Chi_P06_1	16	296657	36
Chi_P06_1	16	296657	170
Chi_P06_1	16	296657	114
Chi_P06_1	16	296657	126
Chi_P06_1	16	296657	254
Chi_P06_1	16	296657	193
Chi_P06_1	16	296657	143
Chi_P06_1	16	296657	153
Chi_P06_1	16	296657	190
Chi_P06_1	16	296657	319
Chi_P06_1	16	296657	369
Chi_P06_1	16	296657	184
Chi_P06_1	16	296657	98
Chi_P06_1	16	296657	60
Chi_P06_1	16	296657	185
Chi_P06_1	16	296657	158
Chi_P06_1	16	296657	121
Chi_P06_1	16	296657	188
Chi_P06_1	16	296657	168
Chi_P06_1	16	296657	126
Chi_P06_1	16	296657	174
Chi_P06_1	16	296657	145
Chi_P06_1	16	296657	164
Chi_P06_1	16	296657	211
Chi_P06_1	16	296657	129
Chi_P06_1	16	296657	171
Chi_P06_1	16	296657	208
Chi_P06_1	16	296657	152
Chi_P06_1	16	296657	192
Chi_P06_1	16	296657	135
Chi_P06_1	16	296657	102
Chi_P06_1	16	296657	113
Chi_P06_1	16	296657	83
Chi_P06_1	16	296657	115
Chi_P06_1	16	296657	143
Chi_P06_1	16	296657	149
Chi_P06_1	16	296657	264
Chi_P06_1	16	296657	129
Chi_P06_1	16	296657	169
Chi_P06_1	16	296657	390
Chi_P06_1	16	296657	129
Chi_P06_1	16	296657	188
Chi_P06_1	16	296657	203
Chi_P06_1	16	296657	106
Chi_P06_1	16	296657	133
Chi_P06_1	16	296657	174
Chi_P06_1	16	296657	122
Chi_P06_1	16	296657	172
Chi_P06_1	16	296657	151
Chi_P06_1	16	296657	102
Chi_P06_1	16	296657	133
Chi_P06_1	16	296657	122
Chi_P06_1	16	296657	458
Chi_P06_1	16	296657	71
Chi_P06_1	16	296657	175
Chi_P06_1	16	296657	220
Chi_P06_1	16	296657	103
Chi_P06_1	16	296657	167
Chi_P06_1	17	338596	53
Chi_P06_1	17	338596	37
Chi_P06_1	17	338596	56
Chi_P06_1	17	338596	97
Chi_P06_1	17	338596	105
Chi_P06_1	17	338596	90
Chi_P06_1	17	338596	14
Chi_P06_1	17	338596	114
Chi_P06_1	17	338596	74
Chi_P06_1	17	338596	130
Chi_P06_1	17	338596	111
Chi_P06_1	17	338596	154
Chi_P06_1	17	338596	68
Chi_P06_1	17	338596	114
Chi_P06_1	17	338596	119
Chi_P06_1	17	338596	158
Chi_P06_1	17	338596	167
Chi_P06_1	17	338596	105
Chi_P06_1	17	338596	103
Chi_P06_1	17	338596	123
Chi_P06_1	17	338596	137
Chi_P06_1	17	338596	245
Chi_P06_1	17	338596	102
Chi_P06_1	17	338596	102
Chi_P06_1	17	338596	116
Chi_P06_1	17	338596	138
Chi_P06_1	17	338596	140
Chi_P06_1	17	338596	88
Chi_P06_1	17	338596	163
Chi_P06_1	17	338596	144
Chi_P06_1	17	338596	181
Chi_P06_1	17	338596	137
Chi_P06_1	17	338596	296
Chi_P06_1	17	338596	170
Chi_P06_1	17	338596	183
Chi_P06_1	17	338596	156
Chi_P06_1	17	338596	184
Chi_P06_1	17	338596	110
Chi_P06_1	17	338596	175
Chi_P06_1	17	338596	149
Chi_P06_1	17	338596	168
Chi_P06_1	17	338596	141
Chi_P06_1	17	338596	138
Chi_P06_1	17	338596	184
Chi_P06_1	17	338596	111
Chi_P06_1	17	338596	124
Chi_P06_1	17	338596	140
Chi_P06_1	17	338596	155
Chi_P06_1	17	338596	179
Chi_P06_1	17	338596	145
Chi_P06_1	17	338596	113
Chi_P06_1	17	338596	315
Chi_P06_1	17	338596	148
Chi_P06_1	17	338596	258
Chi_P06_1	17	338596	104
Chi_P06_1	17	338596	101
Chi_P06_1	17	338596	114
Chi_P06_1	17	338596	194
Chi_P06_1	17	338596	100
Chi_P06_1	17	338596	124
Chi_P06_1	17	338596	126
Chi_P06_1	17	338596	223
Chi_P06_1	17	338596	112
Chi_P06_1	17	338596	171
Chi_P06_1	17	338596	141
Chi_P06_1	17	338596	108
Chi_P06_1	17	338596	175
Chi_P06_1	17	338596	151
Chi_P06_1	17	338596	93
Chi_P06_1	17	338596	183
Chi_P06_1	17	338596	203
Chi_P06_1	17	338596	130
Chi_P06_1	17	338596	167
Chi_P06_1	17	338596	132
Chi_P06_1	17	338596	127
Chi_P06_1	17	338596	209
Chi_P06_1	17	338596	130
Chi_P06_1	17	338596	149
Chi_P06_1	17	338596	155
Chi_P06_1	17	338596	90
Chi_P06_1	17	338596	83
Chi_P06_1	17	338596	80
Chi_P06_1	17	338596	128
Chi_P06_1	17	338596	142
Chi_P06_1	17	338596	301
Chi_P06_1	17	338596	87
Chi_P06_1	17	338596	173
Chi_P06_1	17	338596	83
Chi_P06_1	17	338596	141
Chi_P06_1	17	338596	92
Chi_P06_1	17	338596	91
Chi_P06_1	17	338596	98
Chi_P06_1	17	338596	58
Chi_P06_1	17	338596	102
Chi_P06_1	17	338596	189
Chi_P06_1	17	338596	62
Chi_P06_1	17	338596	88
Chi_P06_1	17	338596	172
Chi_P06_1	17	338596	112
Chi_P06_1	17	338596	44
Chi_P06_1	17	338596	166
Chi_P06_1	17	338596	52
Chi_P06_1	18	339556	171
Chi_P06_1	18	339556	153
Chi_P06_1	18	339556	124
Chi_P06_1	18	339556	88
Chi_P06_1	18	339556	96
Chi_P06_1	18	339556	170
Chi_P06_1	18	339556	139
Chi_P06_1	18	339556	121
Chi_P06_1	18	339556	120
Chi_P06_1	18	339556	90
Chi_P06_1	18	339556	105
Chi_P06_1	18	339556	142
Chi_P06_1	18	339556	115
Chi_P06_1	18	339556	274
Chi_P06_1	18	339556	102
Chi_P06_1	18	339556	316
Chi_P06_1	18	339556	110
Chi_P06_1	18	339556	63
Chi_P06_1	18	339556	88
Chi_P06_1	18	339556	96
Chi_P06_1	18	339556	110
Chi_P06_1	18	339556	96
Chi_P06_1	18	339556	113
Chi_P06_1	18	339556	135
Chi_P06_1	18	339556	143
Chi_P06_1	18	339556	56
Chi_P06_1	18	339556	203
Chi_P06_1	18	339556	92
Chi_P06_1	18	339556	68
Chi_P06_1	18	339556	81
Chi_P06_1	18	339556	126
Chi_P06_1	18	339556	90
Chi_P06_1	18	339556	90
Chi_P06_1	18	339556	117
Chi_P06_1	18	339556	59
Chi_P06_1	18	339556	180
Chi_P06_1	18	339556	127
Chi_P06_1	18	339556	183
Chi_P06_1	18	339556	119
Chi_P06_1	18	339556	123
Chi_P06_1	18	339556	111
Chi_P06_1	18	339556	90
Chi_P06_1	18	339556	161
Chi_P06_1	18	339556	205
Chi_P06_1	18	339556	111
Chi_P06_1	18	339556	192
Chi_P06_1	18	339556	140
Chi_P06_1	18	339556	88
Chi_P06_1	18	339556	146
Chi_P06_1	18	339556	150
Chi_P06_1	18	339556	148
Chi_P06_1	18	339556	145
Chi_P06_1	18	339556	89
Chi_P06_1	18	339556	113
Chi_P06_1	18	339556	82
Chi_P06_1	18	339556	100
Chi_P06_1	18	339556	161
Chi_P06_1	18	339556	96
Chi_P06_1	18	339556	140
Chi_P06_1	18	339556	105
Chi_P06_1	18	339556	112
Chi_P06_1	18	339556	50
Chi_P06_1	18	339556	99
Chi_P06_1	18	339556	100
Chi_P06_1	18	339556	78
Chi_P06_1	18	339556	166
Chi_P06_1	18	339556	185
Chi_P06_1	18	339556	88
Chi_P06_1	18	339556	187
Chi_P06_1	18	339556	345
Chi_P06_1	18	339556	122
Chi_P06_1	18	339556	203
Chi_P06_1	18	339556	115
Chi_P06_1	18	339556	11
Chi_P06_1	18	339556	86
Chi_P06_1	18	339556	159
Chi_P06_1	18	339556	187
Chi_P06_1	18	339556	128
Chi_P06_1	18	339556	144
Chi_P06_1	18	339556	112
Chi_P06_1	18	339556	96
Chi_P06_1	18	339556	37
Chi_P06_1	18	339556	102
Chi_P06_1	18	339556	65
Chi_P06_1	18	339556	112
Chi_P06_1	18	339556	142
Chi_P06_1	18	339556	184
Chi_P06_1	18	339556	98
Chi_P06_1	18	339556	111
Chi_P06_1	18	339556	152
Chi_P06_1	18	339556	156
Chi_P06_1	18	339556	140
Chi_P06_1	18	339556	91
Chi_P06_1	18	339556	198
Chi_P06_1	18	339556	142
Chi_P06_1	18	339556	110
Chi_P06_1	18	339556	101
Chi_P06_1	18	339556	197
Chi_P06_1	18	339556	84
Chi_P06_1	18	339556	118
Chi_P06_1	18	339556	153
Chi_P06_1	18	339556	336
Chi_P06_1	19	355557	135
Chi_P06_1	19	355557	131
Chi_P06_1	19	355557	109
Chi_P06_1	19	355557	120
Chi_P06_1	19	355557	138
Chi_P06_1	19	355557	120
Chi_P06_1	19	355557	78
Chi_P06_1	19	355557	132
Chi_P06_1	19	355557	141
Chi_P06_1	19	355557	140
Chi_P06_1	19	355557	117
Chi_P06_1	19	355557	101
Chi_P06_1	19	355557	113
Chi_P06_1	19	355557	34
Chi_P06_1	19	355557	157
Chi_P06_1	19	355557	130
Chi_P06_1	19	355557	94
Chi_P06_1	19	355557	218
Chi_P06_1	19	355557	147
Chi_P06_1	19	355557	102
Chi_P06_1	19	355557	104
Chi_P06_1	19	355557	75
Chi_P06_1	19	355557	166
Chi_P06_1	19	355557	58
Chi_P06_1	19	355557	131
Chi_P06_1	19	355557	101
Chi_P06_1	19	355557	120
Chi_P06_1	19	355557	206
Chi_P06_1	19	355557	145
Chi_P06_1	19	355557	96
Chi_P06_1	19	355557	173
Chi_P06_1	19	355557	152
Chi_P06_1	19	355557	131
Chi_P06_1	19	355557	171
Chi_P06_1	19	355557	169
Chi_P06_1	19	355557	328
Chi_P06_1	19	355557	79
Chi_P06_1	19	355557	106
Chi_P06_1	19	355557	129
Chi_P06_1	19	355557	139
Chi_P06_1	19	355557	189
Chi_P06_1	19	355557	117
Chi_P06_1	19	355557	144
Chi_P06_1	19	355557	154
Chi_P06_1	19	355557	98
Chi_P06_1	19	355557	111
Chi_P06_1	19	355557	129
Chi_P06_1	19	355557	92
Chi_P06_1	19	355557	188
Chi_P06_1	19	355557	143
Chi_P06_1	19	355557	63
Chi_P06_1	19	355557	72
Chi_P06_1	19	355557	98
Chi_P06_1	19	355557	125
Chi_P06_1	19	355557	97
Chi_P06_1	19	355557	91
Chi_P06_1	19	355557	23
Chi_P06_1	19	355557	220
Chi_P06_1	19	355557	139
Chi_P06_1	19	355557	182
Chi_P06_1	19	355557	142
Chi_P06_1	19	355557	255
Chi_P06_1	19	355557	45
Chi_P06_1	19	355557	206
Chi_P06_1	19	355557	165
Chi_P06_1	19	355557	153
Chi_P06_1	19	355557	236
Chi_P06_1	19	355557	123
Chi_P06_1	19	355557	574
Chi_P06_1	19	355557	117
Chi_P06_1	19	355557	149
Chi_P06_1	19	355557	126
Chi_P06_1	19	355557	132
Chi_P06_1	19	355557	284
Chi_P06_1	19	355557	42
Chi_P06_1	19	355557	208
Chi_P06_1	19	355557	2179
Chi_P06_1	19	355557	114
Chi_P06_1	19	355557	116
Chi_P06_1	19	355557	670
Chi_P06_1	19	355557	101
Chi_P06_1	19	355557	582
Chi_P06_1	19	355557	119
Chi_P06_1	19	355557	173
Chi_P06_1	19	355557	343
Chi_P06_1	19	355557	272
Chi_P06_1	19	355557	120
Chi_P06_1	19	355557	98
Chi_P06_1	19	355557	212
Chi_P06_1	19	355557	29
Chi_P06_1	19	355557	102
Chi_P06_1	19	355557	121
Chi_P06_1	19	355557	210
Chi_P06_1	19	355557	138
Chi_P06_1	19	355557	49
Chi_P06_1	19	355557	64
Chi_P06_1	19	355557	133
Chi_P06_1	19	355557	135
Chi_P06_1	19	355557	63
Chi_P06_1	19	355557	115
Chi_P06_1	19	355557	80
Chi_P06_1	19	355557	127
Chi_P06_1	19	355557	344
Chi_P06_1	19	355557	44
Chi_P06_1	19	355557	79
Chi_P06_1	19	355557	115
Chi_P06_1	19	355557	156
Chi_P06_1	19	355557	304
Chi_P06_1	19	355557	364
Chi_P06_1	19	355557	167
Chi_P06_1	19	355557	33
Chi_P06_1	19	355557	125
Chi_P06_1	19	355557	175
Chi_P06_1	19	355557	147
Chi_P06_1	19	355557	95
Chi_P06_1	19	355557	68
Chi_P06_1	19	355557	196
Chi_P06_1	19	355557	107
Chi_P06_1	19	355557	133
Chi_P06_1	19	355557	94
Chi_P06_1	19	355557	45
Chi_P06_1	19	355557	131
Chi_P06_1	19	355557	119
Chi_P06_1	19	355557	363
Chi_P06_1	19	355557	156
Chi_P06_1	19	355557	99
Chi_P06_1	19	355557	128
Chi_P06_1	20	340098	126
Chi_P06_1	20	340098	97
Chi_P06_1	20	340098	111
Chi_P06_1	20	340098	142
Chi_P06_1	20	340098	151
Chi_P06_1	20	340098	121
Chi_P06_1	20	340098	64
Chi_P06_1	20	340098	69
Chi_P06_1	20	340098	80
Chi_P06_1	20	340098	70
Chi_P06_1	20	340098	86
Chi_P06_1	20	340098	82
Chi_P06_1	20	340098	234
Chi_P06_1	20	340098	88
Chi_P06_1	20	340098	118
Chi_P06_1	20	340098	168
Chi_P06_1	20	340098	109
Chi_P06_1	20	340098	181
Chi_P06_1	20	340098	216
Chi_P06_1	20	340098	158
Chi_P06_1	20	340098	118
Chi_P06_1	20	340098	185
Chi_P06_1	20	340098	184
Chi_P06_1	20	340098	187
Chi_P06_1	20	340098	113
Chi_P06_1	20	340098	69
Chi_P06_1	20	340098	139
Chi_P06_1	20	340098	99
Chi_P06_1	20	340098	175
Chi_P06_1	20	340098	206
Chi_P06_1	20	340098	157
Chi_P06_1	20	340098	187
Chi_P06_1	20	340098	158
Chi_P06_1	20	340098	122
Chi_P06_1	20	340098	110
Chi_P06_1	20	340098	83
Chi_P06_1	20	340098	109
Chi_P06_1	20	340098	129
Chi_P06_1	20	340098	150
Chi_P06_1	20	340098	206
Chi_P06_1	20	340098	241
Chi_P06_1	20	340098	143
Chi_P06_1	20	340098	220
Chi_P06_1	20	340098	193
Chi_P06_1	20	340098	158
Chi_P06_1	20	340098	226
Chi_P06_1	20	340098	261
Chi_P06_1	20	340098	103
Chi_P06_1	20	340098	72
Chi_P06_1	20	340098	179
Chi_P06_1	20	340098	143
Chi_P06_1	20	340098	131
Chi_P06_1	20	340098	123
Chi_P06_1	20	340098	87
Chi_P06_1	20	340098	134
Chi_P06_1	20	340098	88
Chi_P06_1	20	340098	103
Chi_P06_1	20	340098	168
Chi_P06_1	20	340098	154
Chi_P06_1	20	340098	285
Chi_P06_1	20	340098	105
Chi_P06_1	20	340098	256
Chi_P06_1	20	340098	150
Chi_P06_1	20	340098	160
Chi_P06_1	20	340098	120
Chi_P06_1	20	340098	114
Chi_P06_1	20	340098	217
Chi_P06_1	20	340098	126
Chi_P06_1	20	340098	94
Chi_P06_1	20	340098	83
Chi_P06_1	20	340098	134
Chi_P06_1	20	340098	119
Chi_P06_1	20	340098	134
Chi_P06_1	20	340098	143
Chi_P06_1	20	340098	136
Chi_P06_1	20	340098	132
Chi_P06_1	20	340098	86
Chi_P06_1	20	340098	95
Chi_P06_1	20	340098	125
Chi_P06_1	20	340098	100
Chi_P06_1	20	340098	157
Chi_P06_1	20	340098	52
Chi_P06_1	20	340098	108
Chi_P06_1	20	340098	36
Chi_P06_1	20	340098	97
Chi_P06_1	20	340098	89
Chi_P06_1	20	340098	83
Chi_P06_1	20	340098	182
Chi_P06_1	20	340098	78
Chi_P06_1	20	340098	145
Chi_P06_1	20	340098	110
Chi_P06_1	20	340098	93
Chi_P06_1	20	340098	132
Chi_P06_1	20	340098	114
Chi_P06_1	20	340098	66
Chi_P06_1	20	340098	78
Chi_P06_1	20	340098	161
Chi_P06_1	20	340098	133
Chi_P06_1	20	340098	175
Chi_P06_1	20	340098	75
Chi_P06_1	20	340098	16
Chi_P06_1	20	340098	54
Chi_P06_1	20	340098	132
Chi_P06_1	20	340098	91
Chi_P06_1	20	340098	40
Chi_P06_1	20	340098	84
Chi_P06_1	21	362926	181
Chi_P06_1	21	362926	84
Chi_P06_1	21	362926	73
Chi_P06_1	21	362926	135
Chi_P06_1	21	362926	145
Chi_P06_1	21	362926	157
Chi_P06_1	21	362926	107
Chi_P06_1	21	362926	78
Chi_P06_1	21	362926	68
Chi_P06_1	21	362926	89
Chi_P06_1	21	362926	80
Chi_P06_1	21	362926	134
Chi_P06_1	21	362926	145
Chi_P06_1	21	362926	123
Chi_P06_1	21	362926	126
Chi_P06_1	21	362926	215
Chi_P06_1	21	362926	78
Chi_P06_1	21	362926	170
Chi_P06_1	21	362926	172
Chi_P06_1	21	362926	91
Chi_P06_1	21	362926	145
Chi_P06_1	21	362926	117
Chi_P06_1	21	362926	113
Chi_P06_1	21	362926	53
Chi_P06_1	21	362926	90
Chi_P06_1	21	362926	126
Chi_P06_1	21	362926	134
Chi_P06_1	21	362926	136
Chi_P06_1	21	362926	105
Chi_P06_1	21	362926	34
Chi_P06_1	21	362926	95
Chi_P06_1	21	362926	40
Chi_P06_1	21	362926	199
Chi_P06_1	21	362926	107
Chi_P06_1	21	362926	127
Chi_P06_1	21	362926	77
Chi_P06_1	21	362926	175
Chi_P06_1	21	362926	129
Chi_P06_1	21	362926	67
Chi_P06_1	21	362926	94
Chi_P06_1	21	362926	150
Chi_P06_1	21	362926	105
Chi_P06_1	21	362926	152
Chi_P06_1	21	362926	123
Chi_P06_1	21	362926	262
Chi_P06_1	21	362926	175
Chi_P06_1	21	362926	130
Chi_P06_1	21	362926	87
Chi_P06_1	21	362926	124
Chi_P06_1	21	362926	94
Chi_P06_1	21	362926	147
Chi_P06_1	21	362926	128
Chi_P06_1	21	362926	96
Chi_P06_1	21	362926	122
Chi_P06_1	21	362926	134
Chi_P06_1	21	362926	122
Chi_P06_1	21	362926	97
Chi_P06_1	21	362926	89
Chi_P06_1	21	362926	167
Chi_P06_1	21	362926	58
Chi_P06_1	21	362926	159
Chi_P06_1	21	362926	219
Chi_P06_1	21	362926	116
Chi_P06_1	21	362926	166
Chi_P06_1	21	362926	141
Chi_P06_1	21	362926	69
Chi_P06_1	21	362926	50
Chi_P06_1	21	362926	95
Chi_P06_1	21	362926	200
Chi_P06_1	21	362926	83
Chi_P06_1	21	362926	101
Chi_P06_1	21	362926	131
Chi_P06_1	21	362926	96
Chi_P06_1	21	362926	80
Chi_P06_1	21	362926	123
Chi_P06_1	21	362926	176
Chi_P06_1	21	362926	99
Chi_P06_1	21	362926	104
Chi_P06_1	21	362926	40
Chi_P06_1	21	362926	67
Chi_P06_1	21	362926	65
Chi_P06_1	21	362926	53
Chi_P06_1	21	362926	77
Chi_P06_1	21	362926	85
Chi_P06_1	21	362926	176
Chi_P06_1	21	362926	147
Chi_P06_1	21	362926	98
Chi_P06_1	22	317830	209
Chi_P06_1	22	317830	77
Chi_P06_1	22	317830	291
Chi_P06_1	22	317830	120
Chi_P06_1	22	317830	147
Chi_P06_1	22	317830	115
Chi_P06_1	22	317830	148
Chi_P06_1	22	317830	185
Chi_P06_1	22	317830	128
Chi_P06_1	22	317830	178
Chi_P06_1	22	317830	113
Chi_P06_1	22	317830	98
Chi_P06_1	22	317830	96
Chi_P06_1	22	317830	107
Chi_P06_1	22	317830	111
Chi_P06_1	22	317830	104
Chi_P06_1	22	317830	21
Chi_P06_1	22	317830	82
Chi_P06_1	22	317830	101
Chi_P06_1	22	317830	138
Chi_P06_1	22	317830	161
Chi_P06_1	22	317830	92
Chi_P06_1	22	317830	109
Chi_P06_1	22	317830	165
Chi_P06_1	22	317830	127
Chi_P06_1	22	317830	111
Chi_P06_1	22	317830	134
Chi_P06_1	22	317830	161
Chi_P06_1	22	317830	133
Chi_P06_1	22	317830	93
Chi_P06_1	22	317830	19
Chi_P06_1	22	317830	150
Chi_P06_1	22	317830	190
Chi_P06_1	22	317830	132
Chi_P06_1	22	317830	145
Chi_P06_1	22	317830	193
Chi_P06_1	22	317830	117
Chi_P06_1	22	317830	181
Chi_P06_1	22	317830	71
Chi_P06_1	22	317830	166
Chi_P06_1	22	317830	61
Chi_P06_1	22	317830	72
Chi_P06_1	22	317830	95
Chi_P06_1	22	317830	95
Chi_P06_1	22	317830	103
Chi_P06_1	22	317830	121
Chi_P06_1	22	317830	139
Chi_P06_1	22	317830	138
Chi_P06_1	22	317830	141
Chi_P06_1	22	317830	76
Chi_P06_1	22	317830	140
Chi_P06_1	22	317830	118
Chi_P06_1	22	317830	178
Chi_P06_1	22	317830	82
Chi_P06_1	22	317830	153
Chi_P06_1	22	317830	81
Chi_P06_1	22	317830	158
Chi_P06_1	22	317830	106
Chi_P06_1	22	317830	87
Chi_P06_1	22	317830	60
Chi_P06_1	22	317830	171
Chi_P06_1	22	317830	78
Chi_P06_1	22	317830	95
Chi_P06_1	22	317830	162
Chi_P06_1	22	317830	162
Chi_P06_1	22	317830	44
Chi_P06_1	22	317830	119
Chi_P06_1	22	317830	320
Chi_P06_1	22	317830	129
Chi_P06_1	22	317830	144
Chi_P06_1	22	317830	87
Chi_P06_1	22	317830	104
Chi_P06_1	22	317830	37
Chi_P06_1	22	317830	72
Chi_P06_1	22	317830	384
Chi_P06_1	22	317830	122
Chi_P06_1	22	317830	89
Chi_P06_1	22	317830	141
Chi_P06_1	22	317830	130
Chi_P06_1	22	317830	92
Chi_P06_1	22	317830	57
Chi_P06_1	22	317830	26
Chi_P06_1	22	317830	188
Chi_P06_1	22	317830	189
Chi_P06_1	22	317830	115
Chi_P06_1	22	317830	135
Chi_P06_1	22	317830	90
Chi_P06_1	22	317830	163
Chi_P06_1	22	317830	31
