fichier	leaf	surfaceLeaf	surfaceLesion
Chi_P09_2	1	287226	55
Chi_P09_2	1	287226	88
Chi_P09_2	1	287226	71
Chi_P09_2	1	287226	198
Chi_P09_2	1	287226	89
Chi_P09_2	1	287226	111
Chi_P09_2	1	287226	76
Chi_P09_2	1	287226	90
Chi_P09_2	1	287226	73
Chi_P09_2	1	287226	156
Chi_P09_2	1	287226	111
Chi_P09_2	1	287226	242
Chi_P09_2	1	287226	63
Chi_P09_2	1	287226	94
Chi_P09_2	1	287226	144
Chi_P09_2	1	287226	146
Chi_P09_2	1	287226	172
Chi_P09_2	1	287226	59
Chi_P09_2	1	287226	58
Chi_P09_2	1	287226	29
Chi_P09_2	1	287226	94
Chi_P09_2	1	287226	81
Chi_P09_2	1	287226	211
Chi_P09_2	1	287226	187
Chi_P09_2	1	287226	102
Chi_P09_2	1	287226	131
Chi_P09_2	1	287226	200
Chi_P09_2	1	287226	131
Chi_P09_2	1	287226	86
Chi_P09_2	1	287226	240
Chi_P09_2	1	287226	109
Chi_P09_2	1	287226	152
Chi_P09_2	1	287226	104
Chi_P09_2	1	287226	105
Chi_P09_2	1	287226	178
Chi_P09_2	1	287226	102
Chi_P09_2	1	287226	137
Chi_P09_2	1	287226	50
Chi_P09_2	1	287226	98
Chi_P09_2	1	287226	296
Chi_P09_2	1	287226	72
Chi_P09_2	1	287226	186
Chi_P09_2	1	287226	23
Chi_P09_2	1	287226	79
Chi_P09_2	1	287226	123
Chi_P09_2	1	287226	131
Chi_P09_2	1	287226	227
Chi_P09_2	1	287226	100
Chi_P09_2	1	287226	67
Chi_P09_2	1	287226	198
Chi_P09_2	1	287226	80
Chi_P09_2	1	287226	102
Chi_P09_2	1	287226	121
Chi_P09_2	1	287226	75
Chi_P09_2	1	287226	156
Chi_P09_2	1	287226	201
Chi_P09_2	1	287226	87
Chi_P09_2	1	287226	169
Chi_P09_2	1	287226	81
Chi_P09_2	1	287226	102
Chi_P09_2	1	287226	76
Chi_P09_2	1	287226	134
Chi_P09_2	1	287226	98
Chi_P09_2	1	287226	156
Chi_P09_2	1	287226	139
Chi_P09_2	1	287226	153
Chi_P09_2	1	287226	33
Chi_P09_2	1	287226	140
Chi_P09_2	1	287226	118
Chi_P09_2	1	287226	94
Chi_P09_2	1	287226	130
Chi_P09_2	1	287226	128
Chi_P09_2	1	287226	73
Chi_P09_2	1	287226	187
Chi_P09_2	1	287226	90
Chi_P09_2	1	287226	96
Chi_P09_2	1	287226	125
Chi_P09_2	1	287226	121
Chi_P09_2	1	287226	142
Chi_P09_2	1	287226	165
Chi_P09_2	1	287226	93
Chi_P09_2	1	287226	89
Chi_P09_2	1	287226	166
Chi_P09_2	1	287226	127
Chi_P09_2	1	287226	94
Chi_P09_2	1	287226	125
Chi_P09_2	1	287226	117
Chi_P09_2	1	287226	88
Chi_P09_2	1	287226	165
Chi_P09_2	1	287226	79
Chi_P09_2	1	287226	136
Chi_P09_2	1	287226	101
Chi_P09_2	1	287226	144
Chi_P09_2	1	287226	104
Chi_P09_2	1	287226	339
Chi_P09_2	1	287226	124
Chi_P09_2	1	287226	88
Chi_P09_2	1	287226	120
Chi_P09_2	1	287226	123
Chi_P09_2	1	287226	130
Chi_P09_2	1	287226	138
Chi_P09_2	1	287226	101
Chi_P09_2	1	287226	67
Chi_P09_2	1	287226	154
Chi_P09_2	1	287226	211
Chi_P09_2	1	287226	174
Chi_P09_2	1	287226	87
Chi_P09_2	1	287226	168
Chi_P09_2	1	287226	142
Chi_P09_2	1	287226	205
Chi_P09_2	1	287226	169
Chi_P09_2	1	287226	98
Chi_P09_2	1	287226	109
Chi_P09_2	1	287226	32
Chi_P09_2	1	287226	148
Chi_P09_2	1	287226	91
Chi_P09_2	1	287226	183
Chi_P09_2	1	287226	82
Chi_P09_2	1	287226	291
Chi_P09_2	1	287226	180
Chi_P09_2	1	287226	112
Chi_P09_2	1	287226	124
Chi_P09_2	1	287226	227
Chi_P09_2	1	287226	69
Chi_P09_2	1	287226	314
Chi_P09_2	1	287226	71
Chi_P09_2	1	287226	237
Chi_P09_2	1	287226	322
Chi_P09_2	1	287226	78
Chi_P09_2	1	287226	100
Chi_P09_2	1	287226	460
Chi_P09_2	1	287226	209
Chi_P09_2	1	287226	158
Chi_P09_2	1	287226	141
Chi_P09_2	1	287226	100
Chi_P09_2	1	287226	63
Chi_P09_2	1	287226	86
Chi_P09_2	1	287226	128
Chi_P09_2	1	287226	139
Chi_P09_2	1	287226	82
Chi_P09_2	1	287226	116
Chi_P09_2	1	287226	241
Chi_P09_2	1	287226	154
Chi_P09_2	1	287226	69
Chi_P09_2	1	287226	219
Chi_P09_2	1	287226	290
Chi_P09_2	1	287226	146
Chi_P09_2	1	287226	205
Chi_P09_2	1	287226	111
Chi_P09_2	1	287226	101
Chi_P09_2	1	287226	305
Chi_P09_2	1	287226	88
Chi_P09_2	1	287226	161
Chi_P09_2	1	287226	77
Chi_P09_2	1	287226	142
Chi_P09_2	1	287226	109
Chi_P09_2	1	287226	185
Chi_P09_2	1	287226	118
Chi_P09_2	1	287226	333
Chi_P09_2	1	287226	182
Chi_P09_2	1	287226	114
Chi_P09_2	1	287226	49
Chi_P09_2	1	287226	124
Chi_P09_2	1	287226	109
Chi_P09_2	1	287226	167
Chi_P09_2	1	287226	96
Chi_P09_2	1	287226	12
Chi_P09_2	1	287226	110
Chi_P09_2	1	287226	178
Chi_P09_2	1	287226	171
Chi_P09_2	1	287226	126
Chi_P09_2	1	287226	155
Chi_P09_2	1	287226	35
Chi_P09_2	2	322766	5698
Chi_P09_2	2	322766	124
Chi_P09_2	2	322766	152
Chi_P09_2	2	322766	15
Chi_P09_2	2	322766	79
Chi_P09_2	2	322766	72
Chi_P09_2	2	322766	287
Chi_P09_2	2	322766	72
Chi_P09_2	2	322766	55
Chi_P09_2	2	322766	63
Chi_P09_2	2	322766	20
Chi_P09_2	2	322766	72
Chi_P09_2	2	322766	30
Chi_P09_2	2	322766	67
Chi_P09_2	2	322766	14
Chi_P09_2	2	322766	100
Chi_P09_2	2	322766	52
Chi_P09_2	2	322766	38
Chi_P09_2	2	322766	44
Chi_P09_2	2	322766	60
Chi_P09_2	2	322766	103
Chi_P09_2	2	322766	90
Chi_P09_2	2	322766	69
Chi_P09_2	2	322766	137
Chi_P09_2	2	322766	110
Chi_P09_2	2	322766	87
Chi_P09_2	2	322766	62
Chi_P09_2	2	322766	41
Chi_P09_2	2	322766	87
Chi_P09_2	2	322766	75
Chi_P09_2	2	322766	193
Chi_P09_2	2	322766	50
Chi_P09_2	2	322766	65
Chi_P09_2	2	322766	43
Chi_P09_2	2	322766	64
Chi_P09_2	2	322766	42
Chi_P09_2	2	322766	129
Chi_P09_2	2	322766	89
Chi_P09_2	2	322766	111
Chi_P09_2	2	322766	70
Chi_P09_2	2	322766	55
Chi_P09_2	2	322766	67
Chi_P09_2	2	322766	54
Chi_P09_2	2	322766	39
Chi_P09_2	2	322766	33
Chi_P09_2	2	322766	45
Chi_P09_2	2	322766	48
Chi_P09_2	2	322766	35
Chi_P09_2	2	322766	150
Chi_P09_2	2	322766	50
Chi_P09_2	2	322766	82
Chi_P09_2	2	322766	36
Chi_P09_2	2	322766	71
Chi_P09_2	2	322766	30
Chi_P09_2	2	322766	25
Chi_P09_2	2	322766	60
Chi_P09_2	2	322766	104
Chi_P09_2	2	322766	42
Chi_P09_2	2	322766	143
Chi_P09_2	2	322766	12
Chi_P09_2	2	322766	147
Chi_P09_2	2	322766	81
Chi_P09_2	2	322766	31
Chi_P09_2	2	322766	138
Chi_P09_2	2	322766	117
Chi_P09_2	2	322766	87
Chi_P09_2	2	322766	113
Chi_P09_2	2	322766	124
Chi_P09_2	2	322766	82
Chi_P09_2	2	322766	94
Chi_P09_2	2	322766	57
Chi_P09_2	2	322766	141
Chi_P09_2	2	322766	70
Chi_P09_2	2	322766	165
Chi_P09_2	2	322766	134
Chi_P09_2	2	322766	19
Chi_P09_2	2	322766	104
Chi_P09_2	2	322766	314
Chi_P09_2	2	322766	208
Chi_P09_2	2	322766	70
Chi_P09_2	2	322766	83
Chi_P09_2	2	322766	73
Chi_P09_2	2	322766	163
Chi_P09_2	2	322766	93
Chi_P09_2	2	322766	74
Chi_P09_2	2	322766	161
Chi_P09_2	2	322766	112
Chi_P09_2	2	322766	182
Chi_P09_2	2	322766	216
Chi_P09_2	2	322766	64
Chi_P09_2	2	322766	95
Chi_P09_2	2	322766	82
Chi_P09_2	2	322766	238
Chi_P09_2	2	322766	111
Chi_P09_2	2	322766	310
Chi_P09_2	2	322766	80
Chi_P09_2	2	322766	140
Chi_P09_2	2	322766	38
Chi_P09_2	2	322766	110
Chi_P09_2	2	322766	133
Chi_P09_2	2	322766	108
Chi_P09_2	2	322766	106
Chi_P09_2	2	322766	211
Chi_P09_2	2	322766	46
Chi_P09_2	2	322766	61
Chi_P09_2	2	322766	62
Chi_P09_2	2	322766	58
Chi_P09_2	2	322766	119
Chi_P09_2	2	322766	96
Chi_P09_2	2	322766	117
Chi_P09_2	2	322766	150
Chi_P09_2	2	322766	99
Chi_P09_2	2	322766	93
Chi_P09_2	2	322766	102
Chi_P09_2	2	322766	160
Chi_P09_2	2	322766	123
Chi_P09_2	2	322766	102
Chi_P09_2	2	322766	163
Chi_P09_2	2	322766	91
Chi_P09_2	2	322766	89
Chi_P09_2	2	322766	102
Chi_P09_2	2	322766	65
Chi_P09_2	2	322766	126
Chi_P09_2	2	322766	123
Chi_P09_2	2	322766	61
Chi_P09_2	2	322766	247
Chi_P09_2	2	322766	101
Chi_P09_2	2	322766	199
Chi_P09_2	2	322766	103
Chi_P09_2	2	322766	91
Chi_P09_2	2	322766	144
Chi_P09_2	2	322766	696
Chi_P09_2	2	322766	277
Chi_P09_2	2	322766	113
Chi_P09_2	2	322766	331
Chi_P09_2	2	322766	21
Chi_P09_2	2	322766	60
Chi_P09_2	2	322766	13
Chi_P09_2	2	322766	164
Chi_P09_2	2	322766	152
Chi_P09_2	2	322766	10
Chi_P09_2	3	341067	83
Chi_P09_2	3	341067	147
Chi_P09_2	3	341067	60
Chi_P09_2	3	341067	33
Chi_P09_2	3	341067	48
Chi_P09_2	3	341067	111
Chi_P09_2	3	341067	79
Chi_P09_2	3	341067	94
Chi_P09_2	3	341067	42
Chi_P09_2	3	341067	83
Chi_P09_2	3	341067	96
Chi_P09_2	3	341067	262
Chi_P09_2	3	341067	164
Chi_P09_2	3	341067	161
Chi_P09_2	3	341067	145
Chi_P09_2	3	341067	57
Chi_P09_2	3	341067	228
Chi_P09_2	3	341067	79
Chi_P09_2	3	341067	101
Chi_P09_2	3	341067	114
Chi_P09_2	3	341067	112
Chi_P09_2	3	341067	125
Chi_P09_2	3	341067	94
Chi_P09_2	3	341067	109
Chi_P09_2	3	341067	121
Chi_P09_2	3	341067	125
Chi_P09_2	3	341067	151
Chi_P09_2	3	341067	138
Chi_P09_2	3	341067	114
Chi_P09_2	3	341067	101
Chi_P09_2	3	341067	129
Chi_P09_2	3	341067	79
Chi_P09_2	3	341067	128
Chi_P09_2	3	341067	121
Chi_P09_2	3	341067	417
Chi_P09_2	3	341067	123
Chi_P09_2	3	341067	189
Chi_P09_2	3	341067	101
Chi_P09_2	3	341067	68
Chi_P09_2	3	341067	246
Chi_P09_2	3	341067	185
Chi_P09_2	3	341067	102
Chi_P09_2	3	341067	68
Chi_P09_2	3	341067	131
Chi_P09_2	3	341067	198
Chi_P09_2	3	341067	117
Chi_P09_2	3	341067	119
Chi_P09_2	3	341067	86
Chi_P09_2	3	341067	149
Chi_P09_2	3	341067	132
Chi_P09_2	3	341067	100
Chi_P09_2	3	341067	247
Chi_P09_2	3	341067	119
Chi_P09_2	3	341067	125
Chi_P09_2	3	341067	112
Chi_P09_2	3	341067	142
Chi_P09_2	3	341067	128
Chi_P09_2	3	341067	117
Chi_P09_2	3	341067	68
Chi_P09_2	3	341067	123
Chi_P09_2	3	341067	231
Chi_P09_2	3	341067	151
Chi_P09_2	3	341067	115
Chi_P09_2	3	341067	119
Chi_P09_2	3	341067	312
Chi_P09_2	3	341067	147
Chi_P09_2	3	341067	289
Chi_P09_2	3	341067	181
Chi_P09_2	3	341067	179
Chi_P09_2	3	341067	91
Chi_P09_2	3	341067	128
Chi_P09_2	3	341067	109
Chi_P09_2	3	341067	273
Chi_P09_2	3	341067	263
Chi_P09_2	3	341067	122
Chi_P09_2	3	341067	95
Chi_P09_2	3	341067	68
Chi_P09_2	3	341067	59
Chi_P09_2	3	341067	99
Chi_P09_2	3	341067	215
Chi_P09_2	3	341067	93
Chi_P09_2	3	341067	115
Chi_P09_2	3	341067	301
Chi_P09_2	3	341067	45
Chi_P09_2	3	341067	114
Chi_P09_2	3	341067	95
Chi_P09_2	3	341067	143
Chi_P09_2	3	341067	90
Chi_P09_2	3	341067	129
Chi_P09_2	3	341067	274
Chi_P09_2	3	341067	88
Chi_P09_2	3	341067	163
Chi_P09_2	3	341067	162
Chi_P09_2	3	341067	110
Chi_P09_2	3	341067	187
Chi_P09_2	3	341067	105
Chi_P09_2	3	341067	141
Chi_P09_2	3	341067	108
Chi_P09_2	3	341067	86
Chi_P09_2	3	341067	106
Chi_P09_2	3	341067	75
Chi_P09_2	3	341067	220
Chi_P09_2	3	341067	44
Chi_P09_2	3	341067	247
Chi_P09_2	3	341067	49
Chi_P09_2	3	341067	149
Chi_P09_2	3	341067	234
Chi_P09_2	3	341067	184
Chi_P09_2	3	341067	95
Chi_P09_2	3	341067	11
Chi_P09_2	3	341067	58
Chi_P09_2	3	341067	330
Chi_P09_2	3	341067	99
Chi_P09_2	3	341067	67
Chi_P09_2	3	341067	70
Chi_P09_2	3	341067	120
Chi_P09_2	3	341067	89
Chi_P09_2	3	341067	114
Chi_P09_2	3	341067	114
Chi_P09_2	3	341067	88
Chi_P09_2	3	341067	120
Chi_P09_2	3	341067	99
Chi_P09_2	3	341067	62
Chi_P09_2	3	341067	114
Chi_P09_2	3	341067	121
Chi_P09_2	3	341067	236
Chi_P09_2	3	341067	147
Chi_P09_2	3	341067	76
Chi_P09_2	3	341067	113
Chi_P09_2	3	341067	123
Chi_P09_2	3	341067	68
Chi_P09_2	3	341067	66
Chi_P09_2	3	341067	110
Chi_P09_2	3	341067	61
Chi_P09_2	3	341067	68
Chi_P09_2	3	341067	95
Chi_P09_2	3	341067	65
Chi_P09_2	3	341067	48
Chi_P09_2	3	341067	80
Chi_P09_2	3	341067	59
Chi_P09_2	3	341067	70
Chi_P09_2	3	341067	170
Chi_P09_2	3	341067	39
Chi_P09_2	3	341067	101
Chi_P09_2	3	341067	23
Chi_P09_2	3	341067	93
Chi_P09_2	3	341067	146
Chi_P09_2	3	341067	88
Chi_P09_2	3	341067	117
Chi_P09_2	3	341067	101
Chi_P09_2	3	341067	60
Chi_P09_2	3	341067	130
Chi_P09_2	3	341067	98
Chi_P09_2	3	341067	83
Chi_P09_2	3	341067	57
Chi_P09_2	3	341067	86
Chi_P09_2	3	341067	43
Chi_P09_2	3	341067	162
Chi_P09_2	3	341067	126
Chi_P09_2	3	341067	253
Chi_P09_2	3	341067	11
Chi_P09_2	3	341067	211
Chi_P09_2	3	341067	150
Chi_P09_2	3	341067	11
Chi_P09_2	3	341067	10
Chi_P09_2	3	341067	71
Chi_P09_2	3	341067	113
Chi_P09_2	3	341067	74
Chi_P09_2	3	341067	10
Chi_P09_2	3	341067	167
Chi_P09_2	3	341067	170
Chi_P09_2	3	341067	424
Chi_P09_2	3	341067	62
Chi_P09_2	3	341067	111
Chi_P09_2	3	341067	348
Chi_P09_2	3	341067	15
Chi_P09_2	3	341067	19
Chi_P09_2	4	327896	18
Chi_P09_2	4	327896	106
Chi_P09_2	4	327896	41
Chi_P09_2	4	327896	244
Chi_P09_2	4	327896	64
Chi_P09_2	4	327896	55
Chi_P09_2	4	327896	125
Chi_P09_2	4	327896	153
Chi_P09_2	4	327896	119
Chi_P09_2	4	327896	89
Chi_P09_2	4	327896	116
Chi_P09_2	4	327896	136
Chi_P09_2	4	327896	50
Chi_P09_2	4	327896	48
Chi_P09_2	4	327896	80
Chi_P09_2	4	327896	98
Chi_P09_2	4	327896	218
Chi_P09_2	4	327896	77
Chi_P09_2	4	327896	44
Chi_P09_2	4	327896	46
Chi_P09_2	4	327896	104
Chi_P09_2	4	327896	103
Chi_P09_2	4	327896	41
Chi_P09_2	4	327896	115
Chi_P09_2	4	327896	18
Chi_P09_2	4	327896	68
Chi_P09_2	4	327896	80
Chi_P09_2	4	327896	140
Chi_P09_2	4	327896	93
Chi_P09_2	4	327896	163
Chi_P09_2	4	327896	104
Chi_P09_2	4	327896	61
Chi_P09_2	4	327896	106
Chi_P09_2	4	327896	61
Chi_P09_2	4	327896	82
Chi_P09_2	4	327896	116
Chi_P09_2	4	327896	107
Chi_P09_2	4	327896	74
Chi_P09_2	4	327896	87
Chi_P09_2	4	327896	64
Chi_P09_2	4	327896	104
Chi_P09_2	4	327896	112
Chi_P09_2	4	327896	67
Chi_P09_2	4	327896	107
Chi_P09_2	4	327896	143
Chi_P09_2	4	327896	67
Chi_P09_2	4	327896	49
Chi_P09_2	4	327896	162
Chi_P09_2	4	327896	62
Chi_P09_2	4	327896	120
Chi_P09_2	4	327896	37
Chi_P09_2	4	327896	243
Chi_P09_2	4	327896	16
Chi_P09_2	4	327896	26
Chi_P09_2	4	327896	72
Chi_P09_2	4	327896	119
Chi_P09_2	4	327896	88
Chi_P09_2	4	327896	247
Chi_P09_2	4	327896	108
Chi_P09_2	4	327896	96
Chi_P09_2	4	327896	94
Chi_P09_2	4	327896	276
Chi_P09_2	4	327896	93
Chi_P09_2	4	327896	72
Chi_P09_2	4	327896	57
Chi_P09_2	4	327896	114
Chi_P09_2	4	327896	71
Chi_P09_2	4	327896	75
Chi_P09_2	4	327896	129
Chi_P09_2	4	327896	60
Chi_P09_2	4	327896	82
Chi_P09_2	4	327896	145
Chi_P09_2	4	327896	106
Chi_P09_2	4	327896	40
Chi_P09_2	4	327896	109
Chi_P09_2	4	327896	34
Chi_P09_2	4	327896	170
Chi_P09_2	4	327896	118
Chi_P09_2	4	327896	81
Chi_P09_2	4	327896	96
Chi_P09_2	4	327896	155
Chi_P09_2	4	327896	128
Chi_P09_2	4	327896	90
Chi_P09_2	4	327896	64
Chi_P09_2	4	327896	74
Chi_P09_2	4	327896	69
Chi_P09_2	4	327896	74
Chi_P09_2	4	327896	67
Chi_P09_2	4	327896	94
Chi_P09_2	4	327896	64
Chi_P09_2	4	327896	80
Chi_P09_2	4	327896	139
Chi_P09_2	4	327896	75
Chi_P09_2	4	327896	140
Chi_P09_2	4	327896	93
Chi_P09_2	4	327896	42
Chi_P09_2	4	327896	76
Chi_P09_2	4	327896	70
Chi_P09_2	4	327896	70
Chi_P09_2	4	327896	86
Chi_P09_2	4	327896	181
Chi_P09_2	4	327896	19
Chi_P09_2	4	327896	96
Chi_P09_2	4	327896	84
Chi_P09_2	4	327896	143
Chi_P09_2	4	327896	123
Chi_P09_2	4	327896	82
Chi_P09_2	4	327896	70
Chi_P09_2	4	327896	99
Chi_P09_2	4	327896	78
Chi_P09_2	4	327896	155
Chi_P09_2	4	327896	36
Chi_P09_2	4	327896	68
Chi_P09_2	4	327896	123
Chi_P09_2	4	327896	71
Chi_P09_2	4	327896	215
Chi_P09_2	4	327896	68
Chi_P09_2	4	327896	109
Chi_P09_2	4	327896	47
Chi_P09_2	4	327896	29
Chi_P09_2	4	327896	62
Chi_P09_2	4	327896	139
Chi_P09_2	4	327896	37
Chi_P09_2	4	327896	87
Chi_P09_2	4	327896	59
Chi_P09_2	4	327896	84
Chi_P09_2	4	327896	74
Chi_P09_2	4	327896	71
Chi_P09_2	4	327896	53
Chi_P09_2	4	327896	64
Chi_P09_2	4	327896	76
Chi_P09_2	4	327896	208
Chi_P09_2	4	327896	54
Chi_P09_2	4	327896	107
Chi_P09_2	4	327896	87
Chi_P09_2	5	263752	191
Chi_P09_2	5	263752	106
Chi_P09_2	5	263752	171
Chi_P09_2	5	263752	85
Chi_P09_2	5	263752	38
Chi_P09_2	5	263752	186
Chi_P09_2	5	263752	126
Chi_P09_2	5	263752	88
Chi_P09_2	5	263752	90
Chi_P09_2	5	263752	160
Chi_P09_2	5	263752	102
Chi_P09_2	5	263752	85
Chi_P09_2	5	263752	74
Chi_P09_2	5	263752	119
Chi_P09_2	5	263752	140
Chi_P09_2	5	263752	120
Chi_P09_2	5	263752	83
Chi_P09_2	5	263752	148
Chi_P09_2	5	263752	146
Chi_P09_2	5	263752	90
Chi_P09_2	5	263752	130
Chi_P09_2	5	263752	142
Chi_P09_2	5	263752	186
Chi_P09_2	5	263752	60
Chi_P09_2	5	263752	237
Chi_P09_2	5	263752	128
Chi_P09_2	5	263752	102
Chi_P09_2	5	263752	191
Chi_P09_2	5	263752	212
Chi_P09_2	5	263752	163
Chi_P09_2	5	263752	136
Chi_P09_2	5	263752	206
Chi_P09_2	5	263752	143
Chi_P09_2	5	263752	123
Chi_P09_2	5	263752	147
Chi_P09_2	5	263752	149
Chi_P09_2	5	263752	51
Chi_P09_2	5	263752	157
Chi_P09_2	5	263752	276
Chi_P09_2	5	263752	143
Chi_P09_2	5	263752	207
Chi_P09_2	5	263752	160
Chi_P09_2	5	263752	172
Chi_P09_2	5	263752	55
Chi_P09_2	5	263752	82
Chi_P09_2	5	263752	80
Chi_P09_2	5	263752	116
Chi_P09_2	5	263752	97
Chi_P09_2	5	263752	132
Chi_P09_2	5	263752	678
Chi_P09_2	5	263752	108
Chi_P09_2	5	263752	126
Chi_P09_2	5	263752	83
Chi_P09_2	5	263752	322
Chi_P09_2	5	263752	130
Chi_P09_2	5	263752	128
Chi_P09_2	5	263752	110
Chi_P09_2	5	263752	140
Chi_P09_2	5	263752	134
Chi_P09_2	5	263752	99
Chi_P09_2	5	263752	96
Chi_P09_2	5	263752	84
Chi_P09_2	5	263752	127
Chi_P09_2	5	263752	94
Chi_P09_2	5	263752	98
Chi_P09_2	5	263752	182
Chi_P09_2	5	263752	116
Chi_P09_2	5	263752	231
Chi_P09_2	5	263752	87
Chi_P09_2	5	263752	52
Chi_P09_2	5	263752	101
Chi_P09_2	5	263752	113
Chi_P09_2	5	263752	238
Chi_P09_2	5	263752	141
Chi_P09_2	5	263752	81
Chi_P09_2	5	263752	236
Chi_P09_2	5	263752	106
Chi_P09_2	5	263752	174
Chi_P09_2	5	263752	115
Chi_P09_2	5	263752	112
Chi_P09_2	5	263752	111
Chi_P09_2	5	263752	160
Chi_P09_2	5	263752	167
Chi_P09_2	5	263752	291
Chi_P09_2	5	263752	132
Chi_P09_2	5	263752	131
Chi_P09_2	5	263752	97
Chi_P09_2	5	263752	276
Chi_P09_2	5	263752	112
Chi_P09_2	5	263752	147
Chi_P09_2	5	263752	125
Chi_P09_2	5	263752	124
Chi_P09_2	5	263752	186
Chi_P09_2	5	263752	187
Chi_P09_2	5	263752	122
Chi_P09_2	5	263752	104
Chi_P09_2	5	263752	155
Chi_P09_2	5	263752	91
Chi_P09_2	5	263752	354
Chi_P09_2	5	263752	132
Chi_P09_2	5	263752	162
Chi_P09_2	5	263752	131
Chi_P09_2	5	263752	206
Chi_P09_2	5	263752	118
Chi_P09_2	5	263752	139
Chi_P09_2	5	263752	226
Chi_P09_2	5	263752	116
Chi_P09_2	5	263752	129
Chi_P09_2	5	263752	315
Chi_P09_2	5	263752	343
Chi_P09_2	5	263752	86
Chi_P09_2	5	263752	224
Chi_P09_2	5	263752	102
Chi_P09_2	5	263752	512
Chi_P09_2	5	263752	200
Chi_P09_2	5	263752	78
Chi_P09_2	5	263752	92
Chi_P09_2	5	263752	73
Chi_P09_2	5	263752	114
Chi_P09_2	5	263752	223
Chi_P09_2	5	263752	106
Chi_P09_2	5	263752	139
Chi_P09_2	5	263752	311
Chi_P09_2	5	263752	170
Chi_P09_2	5	263752	218
Chi_P09_2	5	263752	118
Chi_P09_2	5	263752	38
Chi_P09_2	5	263752	88
Chi_P09_2	5	263752	95
Chi_P09_2	5	263752	133
Chi_P09_2	5	263752	83
Chi_P09_2	5	263752	191
Chi_P09_2	5	263752	124
Chi_P09_2	5	263752	267
Chi_P09_2	5	263752	31
Chi_P09_2	5	263752	190
Chi_P09_2	5	263752	312
Chi_P09_2	5	263752	130
Chi_P09_2	5	263752	98
Chi_P09_2	5	263752	92
Chi_P09_2	6	323655	108
Chi_P09_2	6	323655	298
Chi_P09_2	6	323655	36
Chi_P09_2	6	323655	275
Chi_P09_2	6	323655	144
Chi_P09_2	6	323655	110
Chi_P09_2	6	323655	112
Chi_P09_2	6	323655	170
Chi_P09_2	6	323655	125
Chi_P09_2	6	323655	204
Chi_P09_2	6	323655	153
Chi_P09_2	6	323655	128
Chi_P09_2	6	323655	140
Chi_P09_2	6	323655	151
Chi_P09_2	6	323655	174
Chi_P09_2	6	323655	163
Chi_P09_2	6	323655	150
Chi_P09_2	6	323655	68
Chi_P09_2	6	323655	60
Chi_P09_2	6	323655	91
Chi_P09_2	6	323655	145
Chi_P09_2	6	323655	112
Chi_P09_2	6	323655	112
Chi_P09_2	6	323655	81
Chi_P09_2	6	323655	171
Chi_P09_2	6	323655	141
Chi_P09_2	6	323655	141
Chi_P09_2	6	323655	133
Chi_P09_2	6	323655	183
Chi_P09_2	6	323655	115
Chi_P09_2	6	323655	115
Chi_P09_2	6	323655	99
Chi_P09_2	6	323655	120
Chi_P09_2	6	323655	159
Chi_P09_2	6	323655	143
Chi_P09_2	6	323655	104
Chi_P09_2	6	323655	126
Chi_P09_2	6	323655	233
Chi_P09_2	6	323655	415
Chi_P09_2	6	323655	109
Chi_P09_2	6	323655	110
Chi_P09_2	6	323655	105
Chi_P09_2	6	323655	258
Chi_P09_2	6	323655	158
Chi_P09_2	6	323655	161
Chi_P09_2	6	323655	548
Chi_P09_2	6	323655	76
Chi_P09_2	6	323655	95
Chi_P09_2	6	323655	184
Chi_P09_2	6	323655	248
Chi_P09_2	6	323655	35
Chi_P09_2	6	323655	95
Chi_P09_2	6	323655	136
Chi_P09_2	6	323655	152
Chi_P09_2	6	323655	97
Chi_P09_2	6	323655	123
Chi_P09_2	6	323655	28
Chi_P09_2	6	323655	228
Chi_P09_2	6	323655	95
Chi_P09_2	6	323655	57
Chi_P09_2	6	323655	100
Chi_P09_2	6	323655	87
Chi_P09_2	6	323655	161
Chi_P09_2	6	323655	103
Chi_P09_2	6	323655	108
Chi_P09_2	6	323655	168
Chi_P09_2	6	323655	158
Chi_P09_2	6	323655	126
Chi_P09_2	6	323655	136
Chi_P09_2	6	323655	98
Chi_P09_2	6	323655	388
Chi_P09_2	6	323655	110
Chi_P09_2	6	323655	167
Chi_P09_2	6	323655	197
Chi_P09_2	6	323655	133
Chi_P09_2	6	323655	146
Chi_P09_2	6	323655	170
Chi_P09_2	6	323655	168
Chi_P09_2	6	323655	116
Chi_P09_2	6	323655	150
Chi_P09_2	6	323655	63
Chi_P09_2	6	323655	156
Chi_P09_2	6	323655	256
Chi_P09_2	6	323655	388
Chi_P09_2	6	323655	144
Chi_P09_2	6	323655	182
Chi_P09_2	6	323655	136
Chi_P09_2	6	323655	273
Chi_P09_2	6	323655	64
Chi_P09_2	6	323655	129
Chi_P09_2	6	323655	160
Chi_P09_2	6	323655	72
Chi_P09_2	6	323655	130
Chi_P09_2	6	323655	132
Chi_P09_2	6	323655	126
Chi_P09_2	6	323655	90
Chi_P09_2	6	323655	110
Chi_P09_2	6	323655	135
Chi_P09_2	6	323655	159
Chi_P09_2	6	323655	124
Chi_P09_2	6	323655	140
Chi_P09_2	6	323655	39
Chi_P09_2	6	323655	63
Chi_P09_2	6	323655	126
Chi_P09_2	6	323655	105
Chi_P09_2	6	323655	217
Chi_P09_2	6	323655	107
Chi_P09_2	6	323655	149
Chi_P09_2	6	323655	101
Chi_P09_2	6	323655	107
Chi_P09_2	6	323655	131
Chi_P09_2	6	323655	112
Chi_P09_2	6	323655	140
Chi_P09_2	6	323655	289
Chi_P09_2	6	323655	69
Chi_P09_2	6	323655	91
Chi_P09_2	6	323655	87
Chi_P09_2	6	323655	47
Chi_P09_2	6	323655	53
Chi_P09_2	6	323655	235
Chi_P09_2	6	323655	71
Chi_P09_2	6	323655	69
Chi_P09_2	6	323655	178
Chi_P09_2	6	323655	201
Chi_P09_2	6	323655	132
Chi_P09_2	6	323655	90
Chi_P09_2	6	323655	285
Chi_P09_2	6	323655	28
Chi_P09_2	6	323655	154
Chi_P09_2	6	323655	20
Chi_P09_2	6	323655	55
Chi_P09_2	6	323655	94
Chi_P09_2	6	323655	89
Chi_P09_2	6	323655	159
Chi_P09_2	6	323655	114
Chi_P09_2	6	323655	45
Chi_P09_2	6	323655	95
Chi_P09_2	6	323655	28
Chi_P09_2	6	323655	165
Chi_P09_2	6	323655	62
Chi_P09_2	6	323655	98
Chi_P09_2	6	323655	143
Chi_P09_2	6	323655	205
Chi_P09_2	6	323655	37
Chi_P09_2	6	323655	101
Chi_P09_2	6	323655	92
Chi_P09_2	6	323655	148
Chi_P09_2	6	323655	39
Chi_P09_2	6	323655	37
Chi_P09_2	6	323655	63
Chi_P09_2	6	323655	304
Chi_P09_2	6	323655	139
Chi_P09_2	6	323655	65
Chi_P09_2	6	323655	230
Chi_P09_2	6	323655	37
Chi_P09_2	6	323655	109
Chi_P09_2	6	323655	70
Chi_P09_2	6	323655	111
Chi_P09_2	6	323655	259
Chi_P09_2	6	323655	18
Chi_P09_2	6	323655	101
Chi_P09_2	6	323655	123
Chi_P09_2	6	323655	52
Chi_P09_2	6	323655	107
Chi_P09_2	6	323655	127
Chi_P09_2	6	323655	96
Chi_P09_2	6	323655	136
Chi_P09_2	6	323655	173
Chi_P09_2	6	323655	235
Chi_P09_2	6	323655	121
Chi_P09_2	6	323655	297
Chi_P09_2	6	323655	81
Chi_P09_2	7	283523	274
Chi_P09_2	7	283523	106
Chi_P09_2	7	283523	163
Chi_P09_2	7	283523	287
Chi_P09_2	7	283523	116
Chi_P09_2	7	283523	414
Chi_P09_2	7	283523	117
Chi_P09_2	7	283523	131
Chi_P09_2	7	283523	141
Chi_P09_2	7	283523	137
Chi_P09_2	7	283523	84
Chi_P09_2	7	283523	111
Chi_P09_2	7	283523	117
Chi_P09_2	7	283523	113
Chi_P09_2	7	283523	157
Chi_P09_2	7	283523	46
Chi_P09_2	7	283523	48
Chi_P09_2	7	283523	77
Chi_P09_2	7	283523	150
Chi_P09_2	7	283523	121
Chi_P09_2	7	283523	180
Chi_P09_2	7	283523	178
Chi_P09_2	7	283523	81
Chi_P09_2	7	283523	101
Chi_P09_2	7	283523	109
Chi_P09_2	7	283523	97
Chi_P09_2	7	283523	139
Chi_P09_2	7	283523	199
Chi_P09_2	7	283523	193
Chi_P09_2	7	283523	126
Chi_P09_2	7	283523	123
Chi_P09_2	7	283523	129
Chi_P09_2	7	283523	122
Chi_P09_2	7	283523	156
Chi_P09_2	7	283523	177
Chi_P09_2	7	283523	104
Chi_P09_2	7	283523	116
Chi_P09_2	7	283523	137
Chi_P09_2	7	283523	134
Chi_P09_2	7	283523	181
Chi_P09_2	7	283523	222
Chi_P09_2	7	283523	109
Chi_P09_2	7	283523	213
Chi_P09_2	7	283523	266
Chi_P09_2	7	283523	111
Chi_P09_2	7	283523	104
Chi_P09_2	7	283523	115
Chi_P09_2	7	283523	129
Chi_P09_2	7	283523	102
Chi_P09_2	7	283523	174
Chi_P09_2	7	283523	182
Chi_P09_2	7	283523	113
Chi_P09_2	7	283523	91
Chi_P09_2	7	283523	166
Chi_P09_2	7	283523	118
Chi_P09_2	7	283523	217
Chi_P09_2	7	283523	172
Chi_P09_2	7	283523	62
Chi_P09_2	7	283523	118
Chi_P09_2	7	283523	87
Chi_P09_2	7	283523	115
Chi_P09_2	7	283523	171
Chi_P09_2	7	283523	88
Chi_P09_2	7	283523	93
Chi_P09_2	7	283523	68
Chi_P09_2	7	283523	164
Chi_P09_2	7	283523	170
Chi_P09_2	7	283523	143
Chi_P09_2	7	283523	70
Chi_P09_2	7	283523	19
Chi_P09_2	7	283523	183
Chi_P09_2	7	283523	117
Chi_P09_2	7	283523	122
Chi_P09_2	7	283523	128
Chi_P09_2	7	283523	156
Chi_P09_2	7	283523	100
Chi_P09_2	7	283523	282
Chi_P09_2	7	283523	60
Chi_P09_2	7	283523	52
Chi_P09_2	7	283523	35
Chi_P09_2	7	283523	145
Chi_P09_2	7	283523	103
Chi_P09_2	7	283523	75
Chi_P09_2	7	283523	135
Chi_P09_2	7	283523	91
Chi_P09_2	7	283523	195
Chi_P09_2	7	283523	70
Chi_P09_2	7	283523	81
Chi_P09_2	7	283523	94
Chi_P09_2	7	283523	503
Chi_P09_2	7	283523	55
Chi_P09_2	7	283523	42
Chi_P09_2	7	283523	81
Chi_P09_2	7	283523	104
Chi_P09_2	7	283523	114
Chi_P09_2	7	283523	28
Chi_P09_2	7	283523	107
Chi_P09_2	7	283523	10
Chi_P09_2	7	283523	93
Chi_P09_2	7	283523	117
Chi_P09_2	7	283523	87
Chi_P09_2	7	283523	89
Chi_P09_2	7	283523	69
Chi_P09_2	7	283523	108
Chi_P09_2	7	283523	143
Chi_P09_2	7	283523	203
Chi_P09_2	7	283523	141
Chi_P09_2	7	283523	39
Chi_P09_2	7	283523	65
Chi_P09_2	7	283523	110
Chi_P09_2	7	283523	93
Chi_P09_2	7	283523	73
Chi_P09_2	7	283523	61
Chi_P09_2	7	283523	109
Chi_P09_2	7	283523	72
Chi_P09_2	7	283523	147
Chi_P09_2	7	283523	47
Chi_P09_2	7	283523	207
Chi_P09_2	7	283523	26
Chi_P09_2	7	283523	81
Chi_P09_2	7	283523	78
Chi_P09_2	8	301991	117
Chi_P09_2	8	301991	136
Chi_P09_2	8	301991	200
Chi_P09_2	8	301991	154
Chi_P09_2	8	301991	144
Chi_P09_2	8	301991	121
Chi_P09_2	8	301991	99
Chi_P09_2	8	301991	188
Chi_P09_2	8	301991	319
Chi_P09_2	8	301991	91
Chi_P09_2	8	301991	182
Chi_P09_2	8	301991	209
Chi_P09_2	8	301991	203
Chi_P09_2	8	301991	156
Chi_P09_2	8	301991	77
Chi_P09_2	8	301991	174
Chi_P09_2	8	301991	59
Chi_P09_2	8	301991	110
Chi_P09_2	8	301991	86
Chi_P09_2	8	301991	131
Chi_P09_2	8	301991	150
Chi_P09_2	8	301991	170
Chi_P09_2	8	301991	110
Chi_P09_2	8	301991	124
Chi_P09_2	8	301991	126
Chi_P09_2	8	301991	56
Chi_P09_2	8	301991	113
Chi_P09_2	8	301991	168
Chi_P09_2	8	301991	285
Chi_P09_2	8	301991	73
Chi_P09_2	8	301991	137
Chi_P09_2	8	301991	93
Chi_P09_2	8	301991	146
Chi_P09_2	8	301991	176
Chi_P09_2	8	301991	181
Chi_P09_2	8	301991	159
Chi_P09_2	8	301991	295
Chi_P09_2	8	301991	112
Chi_P09_2	8	301991	190
Chi_P09_2	8	301991	136
Chi_P09_2	8	301991	239
Chi_P09_2	8	301991	210
Chi_P09_2	8	301991	147
Chi_P09_2	8	301991	151
Chi_P09_2	8	301991	91
Chi_P09_2	8	301991	134
Chi_P09_2	8	301991	62
Chi_P09_2	8	301991	664
Chi_P09_2	8	301991	133
Chi_P09_2	8	301991	109
Chi_P09_2	8	301991	134
Chi_P09_2	8	301991	123
Chi_P09_2	8	301991	103
Chi_P09_2	8	301991	70
Chi_P09_2	8	301991	55
Chi_P09_2	8	301991	184
Chi_P09_2	8	301991	89
Chi_P09_2	8	301991	148
Chi_P09_2	8	301991	232
Chi_P09_2	8	301991	164
Chi_P09_2	8	301991	149
Chi_P09_2	8	301991	122
Chi_P09_2	8	301991	26
Chi_P09_2	8	301991	218
Chi_P09_2	8	301991	17
Chi_P09_2	8	301991	20
Chi_P09_2	8	301991	101
Chi_P09_2	8	301991	151
Chi_P09_2	8	301991	73
Chi_P09_2	8	301991	113
Chi_P09_2	8	301991	134
Chi_P09_2	8	301991	100
Chi_P09_2	8	301991	107
Chi_P09_2	8	301991	113
Chi_P09_2	8	301991	200
Chi_P09_2	8	301991	116
Chi_P09_2	8	301991	156
Chi_P09_2	8	301991	115
Chi_P09_2	8	301991	128
Chi_P09_2	8	301991	100
Chi_P09_2	8	301991	135
Chi_P09_2	8	301991	104
Chi_P09_2	8	301991	119
Chi_P09_2	8	301991	164
Chi_P09_2	8	301991	104
Chi_P09_2	8	301991	101
Chi_P09_2	8	301991	100
Chi_P09_2	8	301991	175
Chi_P09_2	8	301991	124
Chi_P09_2	8	301991	105
Chi_P09_2	8	301991	117
Chi_P09_2	8	301991	73
Chi_P09_2	8	301991	108
Chi_P09_2	8	301991	124
Chi_P09_2	8	301991	162
Chi_P09_2	8	301991	122
Chi_P09_2	8	301991	99
Chi_P09_2	8	301991	64
Chi_P09_2	8	301991	187
Chi_P09_2	8	301991	90
Chi_P09_2	8	301991	109
Chi_P09_2	8	301991	33
Chi_P09_2	8	301991	34
Chi_P09_2	8	301991	77
Chi_P09_2	8	301991	208
Chi_P09_2	8	301991	298
Chi_P09_2	8	301991	126
Chi_P09_2	8	301991	313
Chi_P09_2	8	301991	90
Chi_P09_2	8	301991	82
Chi_P09_2	8	301991	92
Chi_P09_2	8	301991	758
Chi_P09_2	8	301991	68
Chi_P09_2	8	301991	98
Chi_P09_2	8	301991	31
Chi_P09_2	8	301991	36
Chi_P09_2	8	301991	54
Chi_P09_2	8	301991	26
Chi_P09_2	8	301991	92
Chi_P09_2	8	301991	286
Chi_P09_2	8	301991	117
Chi_P09_2	8	301991	176
Chi_P09_2	8	301991	81
Chi_P09_2	8	301991	10
Chi_P09_2	8	301991	19
Chi_P09_2	8	301991	105
Chi_P09_2	8	301991	102
Chi_P09_2	8	301991	347
Chi_P09_2	8	301991	112
Chi_P09_2	8	301991	92
Chi_P09_2	8	301991	95
Chi_P09_2	8	301991	229
Chi_P09_2	8	301991	60
Chi_P09_2	8	301991	283
Chi_P09_2	8	301991	101
Chi_P09_2	8	301991	225
Chi_P09_2	8	301991	111
Chi_P09_2	8	301991	126
Chi_P09_2	8	301991	94
Chi_P09_2	8	301991	160
Chi_P09_2	8	301991	91
Chi_P09_2	8	301991	132
Chi_P09_2	8	301991	108
Chi_P09_2	8	301991	301
Chi_P09_2	8	301991	93
Chi_P09_2	8	301991	34
Chi_P09_2	8	301991	87
Chi_P09_2	8	301991	333
Chi_P09_2	8	301991	104
Chi_P09_2	8	301991	184
Chi_P09_2	8	301991	85
Chi_P09_2	8	301991	163
Chi_P09_2	8	301991	167
Chi_P09_2	8	301991	89
Chi_P09_2	8	301991	122
Chi_P09_2	8	301991	162
Chi_P09_2	8	301991	84
Chi_P09_2	8	301991	10
Chi_P09_2	8	301991	270
Chi_P09_2	8	301991	129
Chi_P09_2	8	301991	128
Chi_P09_2	9	304355	74
Chi_P09_2	9	304355	101
Chi_P09_2	9	304355	83
Chi_P09_2	9	304355	16
Chi_P09_2	9	304355	66
Chi_P09_2	9	304355	17
Chi_P09_2	9	304355	148
Chi_P09_2	9	304355	92
Chi_P09_2	9	304355	114
Chi_P09_2	9	304355	59
Chi_P09_2	9	304355	111
Chi_P09_2	9	304355	90
Chi_P09_2	9	304355	120
Chi_P09_2	9	304355	117
Chi_P09_2	9	304355	122
Chi_P09_2	9	304355	193
Chi_P09_2	9	304355	257
Chi_P09_2	9	304355	122
Chi_P09_2	9	304355	92
Chi_P09_2	9	304355	63
Chi_P09_2	9	304355	276
Chi_P09_2	9	304355	140
Chi_P09_2	9	304355	128
Chi_P09_2	9	304355	142
Chi_P09_2	9	304355	115
Chi_P09_2	9	304355	95
Chi_P09_2	9	304355	72
Chi_P09_2	9	304355	82
Chi_P09_2	9	304355	95
Chi_P09_2	9	304355	71
Chi_P09_2	9	304355	99
Chi_P09_2	9	304355	66
Chi_P09_2	9	304355	113
Chi_P09_2	9	304355	144
Chi_P09_2	9	304355	256
Chi_P09_2	9	304355	156
Chi_P09_2	9	304355	313
Chi_P09_2	9	304355	176
Chi_P09_2	9	304355	111
Chi_P09_2	9	304355	160
Chi_P09_2	9	304355	101
Chi_P09_2	9	304355	73
Chi_P09_2	9	304355	221
Chi_P09_2	9	304355	37
Chi_P09_2	9	304355	132
Chi_P09_2	9	304355	24
Chi_P09_2	9	304355	49
Chi_P09_2	9	304355	289
Chi_P09_2	9	304355	157
Chi_P09_2	9	304355	74
Chi_P09_2	9	304355	84
Chi_P09_2	9	304355	70
Chi_P09_2	9	304355	256
Chi_P09_2	9	304355	94
Chi_P09_2	9	304355	84
Chi_P09_2	9	304355	109
Chi_P09_2	9	304355	110
Chi_P09_2	9	304355	100
Chi_P09_2	9	304355	115
Chi_P09_2	9	304355	99
Chi_P09_2	9	304355	76
Chi_P09_2	9	304355	244
Chi_P09_2	9	304355	79
Chi_P09_2	9	304355	234
Chi_P09_2	9	304355	26
Chi_P09_2	9	304355	154
Chi_P09_2	9	304355	144
Chi_P09_2	9	304355	166
Chi_P09_2	9	304355	74
Chi_P09_2	9	304355	103
Chi_P09_2	9	304355	133
Chi_P09_2	9	304355	204
Chi_P09_2	9	304355	148
Chi_P09_2	9	304355	124
Chi_P09_2	9	304355	338
Chi_P09_2	9	304355	149
Chi_P09_2	9	304355	66
Chi_P09_2	9	304355	53
Chi_P09_2	9	304355	75
Chi_P09_2	9	304355	65
Chi_P09_2	9	304355	30
Chi_P09_2	9	304355	62
Chi_P09_2	9	304355	93
Chi_P09_2	9	304355	120
Chi_P09_2	9	304355	135
Chi_P09_2	9	304355	228
Chi_P09_2	9	304355	104
Chi_P09_2	9	304355	133
Chi_P09_2	9	304355	91
Chi_P09_2	9	304355	163
Chi_P09_2	9	304355	278
Chi_P09_2	9	304355	178
Chi_P09_2	9	304355	122
Chi_P09_2	9	304355	82
Chi_P09_2	9	304355	115
Chi_P09_2	9	304355	280
Chi_P09_2	9	304355	177
Chi_P09_2	9	304355	84
Chi_P09_2	9	304355	179
Chi_P09_2	9	304355	101
Chi_P09_2	9	304355	240
Chi_P09_2	9	304355	59
Chi_P09_2	9	304355	119
Chi_P09_2	9	304355	79
Chi_P09_2	9	304355	159
Chi_P09_2	9	304355	74
Chi_P09_2	9	304355	139
Chi_P09_2	9	304355	93
Chi_P09_2	9	304355	142
Chi_P09_2	9	304355	77
Chi_P09_2	9	304355	36
Chi_P09_2	9	304355	86
Chi_P09_2	9	304355	84
Chi_P09_2	9	304355	189
Chi_P09_2	9	304355	158
Chi_P09_2	9	304355	104
Chi_P09_2	9	304355	136
Chi_P09_2	9	304355	519
Chi_P09_2	9	304355	14
Chi_P09_2	9	304355	14
Chi_P09_2	9	304355	14
Chi_P09_2	9	304355	50
Chi_P09_2	10	281121	107
Chi_P09_2	10	281121	164
Chi_P09_2	10	281121	246
Chi_P09_2	10	281121	127
Chi_P09_2	10	281121	120
Chi_P09_2	10	281121	109
Chi_P09_2	10	281121	117
Chi_P09_2	10	281121	45
Chi_P09_2	10	281121	197
Chi_P09_2	10	281121	172
Chi_P09_2	10	281121	90
Chi_P09_2	10	281121	70
Chi_P09_2	10	281121	153
Chi_P09_2	10	281121	96
Chi_P09_2	10	281121	93
Chi_P09_2	10	281121	126
Chi_P09_2	10	281121	137
Chi_P09_2	10	281121	152
Chi_P09_2	10	281121	77
Chi_P09_2	10	281121	277
Chi_P09_2	10	281121	24
Chi_P09_2	10	281121	87
Chi_P09_2	10	281121	139
Chi_P09_2	10	281121	50
Chi_P09_2	10	281121	140
Chi_P09_2	10	281121	63
Chi_P09_2	10	281121	30
Chi_P09_2	10	281121	61
Chi_P09_2	10	281121	156
Chi_P09_2	10	281121	179
Chi_P09_2	10	281121	77
Chi_P09_2	10	281121	141
Chi_P09_2	10	281121	151
Chi_P09_2	10	281121	48
Chi_P09_2	10	281121	99
Chi_P09_2	10	281121	176
Chi_P09_2	10	281121	150
Chi_P09_2	10	281121	324
Chi_P09_2	10	281121	315
Chi_P09_2	10	281121	112
Chi_P09_2	10	281121	106
Chi_P09_2	10	281121	122
Chi_P09_2	10	281121	149
Chi_P09_2	10	281121	146
Chi_P09_2	10	281121	161
Chi_P09_2	10	281121	143
Chi_P09_2	10	281121	88
Chi_P09_2	10	281121	262
Chi_P09_2	10	281121	113
Chi_P09_2	10	281121	99
Chi_P09_2	10	281121	228
Chi_P09_2	10	281121	99
Chi_P09_2	10	281121	164
Chi_P09_2	10	281121	124
Chi_P09_2	10	281121	154
Chi_P09_2	10	281121	145
Chi_P09_2	10	281121	109
Chi_P09_2	10	281121	130
Chi_P09_2	10	281121	85
Chi_P09_2	10	281121	123
Chi_P09_2	10	281121	161
Chi_P09_2	10	281121	189
Chi_P09_2	10	281121	78
Chi_P09_2	10	281121	80
Chi_P09_2	10	281121	90
Chi_P09_2	10	281121	131
Chi_P09_2	10	281121	300
Chi_P09_2	10	281121	191
Chi_P09_2	10	281121	174
Chi_P09_2	10	281121	133
Chi_P09_2	10	281121	114
Chi_P09_2	10	281121	81
Chi_P09_2	10	281121	161
Chi_P09_2	10	281121	87
Chi_P09_2	10	281121	81
Chi_P09_2	10	281121	180
Chi_P09_2	10	281121	119
Chi_P09_2	10	281121	42
Chi_P09_2	10	281121	25
Chi_P09_2	10	281121	113
Chi_P09_2	10	281121	117
Chi_P09_2	10	281121	112
Chi_P09_2	10	281121	184
Chi_P09_2	10	281121	121
Chi_P09_2	10	281121	114
Chi_P09_2	10	281121	46
Chi_P09_2	10	281121	125
Chi_P09_2	10	281121	67
Chi_P09_2	10	281121	94
Chi_P09_2	10	281121	140
Chi_P09_2	10	281121	154
Chi_P09_2	10	281121	49
Chi_P09_2	10	281121	186
Chi_P09_2	10	281121	140
Chi_P09_2	10	281121	80
Chi_P09_2	10	281121	53
Chi_P09_2	10	281121	103
Chi_P09_2	10	281121	93
Chi_P09_2	10	281121	79
Chi_P09_2	10	281121	42
Chi_P09_2	10	281121	10
Chi_P09_2	10	281121	129
Chi_P09_2	10	281121	67
Chi_P09_2	10	281121	69
Chi_P09_2	10	281121	25
Chi_P09_2	11	265644	101
Chi_P09_2	11	265644	156
Chi_P09_2	11	265644	109
Chi_P09_2	11	265644	124
Chi_P09_2	11	265644	307
Chi_P09_2	11	265644	26
Chi_P09_2	11	265644	279
Chi_P09_2	11	265644	245
Chi_P09_2	11	265644	110
Chi_P09_2	11	265644	175
Chi_P09_2	11	265644	147
Chi_P09_2	11	265644	122
Chi_P09_2	11	265644	213
Chi_P09_2	11	265644	177
Chi_P09_2	11	265644	139
Chi_P09_2	11	265644	142
Chi_P09_2	11	265644	160
Chi_P09_2	11	265644	101
Chi_P09_2	11	265644	111
Chi_P09_2	11	265644	149
Chi_P09_2	11	265644	137
Chi_P09_2	11	265644	126
Chi_P09_2	11	265644	139
Chi_P09_2	11	265644	108
Chi_P09_2	11	265644	117
Chi_P09_2	11	265644	86
Chi_P09_2	11	265644	112
Chi_P09_2	11	265644	105
Chi_P09_2	11	265644	146
Chi_P09_2	11	265644	119
Chi_P09_2	11	265644	116
Chi_P09_2	11	265644	111
Chi_P09_2	11	265644	266
Chi_P09_2	11	265644	133
Chi_P09_2	11	265644	577
Chi_P09_2	11	265644	280
Chi_P09_2	11	265644	69
Chi_P09_2	11	265644	133
Chi_P09_2	11	265644	176
Chi_P09_2	11	265644	93
Chi_P09_2	11	265644	118
Chi_P09_2	11	265644	477
Chi_P09_2	11	265644	51
Chi_P09_2	11	265644	284
Chi_P09_2	11	265644	122
Chi_P09_2	11	265644	117
Chi_P09_2	11	265644	112
Chi_P09_2	11	265644	285
Chi_P09_2	11	265644	137
Chi_P09_2	11	265644	108
Chi_P09_2	11	265644	55
Chi_P09_2	11	265644	138
Chi_P09_2	11	265644	390
Chi_P09_2	11	265644	87
Chi_P09_2	11	265644	111
Chi_P09_2	11	265644	370
Chi_P09_2	11	265644	244
Chi_P09_2	11	265644	119
Chi_P09_2	11	265644	246
Chi_P09_2	11	265644	146
Chi_P09_2	11	265644	100
Chi_P09_2	11	265644	227
Chi_P09_2	11	265644	143
Chi_P09_2	11	265644	69
Chi_P09_2	11	265644	130
Chi_P09_2	11	265644	97
Chi_P09_2	11	265644	219
Chi_P09_2	11	265644	70
Chi_P09_2	11	265644	123
Chi_P09_2	11	265644	376
Chi_P09_2	11	265644	112
Chi_P09_2	11	265644	132
Chi_P09_2	11	265644	142
Chi_P09_2	11	265644	128
Chi_P09_2	11	265644	91
Chi_P09_2	11	265644	335
Chi_P09_2	11	265644	80
Chi_P09_2	11	265644	115
Chi_P09_2	11	265644	211
Chi_P09_2	11	265644	88
Chi_P09_2	11	265644	133
Chi_P09_2	11	265644	145
Chi_P09_2	11	265644	303
Chi_P09_2	11	265644	217
Chi_P09_2	11	265644	664
Chi_P09_2	11	265644	136
Chi_P09_2	11	265644	107
Chi_P09_2	11	265644	141
Chi_P09_2	11	265644	209
Chi_P09_2	11	265644	162
Chi_P09_2	11	265644	380
Chi_P09_2	11	265644	161
Chi_P09_2	11	265644	266
Chi_P09_2	11	265644	292
Chi_P09_2	11	265644	127
Chi_P09_2	11	265644	184
Chi_P09_2	11	265644	169
Chi_P09_2	11	265644	98
Chi_P09_2	11	265644	136
Chi_P09_2	11	265644	111
Chi_P09_2	11	265644	128
Chi_P09_2	11	265644	340
Chi_P09_2	11	265644	103
Chi_P09_2	11	265644	187
Chi_P09_2	11	265644	118
Chi_P09_2	11	265644	71
Chi_P09_2	11	265644	172
Chi_P09_2	11	265644	287
Chi_P09_2	11	265644	202
Chi_P09_2	11	265644	135
Chi_P09_2	11	265644	74
Chi_P09_2	11	265644	99
Chi_P09_2	11	265644	183
Chi_P09_2	11	265644	74
Chi_P09_2	11	265644	157
Chi_P09_2	11	265644	90
Chi_P09_2	11	265644	107
Chi_P09_2	11	265644	123
Chi_P09_2	11	265644	134
Chi_P09_2	11	265644	225
Chi_P09_2	11	265644	173
Chi_P09_2	11	265644	150
Chi_P09_2	11	265644	129
Chi_P09_2	11	265644	138
Chi_P09_2	11	265644	133
Chi_P09_2	11	265644	149
Chi_P09_2	11	265644	104
Chi_P09_2	11	265644	107
Chi_P09_2	11	265644	84
Chi_P09_2	11	265644	140
Chi_P09_2	11	265644	143
Chi_P09_2	11	265644	96
Chi_P09_2	11	265644	125
Chi_P09_2	11	265644	177
Chi_P09_2	11	265644	95
Chi_P09_2	11	265644	72
Chi_P09_2	11	265644	140
Chi_P09_2	11	265644	53
Chi_P09_2	11	265644	150
Chi_P09_2	11	265644	156
Chi_P09_2	11	265644	112
Chi_P09_2	11	265644	171
Chi_P09_2	11	265644	157
Chi_P09_2	11	265644	126
Chi_P09_2	11	265644	190
Chi_P09_2	11	265644	90
Chi_P09_2	11	265644	114
Chi_P09_2	12	303872	248
Chi_P09_2	12	303872	67
Chi_P09_2	12	303872	49
Chi_P09_2	12	303872	10
Chi_P09_2	12	303872	83
Chi_P09_2	12	303872	166
Chi_P09_2	12	303872	26
Chi_P09_2	12	303872	74
Chi_P09_2	12	303872	139
Chi_P09_2	12	303872	109
Chi_P09_2	12	303872	92
Chi_P09_2	12	303872	108
Chi_P09_2	12	303872	139
Chi_P09_2	12	303872	78
Chi_P09_2	12	303872	128
Chi_P09_2	12	303872	111
Chi_P09_2	12	303872	57
Chi_P09_2	12	303872	126
Chi_P09_2	12	303872	23
Chi_P09_2	12	303872	390
Chi_P09_2	12	303872	82
Chi_P09_2	12	303872	118
Chi_P09_2	12	303872	69
Chi_P09_2	12	303872	117
Chi_P09_2	12	303872	108
Chi_P09_2	12	303872	82
Chi_P09_2	12	303872	163
Chi_P09_2	12	303872	94
Chi_P09_2	12	303872	120
Chi_P09_2	12	303872	133
Chi_P09_2	12	303872	112
Chi_P09_2	12	303872	125
Chi_P09_2	12	303872	24
Chi_P09_2	12	303872	79
Chi_P09_2	12	303872	112
Chi_P09_2	12	303872	137
Chi_P09_2	12	303872	158
Chi_P09_2	12	303872	113
Chi_P09_2	12	303872	132
Chi_P09_2	12	303872	129
Chi_P09_2	12	303872	117
Chi_P09_2	12	303872	94
Chi_P09_2	12	303872	98
Chi_P09_2	12	303872	114
Chi_P09_2	12	303872	65
Chi_P09_2	12	303872	121
Chi_P09_2	12	303872	190
Chi_P09_2	12	303872	133
Chi_P09_2	12	303872	82
Chi_P09_2	12	303872	117
Chi_P09_2	12	303872	120
Chi_P09_2	12	303872	30
Chi_P09_2	12	303872	101
Chi_P09_2	12	303872	32
Chi_P09_2	12	303872	103
Chi_P09_2	12	303872	102
Chi_P09_2	12	303872	77
Chi_P09_2	12	303872	174
Chi_P09_2	12	303872	122
Chi_P09_2	12	303872	212
Chi_P09_2	12	303872	101
Chi_P09_2	12	303872	117
Chi_P09_2	12	303872	72
Chi_P09_2	12	303872	105
Chi_P09_2	12	303872	144
Chi_P09_2	12	303872	104
Chi_P09_2	12	303872	110
Chi_P09_2	12	303872	49
Chi_P09_2	12	303872	152
Chi_P09_2	12	303872	101
Chi_P09_2	12	303872	116
Chi_P09_2	12	303872	76
Chi_P09_2	12	303872	117
Chi_P09_2	12	303872	92
Chi_P09_2	12	303872	108
Chi_P09_2	12	303872	99
Chi_P09_2	12	303872	138
Chi_P09_2	12	303872	298
Chi_P09_2	12	303872	138
Chi_P09_2	12	303872	205
Chi_P09_2	12	303872	67
Chi_P09_2	12	303872	52
Chi_P09_2	12	303872	111
Chi_P09_2	12	303872	170
Chi_P09_2	12	303872	103
Chi_P09_2	13	324706	26
Chi_P09_2	13	324706	71
Chi_P09_2	13	324706	102
Chi_P09_2	13	324706	39
Chi_P09_2	13	324706	71
Chi_P09_2	13	324706	121
Chi_P09_2	13	324706	174
Chi_P09_2	13	324706	97
Chi_P09_2	13	324706	87
Chi_P09_2	13	324706	80
Chi_P09_2	13	324706	68
Chi_P09_2	13	324706	69
Chi_P09_2	13	324706	138
Chi_P09_2	13	324706	93
Chi_P09_2	13	324706	59
Chi_P09_2	13	324706	71
Chi_P09_2	13	324706	68
Chi_P09_2	13	324706	125
Chi_P09_2	13	324706	51
Chi_P09_2	13	324706	110
Chi_P09_2	13	324706	118
Chi_P09_2	13	324706	84
Chi_P09_2	13	324706	129
Chi_P09_2	13	324706	83
Chi_P09_2	13	324706	84
Chi_P09_2	13	324706	120
Chi_P09_2	13	324706	56
Chi_P09_2	13	324706	132
Chi_P09_2	13	324706	92
Chi_P09_2	13	324706	206
Chi_P09_2	13	324706	46
Chi_P09_2	13	324706	122
Chi_P09_2	13	324706	80
Chi_P09_2	13	324706	144
Chi_P09_2	13	324706	117
Chi_P09_2	13	324706	91
Chi_P09_2	13	324706	100
Chi_P09_2	13	324706	147
Chi_P09_2	13	324706	72
Chi_P09_2	13	324706	205
Chi_P09_2	13	324706	105
Chi_P09_2	13	324706	86
Chi_P09_2	13	324706	70
Chi_P09_2	13	324706	75
Chi_P09_2	13	324706	153
Chi_P09_2	13	324706	105
Chi_P09_2	13	324706	125
Chi_P09_2	13	324706	101
Chi_P09_2	13	324706	272
Chi_P09_2	13	324706	104
Chi_P09_2	13	324706	116
Chi_P09_2	13	324706	74
Chi_P09_2	13	324706	113
Chi_P09_2	13	324706	155
Chi_P09_2	13	324706	59
Chi_P09_2	13	324706	253
Chi_P09_2	13	324706	87
Chi_P09_2	13	324706	72
Chi_P09_2	13	324706	77
Chi_P09_2	13	324706	442
Chi_P09_2	13	324706	158
Chi_P09_2	13	324706	404
Chi_P09_2	13	324706	226
Chi_P09_2	13	324706	110
Chi_P09_2	13	324706	355
Chi_P09_2	13	324706	102
Chi_P09_2	13	324706	141
Chi_P09_2	13	324706	128
Chi_P09_2	13	324706	190
Chi_P09_2	13	324706	144
Chi_P09_2	13	324706	161
Chi_P09_2	13	324706	142
Chi_P09_2	13	324706	316
Chi_P09_2	13	324706	138
Chi_P09_2	13	324706	113
Chi_P09_2	13	324706	272
Chi_P09_2	13	324706	152
Chi_P09_2	13	324706	105
Chi_P09_2	13	324706	159
Chi_P09_2	13	324706	226
Chi_P09_2	13	324706	444
Chi_P09_2	13	324706	109
Chi_P09_2	13	324706	171
Chi_P09_2	13	324706	195
Chi_P09_2	13	324706	166
Chi_P09_2	13	324706	146
Chi_P09_2	13	324706	138
Chi_P09_2	13	324706	169
Chi_P09_2	13	324706	133
Chi_P09_2	13	324706	167
Chi_P09_2	13	324706	153
Chi_P09_2	13	324706	110
Chi_P09_2	13	324706	114
Chi_P09_2	13	324706	174
Chi_P09_2	13	324706	75
Chi_P09_2	13	324706	100
Chi_P09_2	13	324706	139
Chi_P09_2	13	324706	237
Chi_P09_2	13	324706	144
Chi_P09_2	13	324706	166
Chi_P09_2	13	324706	114
Chi_P09_2	13	324706	160
Chi_P09_2	13	324706	291
Chi_P09_2	13	324706	173
Chi_P09_2	13	324706	218
Chi_P09_2	13	324706	308
Chi_P09_2	13	324706	80
Chi_P09_2	13	324706	99
Chi_P09_2	13	324706	161
Chi_P09_2	13	324706	85
Chi_P09_2	13	324706	167
Chi_P09_2	13	324706	147
Chi_P09_2	13	324706	180
Chi_P09_2	13	324706	144
Chi_P09_2	13	324706	178
Chi_P09_2	13	324706	170
Chi_P09_2	13	324706	91
Chi_P09_2	13	324706	133
Chi_P09_2	13	324706	124
Chi_P09_2	13	324706	117
Chi_P09_2	13	324706	114
Chi_P09_2	13	324706	90
Chi_P09_2	13	324706	95
Chi_P09_2	13	324706	90
Chi_P09_2	13	324706	158
Chi_P09_2	13	324706	127
Chi_P09_2	13	324706	148
Chi_P09_2	13	324706	173
Chi_P09_2	13	324706	122
Chi_P09_2	13	324706	22
Chi_P09_2	13	324706	89
Chi_P09_2	13	324706	79
Chi_P09_2	13	324706	129
Chi_P09_2	13	324706	117
Chi_P09_2	13	324706	126
Chi_P09_2	13	324706	147
Chi_P09_2	13	324706	124
Chi_P09_2	13	324706	164
Chi_P09_2	13	324706	138
Chi_P09_2	13	324706	132
Chi_P09_2	13	324706	115
Chi_P09_2	13	324706	158
Chi_P09_2	13	324706	101
Chi_P09_2	13	324706	236
Chi_P09_2	13	324706	199
Chi_P09_2	13	324706	122
Chi_P09_2	13	324706	308
Chi_P09_2	13	324706	103
Chi_P09_2	13	324706	10
Chi_P09_2	13	324706	137
Chi_P09_2	13	324706	160
Chi_P09_2	13	324706	174
Chi_P09_2	13	324706	134
Chi_P09_2	13	324706	109
Chi_P09_2	13	324706	104
Chi_P09_2	13	324706	176
Chi_P09_2	13	324706	119
Chi_P09_2	13	324706	276
Chi_P09_2	13	324706	113
Chi_P09_2	13	324706	220
Chi_P09_2	13	324706	152
Chi_P09_2	13	324706	281
Chi_P09_2	13	324706	385
Chi_P09_2	13	324706	181
Chi_P09_2	13	324706	101
Chi_P09_2	13	324706	221
Chi_P09_2	13	324706	159
Chi_P09_2	13	324706	133
Chi_P09_2	13	324706	111
Chi_P09_2	13	324706	153
Chi_P09_2	13	324706	172
Chi_P09_2	13	324706	180
Chi_P09_2	13	324706	177
Chi_P09_2	13	324706	128
Chi_P09_2	13	324706	136
Chi_P09_2	13	324706	211
Chi_P09_2	13	324706	76
Chi_P09_2	13	324706	27
Chi_P09_2	13	324706	14
Chi_P09_2	13	324706	133
Chi_P09_2	14	288585	181
Chi_P09_2	14	288585	114
Chi_P09_2	14	288585	129
Chi_P09_2	14	288585	80
Chi_P09_2	14	288585	171
Chi_P09_2	14	288585	154
Chi_P09_2	14	288585	111
Chi_P09_2	14	288585	106
Chi_P09_2	14	288585	76
Chi_P09_2	14	288585	237
Chi_P09_2	14	288585	139
Chi_P09_2	14	288585	124
Chi_P09_2	14	288585	102
Chi_P09_2	14	288585	38
Chi_P09_2	14	288585	101
Chi_P09_2	14	288585	108
Chi_P09_2	14	288585	70
Chi_P09_2	14	288585	66
Chi_P09_2	14	288585	149
Chi_P09_2	14	288585	58
Chi_P09_2	14	288585	240
Chi_P09_2	14	288585	101
Chi_P09_2	14	288585	98
Chi_P09_2	14	288585	71
Chi_P09_2	14	288585	86
Chi_P09_2	14	288585	121
Chi_P09_2	14	288585	156
Chi_P09_2	14	288585	121
Chi_P09_2	14	288585	102
Chi_P09_2	14	288585	164
Chi_P09_2	14	288585	134
Chi_P09_2	14	288585	118
Chi_P09_2	14	288585	128
Chi_P09_2	14	288585	111
Chi_P09_2	14	288585	118
Chi_P09_2	14	288585	90
Chi_P09_2	14	288585	92
Chi_P09_2	14	288585	150
Chi_P09_2	14	288585	178
Chi_P09_2	14	288585	231
Chi_P09_2	14	288585	140
Chi_P09_2	14	288585	104
Chi_P09_2	14	288585	117
Chi_P09_2	14	288585	105
Chi_P09_2	14	288585	140
Chi_P09_2	14	288585	84
Chi_P09_2	14	288585	89
Chi_P09_2	14	288585	91
Chi_P09_2	14	288585	110
Chi_P09_2	14	288585	158
Chi_P09_2	14	288585	181
Chi_P09_2	14	288585	135
Chi_P09_2	14	288585	324
Chi_P09_2	14	288585	162
Chi_P09_2	14	288585	123
Chi_P09_2	14	288585	112
Chi_P09_2	14	288585	97
Chi_P09_2	14	288585	186
Chi_P09_2	14	288585	271
Chi_P09_2	14	288585	100
Chi_P09_2	14	288585	154
Chi_P09_2	14	288585	124
Chi_P09_2	14	288585	134
Chi_P09_2	14	288585	141
Chi_P09_2	14	288585	344
Chi_P09_2	14	288585	118
Chi_P09_2	14	288585	280
Chi_P09_2	14	288585	165
Chi_P09_2	14	288585	122
Chi_P09_2	14	288585	100
Chi_P09_2	14	288585	118
Chi_P09_2	14	288585	139
Chi_P09_2	14	288585	191
Chi_P09_2	14	288585	129
Chi_P09_2	14	288585	205
Chi_P09_2	14	288585	231
Chi_P09_2	14	288585	920
Chi_P09_2	14	288585	108
Chi_P09_2	14	288585	246
Chi_P09_2	14	288585	104
Chi_P09_2	14	288585	142
Chi_P09_2	14	288585	79
Chi_P09_2	14	288585	163
Chi_P09_2	14	288585	112
Chi_P09_2	14	288585	155
Chi_P09_2	14	288585	179
Chi_P09_2	14	288585	122
Chi_P09_2	14	288585	135
Chi_P09_2	14	288585	191
Chi_P09_2	14	288585	120
Chi_P09_2	14	288585	308
Chi_P09_2	14	288585	116
Chi_P09_2	14	288585	661
Chi_P09_2	14	288585	203
Chi_P09_2	14	288585	107
Chi_P09_2	14	288585	85
Chi_P09_2	14	288585	185
Chi_P09_2	14	288585	140
Chi_P09_2	14	288585	283
Chi_P09_2	14	288585	270
Chi_P09_2	14	288585	128
Chi_P09_2	14	288585	226
Chi_P09_2	14	288585	170
Chi_P09_2	14	288585	107
Chi_P09_2	14	288585	94
Chi_P09_2	14	288585	88
Chi_P09_2	14	288585	78
Chi_P09_2	14	288585	135
Chi_P09_2	14	288585	120
Chi_P09_2	14	288585	140
Chi_P09_2	14	288585	286
Chi_P09_2	14	288585	133
Chi_P09_2	14	288585	127
Chi_P09_2	14	288585	123
Chi_P09_2	14	288585	69
Chi_P09_2	14	288585	122
Chi_P09_2	14	288585	189
Chi_P09_2	14	288585	79
Chi_P09_2	14	288585	333
Chi_P09_2	14	288585	111
Chi_P09_2	14	288585	108
Chi_P09_2	14	288585	114
Chi_P09_2	14	288585	144
Chi_P09_2	14	288585	331
Chi_P09_2	14	288585	166
Chi_P09_2	14	288585	150
Chi_P09_2	14	288585	197
Chi_P09_2	14	288585	284
Chi_P09_2	14	288585	142
Chi_P09_2	14	288585	149
Chi_P09_2	14	288585	351
Chi_P09_2	14	288585	334
Chi_P09_2	14	288585	15
Chi_P09_2	14	288585	19
Chi_P09_2	14	288585	133
Chi_P09_2	14	288585	132
Chi_P09_2	14	288585	112
Chi_P09_2	14	288585	149
Chi_P09_2	14	288585	1027
Chi_P09_2	14	288585	223
Chi_P09_2	14	288585	245
Chi_P09_2	14	288585	124
Chi_P09_2	14	288585	114
Chi_P09_2	14	288585	66
Chi_P09_2	14	288585	116
Chi_P09_2	14	288585	95
Chi_P09_2	14	288585	99
Chi_P09_2	14	288585	145
Chi_P09_2	14	288585	106
Chi_P09_2	14	288585	175
Chi_P09_2	14	288585	228
Chi_P09_2	14	288585	92
Chi_P09_2	14	288585	132
Chi_P09_2	14	288585	127
Chi_P09_2	14	288585	181
Chi_P09_2	14	288585	108
Chi_P09_2	14	288585	328
Chi_P09_2	14	288585	75
Chi_P09_2	14	288585	47
Chi_P09_2	14	288585	184
Chi_P09_2	14	288585	121
Chi_P09_2	14	288585	178
Chi_P09_2	14	288585	97
Chi_P09_2	14	288585	56
Chi_P09_2	14	288585	185
Chi_P09_2	14	288585	228
Chi_P09_2	14	288585	100
Chi_P09_2	14	288585	115
Chi_P09_2	14	288585	131
Chi_P09_2	14	288585	74
Chi_P09_2	15	352100	29
Chi_P09_2	15	352100	146
Chi_P09_2	15	352100	400
Chi_P09_2	15	352100	33
Chi_P09_2	15	352100	132
Chi_P09_2	15	352100	122
Chi_P09_2	15	352100	288
Chi_P09_2	15	352100	145
Chi_P09_2	15	352100	137
Chi_P09_2	15	352100	123
Chi_P09_2	15	352100	116
Chi_P09_2	15	352100	94
Chi_P09_2	15	352100	146
Chi_P09_2	15	352100	213
Chi_P09_2	15	352100	148
Chi_P09_2	15	352100	126
Chi_P09_2	15	352100	84
Chi_P09_2	15	352100	206
Chi_P09_2	15	352100	103
Chi_P09_2	15	352100	164
Chi_P09_2	15	352100	166
Chi_P09_2	15	352100	297
Chi_P09_2	15	352100	136
Chi_P09_2	15	352100	96
Chi_P09_2	15	352100	102
Chi_P09_2	15	352100	147
Chi_P09_2	15	352100	57
Chi_P09_2	15	352100	164
Chi_P09_2	15	352100	255
Chi_P09_2	15	352100	100
Chi_P09_2	15	352100	162
Chi_P09_2	15	352100	199
Chi_P09_2	15	352100	167
Chi_P09_2	15	352100	149
Chi_P09_2	15	352100	151
Chi_P09_2	15	352100	162
Chi_P09_2	15	352100	109
Chi_P09_2	15	352100	117
Chi_P09_2	15	352100	62
Chi_P09_2	15	352100	125
Chi_P09_2	15	352100	233
Chi_P09_2	15	352100	167
Chi_P09_2	15	352100	93
Chi_P09_2	15	352100	135
Chi_P09_2	15	352100	111
Chi_P09_2	15	352100	150
Chi_P09_2	15	352100	216
Chi_P09_2	15	352100	171
Chi_P09_2	15	352100	113
Chi_P09_2	15	352100	136
Chi_P09_2	15	352100	137
Chi_P09_2	15	352100	101
Chi_P09_2	15	352100	82
Chi_P09_2	15	352100	131
Chi_P09_2	15	352100	141
Chi_P09_2	15	352100	147
Chi_P09_2	15	352100	148
Chi_P09_2	15	352100	64
Chi_P09_2	15	352100	135
Chi_P09_2	15	352100	106
Chi_P09_2	15	352100	306
Chi_P09_2	15	352100	189
Chi_P09_2	15	352100	71
Chi_P09_2	15	352100	28
Chi_P09_2	15	352100	144
Chi_P09_2	15	352100	79
Chi_P09_2	15	352100	165
Chi_P09_2	15	352100	121
Chi_P09_2	15	352100	64
Chi_P09_2	15	352100	166
Chi_P09_2	15	352100	71
Chi_P09_2	15	352100	131
Chi_P09_2	15	352100	63
Chi_P09_2	15	352100	264
Chi_P09_2	15	352100	115
Chi_P09_2	15	352100	72
Chi_P09_2	15	352100	197
Chi_P09_2	15	352100	129
Chi_P09_2	15	352100	134
Chi_P09_2	15	352100	93
Chi_P09_2	15	352100	242
Chi_P09_2	15	352100	141
Chi_P09_2	15	352100	124
Chi_P09_2	15	352100	106
Chi_P09_2	15	352100	134
Chi_P09_2	15	352100	123
Chi_P09_2	15	352100	111
Chi_P09_2	15	352100	89
Chi_P09_2	15	352100	101
Chi_P09_2	15	352100	186
Chi_P09_2	15	352100	110
Chi_P09_2	15	352100	187
Chi_P09_2	15	352100	85
Chi_P09_2	15	352100	300
Chi_P09_2	15	352100	155
Chi_P09_2	15	352100	108
Chi_P09_2	15	352100	111
Chi_P09_2	15	352100	99
Chi_P09_2	15	352100	125
Chi_P09_2	15	352100	89
Chi_P09_2	15	352100	109
Chi_P09_2	15	352100	139
Chi_P09_2	15	352100	188
Chi_P09_2	15	352100	168
Chi_P09_2	15	352100	95
Chi_P09_2	15	352100	152
Chi_P09_2	15	352100	194
Chi_P09_2	15	352100	106
Chi_P09_2	15	352100	240
Chi_P09_2	15	352100	163
Chi_P09_2	15	352100	181
Chi_P09_2	15	352100	14
Chi_P09_2	15	352100	80
Chi_P09_2	15	352100	148
Chi_P09_2	15	352100	135
Chi_P09_2	15	352100	339
Chi_P09_2	15	352100	99
Chi_P09_2	15	352100	225
Chi_P09_2	15	352100	174
Chi_P09_2	15	352100	120
Chi_P09_2	15	352100	268
Chi_P09_2	15	352100	87
Chi_P09_2	15	352100	58
Chi_P09_2	15	352100	175
Chi_P09_2	15	352100	136
Chi_P09_2	15	352100	307
Chi_P09_2	15	352100	148
Chi_P09_2	15	352100	85
Chi_P09_2	15	352100	255
Chi_P09_2	15	352100	80
Chi_P09_2	15	352100	332
Chi_P09_2	15	352100	123
Chi_P09_2	15	352100	54
Chi_P09_2	15	352100	193
Chi_P09_2	15	352100	61
Chi_P09_2	15	352100	60
Chi_P09_2	15	352100	230
Chi_P09_2	15	352100	100
Chi_P09_2	15	352100	146
Chi_P09_2	15	352100	278
Chi_P09_2	15	352100	152
Chi_P09_2	15	352100	129
Chi_P09_2	15	352100	103
Chi_P09_2	15	352100	115
Chi_P09_2	15	352100	155
Chi_P09_2	15	352100	115
Chi_P09_2	15	352100	112
Chi_P09_2	15	352100	72
Chi_P09_2	15	352100	100
Chi_P09_2	15	352100	81
Chi_P09_2	15	352100	159
Chi_P09_2	15	352100	44
Chi_P09_2	15	352100	38
Chi_P09_2	15	352100	139
Chi_P09_2	15	352100	166
Chi_P09_2	15	352100	147
Chi_P09_2	15	352100	38
Chi_P09_2	15	352100	100
Chi_P09_2	15	352100	574
Chi_P09_2	15	352100	11
Chi_P09_2	15	352100	12
Chi_P09_2	15	352100	15
Chi_P09_2	15	352100	123
Chi_P09_2	15	352100	136
Chi_P09_2	15	352100	279
Chi_P09_2	15	352100	115
Chi_P09_2	16	335055	137
Chi_P09_2	16	335055	133
Chi_P09_2	16	335055	130
Chi_P09_2	16	335055	180
Chi_P09_2	16	335055	114
Chi_P09_2	16	335055	25
Chi_P09_2	16	335055	155
Chi_P09_2	16	335055	93
Chi_P09_2	16	335055	107
Chi_P09_2	16	335055	78
Chi_P09_2	16	335055	97
Chi_P09_2	16	335055	313
Chi_P09_2	16	335055	67
Chi_P09_2	16	335055	84
Chi_P09_2	16	335055	118
Chi_P09_2	16	335055	106
Chi_P09_2	16	335055	168
Chi_P09_2	16	335055	121
Chi_P09_2	16	335055	168
Chi_P09_2	16	335055	152
Chi_P09_2	16	335055	55
Chi_P09_2	16	335055	124
Chi_P09_2	16	335055	117
Chi_P09_2	16	335055	236
Chi_P09_2	16	335055	108
Chi_P09_2	16	335055	183
Chi_P09_2	16	335055	112
Chi_P09_2	16	335055	183
Chi_P09_2	16	335055	91
Chi_P09_2	16	335055	168
Chi_P09_2	16	335055	358
Chi_P09_2	16	335055	115
Chi_P09_2	16	335055	176
Chi_P09_2	16	335055	140
Chi_P09_2	16	335055	121
Chi_P09_2	16	335055	314
Chi_P09_2	16	335055	176
Chi_P09_2	16	335055	135
Chi_P09_2	16	335055	87
Chi_P09_2	16	335055	126
Chi_P09_2	16	335055	146
Chi_P09_2	16	335055	174
Chi_P09_2	16	335055	312
Chi_P09_2	16	335055	147
Chi_P09_2	16	335055	130
Chi_P09_2	16	335055	125
Chi_P09_2	16	335055	171
Chi_P09_2	16	335055	139
Chi_P09_2	16	335055	130
Chi_P09_2	16	335055	179
Chi_P09_2	16	335055	118
Chi_P09_2	16	335055	262
Chi_P09_2	16	335055	150
Chi_P09_2	16	335055	159
Chi_P09_2	16	335055	234
Chi_P09_2	16	335055	165
Chi_P09_2	16	335055	209
Chi_P09_2	16	335055	174
Chi_P09_2	16	335055	145
Chi_P09_2	16	335055	162
Chi_P09_2	16	335055	126
Chi_P09_2	16	335055	98
Chi_P09_2	16	335055	278
Chi_P09_2	16	335055	288
Chi_P09_2	16	335055	284
Chi_P09_2	16	335055	238
Chi_P09_2	16	335055	137
Chi_P09_2	16	335055	169
Chi_P09_2	16	335055	246
Chi_P09_2	16	335055	204
Chi_P09_2	16	335055	140
Chi_P09_2	16	335055	148
Chi_P09_2	16	335055	174
Chi_P09_2	16	335055	177
Chi_P09_2	16	335055	156
Chi_P09_2	16	335055	93
Chi_P09_2	16	335055	188
Chi_P09_2	16	335055	140
Chi_P09_2	16	335055	333
Chi_P09_2	16	335055	125
Chi_P09_2	16	335055	160
Chi_P09_2	16	335055	222
Chi_P09_2	16	335055	187
Chi_P09_2	16	335055	151
Chi_P09_2	16	335055	225
Chi_P09_2	16	335055	142
Chi_P09_2	16	335055	164
Chi_P09_2	16	335055	146
Chi_P09_2	16	335055	154
Chi_P09_2	16	335055	133
Chi_P09_2	16	335055	226
Chi_P09_2	16	335055	178
Chi_P09_2	16	335055	140
Chi_P09_2	16	335055	214
Chi_P09_2	16	335055	78
Chi_P09_2	16	335055	106
Chi_P09_2	16	335055	230
Chi_P09_2	16	335055	189
Chi_P09_2	16	335055	206
Chi_P09_2	16	335055	301
Chi_P09_2	16	335055	184
Chi_P09_2	16	335055	252
Chi_P09_2	16	335055	153
Chi_P09_2	16	335055	248
Chi_P09_2	16	335055	119
Chi_P09_2	16	335055	161
Chi_P09_2	16	335055	116
Chi_P09_2	16	335055	353
Chi_P09_2	16	335055	118
Chi_P09_2	16	335055	145
Chi_P09_2	16	335055	202
Chi_P09_2	16	335055	156
Chi_P09_2	16	335055	169
Chi_P09_2	16	335055	116
Chi_P09_2	16	335055	72
Chi_P09_2	16	335055	44
Chi_P09_2	16	335055	158
Chi_P09_2	16	335055	238
Chi_P09_2	16	335055	305
Chi_P09_2	16	335055	317
Chi_P09_2	16	335055	118
Chi_P09_2	16	335055	319
Chi_P09_2	16	335055	274
Chi_P09_2	16	335055	373
Chi_P09_2	16	335055	103
Chi_P09_2	16	335055	144
Chi_P09_2	16	335055	299
Chi_P09_2	16	335055	191
Chi_P09_2	16	335055	142
Chi_P09_2	16	335055	111
Chi_P09_2	16	335055	141
Chi_P09_2	16	335055	166
Chi_P09_2	16	335055	160
Chi_P09_2	16	335055	129
Chi_P09_2	16	335055	110
Chi_P09_2	16	335055	322
Chi_P09_2	16	335055	97
Chi_P09_2	16	335055	138
Chi_P09_2	16	335055	162
Chi_P09_2	16	335055	111
Chi_P09_2	16	335055	218
Chi_P09_2	16	335055	86
Chi_P09_2	16	335055	131
Chi_P09_2	16	335055	129
Chi_P09_2	17	319574	135
Chi_P09_2	17	319574	110
Chi_P09_2	17	319574	107
Chi_P09_2	17	319574	100
Chi_P09_2	17	319574	258
Chi_P09_2	17	319574	118
Chi_P09_2	17	319574	36
Chi_P09_2	17	319574	170
Chi_P09_2	17	319574	259
Chi_P09_2	17	319574	76
Chi_P09_2	17	319574	114
Chi_P09_2	17	319574	119
Chi_P09_2	17	319574	168
Chi_P09_2	17	319574	73
Chi_P09_2	17	319574	127
Chi_P09_2	17	319574	128
Chi_P09_2	17	319574	64
Chi_P09_2	17	319574	23
Chi_P09_2	17	319574	289
Chi_P09_2	17	319574	163
Chi_P09_2	17	319574	104
Chi_P09_2	17	319574	86
Chi_P09_2	17	319574	144
Chi_P09_2	17	319574	332
Chi_P09_2	17	319574	176
Chi_P09_2	17	319574	116
Chi_P09_2	17	319574	150
Chi_P09_2	17	319574	115
Chi_P09_2	17	319574	123
Chi_P09_2	17	319574	106
Chi_P09_2	17	319574	125
Chi_P09_2	17	319574	120
Chi_P09_2	17	319574	92
Chi_P09_2	17	319574	118
Chi_P09_2	17	319574	107
Chi_P09_2	17	319574	101
Chi_P09_2	17	319574	541
Chi_P09_2	17	319574	200
Chi_P09_2	17	319574	316
Chi_P09_2	17	319574	332
Chi_P09_2	17	319574	128
Chi_P09_2	17	319574	191
Chi_P09_2	17	319574	178
Chi_P09_2	17	319574	132
Chi_P09_2	17	319574	307
Chi_P09_2	17	319574	220
Chi_P09_2	17	319574	137
Chi_P09_2	17	319574	226
Chi_P09_2	17	319574	247
Chi_P09_2	17	319574	96
Chi_P09_2	17	319574	97
Chi_P09_2	17	319574	93
Chi_P09_2	17	319574	172
Chi_P09_2	17	319574	54
Chi_P09_2	17	319574	257
Chi_P09_2	17	319574	114
Chi_P09_2	17	319574	133
Chi_P09_2	17	319574	153
Chi_P09_2	17	319574	70
Chi_P09_2	17	319574	161
Chi_P09_2	17	319574	134
Chi_P09_2	17	319574	261
Chi_P09_2	17	319574	132
Chi_P09_2	17	319574	290
Chi_P09_2	17	319574	259
Chi_P09_2	17	319574	123
Chi_P09_2	17	319574	164
Chi_P09_2	17	319574	122
Chi_P09_2	17	319574	244
Chi_P09_2	17	319574	384
Chi_P09_2	17	319574	307
Chi_P09_2	17	319574	184
Chi_P09_2	17	319574	311
Chi_P09_2	17	319574	271
Chi_P09_2	17	319574	383
Chi_P09_2	17	319574	82
Chi_P09_2	17	319574	357
Chi_P09_2	17	319574	106
Chi_P09_2	17	319574	131
Chi_P09_2	17	319574	171
Chi_P09_2	17	319574	222
Chi_P09_2	17	319574	209
Chi_P09_2	17	319574	252
Chi_P09_2	17	319574	202
Chi_P09_2	17	319574	118
Chi_P09_2	17	319574	125
Chi_P09_2	17	319574	105
Chi_P09_2	17	319574	399
Chi_P09_2	17	319574	325
Chi_P09_2	17	319574	189
Chi_P09_2	17	319574	231
Chi_P09_2	17	319574	157
Chi_P09_2	17	319574	117
Chi_P09_2	17	319574	66
Chi_P09_2	17	319574	160
Chi_P09_2	17	319574	177
Chi_P09_2	17	319574	187
Chi_P09_2	17	319574	116
Chi_P09_2	17	319574	188
Chi_P09_2	17	319574	275
Chi_P09_2	17	319574	366
Chi_P09_2	17	319574	336
Chi_P09_2	17	319574	139
Chi_P09_2	17	319574	114
Chi_P09_2	17	319574	149
Chi_P09_2	17	319574	93
Chi_P09_2	17	319574	74
Chi_P09_2	17	319574	169
Chi_P09_2	17	319574	128
Chi_P09_2	17	319574	40
Chi_P09_2	17	319574	124
Chi_P09_2	17	319574	583
Chi_P09_2	17	319574	51
Chi_P09_2	17	319574	114
Chi_P09_2	17	319574	154
Chi_P09_2	17	319574	232
Chi_P09_2	17	319574	117
Chi_P09_2	17	319574	158
Chi_P09_2	17	319574	240
Chi_P09_2	17	319574	95
Chi_P09_2	17	319574	103
Chi_P09_2	17	319574	121
Chi_P09_2	17	319574	95
Chi_P09_2	17	319574	117
Chi_P09_2	17	319574	166
Chi_P09_2	17	319574	138
Chi_P09_2	17	319574	166
Chi_P09_2	17	319574	176
Chi_P09_2	17	319574	121
Chi_P09_2	17	319574	170
Chi_P09_2	17	319574	411
Chi_P09_2	17	319574	216
Chi_P09_2	17	319574	87
Chi_P09_2	17	319574	21
Chi_P09_2	17	319574	126
Chi_P09_2	17	319574	249
Chi_P09_2	17	319574	347
Chi_P09_2	17	319574	180
Chi_P09_2	17	319574	119
Chi_P09_2	17	319574	120
Chi_P09_2	17	319574	268
Chi_P09_2	17	319574	172
Chi_P09_2	17	319574	139
Chi_P09_2	17	319574	118
Chi_P09_2	17	319574	149
Chi_P09_2	17	319574	145
Chi_P09_2	17	319574	187
Chi_P09_2	17	319574	155
Chi_P09_2	17	319574	167
Chi_P09_2	17	319574	158
Chi_P09_2	17	319574	210
Chi_P09_2	17	319574	114
Chi_P09_2	17	319574	161
Chi_P09_2	17	319574	499
Chi_P09_2	17	319574	168
Chi_P09_2	17	319574	123
Chi_P09_2	17	319574	125
Chi_P09_2	17	319574	135
Chi_P09_2	17	319574	118
Chi_P09_2	17	319574	127
Chi_P09_2	17	319574	152
Chi_P09_2	17	319574	110
Chi_P09_2	17	319574	152
Chi_P09_2	17	319574	130
Chi_P09_2	17	319574	136
Chi_P09_2	17	319574	252
Chi_P09_2	17	319574	212
Chi_P09_2	17	319574	83
Chi_P09_2	17	319574	112
Chi_P09_2	17	319574	196
Chi_P09_2	17	319574	150
Chi_P09_2	17	319574	164
Chi_P09_2	17	319574	680
Chi_P09_2	17	319574	71
Chi_P09_2	17	319574	281
Chi_P09_2	17	319574	88
Chi_P09_2	18	345825	121
Chi_P09_2	18	345825	104
Chi_P09_2	18	345825	122
Chi_P09_2	18	345825	107
Chi_P09_2	18	345825	130
Chi_P09_2	18	345825	90
Chi_P09_2	18	345825	134
Chi_P09_2	18	345825	176
Chi_P09_2	18	345825	90
Chi_P09_2	18	345825	423
Chi_P09_2	18	345825	195
Chi_P09_2	18	345825	176
Chi_P09_2	18	345825	127
Chi_P09_2	18	345825	144
Chi_P09_2	18	345825	130
Chi_P09_2	18	345825	243
Chi_P09_2	18	345825	201
Chi_P09_2	18	345825	136
Chi_P09_2	18	345825	199
Chi_P09_2	18	345825	141
Chi_P09_2	18	345825	291
Chi_P09_2	18	345825	132
Chi_P09_2	18	345825	179
Chi_P09_2	18	345825	121
Chi_P09_2	18	345825	185
Chi_P09_2	18	345825	120
Chi_P09_2	18	345825	213
Chi_P09_2	18	345825	91
Chi_P09_2	18	345825	154
Chi_P09_2	18	345825	100
Chi_P09_2	18	345825	126
Chi_P09_2	18	345825	159
Chi_P09_2	18	345825	296
Chi_P09_2	18	345825	151
Chi_P09_2	18	345825	192
Chi_P09_2	18	345825	354
Chi_P09_2	18	345825	66
Chi_P09_2	18	345825	153
Chi_P09_2	18	345825	154
Chi_P09_2	18	345825	100
Chi_P09_2	18	345825	152
Chi_P09_2	18	345825	171
Chi_P09_2	18	345825	156
Chi_P09_2	18	345825	147
Chi_P09_2	18	345825	165
Chi_P09_2	18	345825	144
Chi_P09_2	18	345825	94
Chi_P09_2	18	345825	139
Chi_P09_2	18	345825	401
Chi_P09_2	18	345825	75
Chi_P09_2	18	345825	214
Chi_P09_2	18	345825	129
Chi_P09_2	18	345825	141
Chi_P09_2	18	345825	166
Chi_P09_2	18	345825	88
Chi_P09_2	18	345825	137
Chi_P09_2	18	345825	204
Chi_P09_2	18	345825	138
Chi_P09_2	18	345825	140
Chi_P09_2	18	345825	128
Chi_P09_2	18	345825	157
Chi_P09_2	18	345825	63
Chi_P09_2	18	345825	164
Chi_P09_2	18	345825	105
Chi_P09_2	18	345825	130
Chi_P09_2	18	345825	240
Chi_P09_2	18	345825	106
Chi_P09_2	18	345825	141
Chi_P09_2	18	345825	145
Chi_P09_2	18	345825	253
Chi_P09_2	18	345825	132
Chi_P09_2	18	345825	140
Chi_P09_2	18	345825	126
Chi_P09_2	18	345825	122
Chi_P09_2	18	345825	98
Chi_P09_2	18	345825	88
Chi_P09_2	18	345825	161
Chi_P09_2	18	345825	160
Chi_P09_2	18	345825	92
Chi_P09_2	18	345825	123
Chi_P09_2	18	345825	156
Chi_P09_2	18	345825	176
Chi_P09_2	18	345825	128
Chi_P09_2	18	345825	84
Chi_P09_2	18	345825	70
Chi_P09_2	18	345825	82
Chi_P09_2	18	345825	95
Chi_P09_2	18	345825	130
Chi_P09_2	18	345825	120
Chi_P09_2	18	345825	129
Chi_P09_2	18	345825	29
Chi_P09_2	18	345825	125
Chi_P09_2	18	345825	99
Chi_P09_2	18	345825	79
Chi_P09_2	18	345825	70
Chi_P09_2	18	345825	204
Chi_P09_2	18	345825	129
Chi_P09_2	18	345825	152
Chi_P09_2	18	345825	112
Chi_P09_2	18	345825	100
Chi_P09_2	18	345825	142
Chi_P09_2	18	345825	53
Chi_P09_2	18	345825	111
Chi_P09_2	18	345825	197
Chi_P09_2	18	345825	148
Chi_P09_2	18	345825	49
Chi_P09_2	18	345825	64
Chi_P09_2	18	345825	91
Chi_P09_2	18	345825	142
Chi_P09_2	18	345825	122
Chi_P09_2	18	345825	101
Chi_P09_2	18	345825	260
Chi_P09_2	18	345825	126
Chi_P09_2	18	345825	115
Chi_P09_2	18	345825	134
Chi_P09_2	18	345825	94
Chi_P09_2	18	345825	123
Chi_P09_2	18	345825	95
Chi_P09_2	18	345825	123
Chi_P09_2	18	345825	56
Chi_P09_2	18	345825	79
Chi_P09_2	18	345825	128
Chi_P09_2	18	345825	115
Chi_P09_2	18	345825	153
Chi_P09_2	18	345825	119
Chi_P09_2	18	345825	328
Chi_P09_2	18	345825	115
Chi_P09_2	18	345825	133
Chi_P09_2	18	345825	138
Chi_P09_2	18	345825	141
Chi_P09_2	18	345825	137
Chi_P09_2	18	345825	151
Chi_P09_2	18	345825	80
Chi_P09_2	18	345825	106
Chi_P09_2	18	345825	115
Chi_P09_2	18	345825	123
Chi_P09_2	18	345825	168
Chi_P09_2	18	345825	119
Chi_P09_2	18	345825	106
Chi_P09_2	18	345825	119
Chi_P09_2	18	345825	86
Chi_P09_2	18	345825	138
Chi_P09_2	18	345825	115
Chi_P09_2	18	345825	95
Chi_P09_2	18	345825	169
Chi_P09_2	18	345825	149
Chi_P09_2	18	345825	104
Chi_P09_2	18	345825	107
Chi_P09_2	18	345825	140
Chi_P09_2	18	345825	121
Chi_P09_2	18	345825	418
Chi_P09_2	18	345825	125
Chi_P09_2	18	345825	158
Chi_P09_2	18	345825	68
Chi_P09_2	18	345825	51
Chi_P09_2	18	345825	83
Chi_P09_2	18	345825	43
Chi_P09_2	18	345825	53
Chi_P09_2	18	345825	137
Chi_P09_2	18	345825	99
Chi_P09_2	18	345825	44
Chi_P09_2	18	345825	106
Chi_P09_2	18	345825	74
Chi_P09_2	18	345825	183
Chi_P09_2	18	345825	134
Chi_P09_2	18	345825	117
Chi_P09_2	18	345825	190
Chi_P09_2	18	345825	104
Chi_P09_2	18	345825	117
Chi_P09_2	18	345825	213
Chi_P09_2	18	345825	101
Chi_P09_2	18	345825	194
Chi_P09_2	18	345825	32
Chi_P09_2	18	345825	14
Chi_P09_2	18	345825	126
Chi_P09_2	18	345825	24
Chi_P09_2	18	345825	232
Chi_P09_2	18	345825	89
Chi_P09_2	18	345825	76
Chi_P09_2	18	345825	41
Chi_P09_2	19	268394	158
Chi_P09_2	19	268394	162
Chi_P09_2	19	268394	145
Chi_P09_2	19	268394	64
Chi_P09_2	19	268394	104
Chi_P09_2	19	268394	50
Chi_P09_2	19	268394	168
Chi_P09_2	19	268394	116
Chi_P09_2	19	268394	101
Chi_P09_2	19	268394	71
Chi_P09_2	19	268394	73
Chi_P09_2	19	268394	101
Chi_P09_2	19	268394	120
Chi_P09_2	19	268394	93
Chi_P09_2	19	268394	181
Chi_P09_2	19	268394	57
Chi_P09_2	19	268394	91
Chi_P09_2	19	268394	111
Chi_P09_2	19	268394	94
Chi_P09_2	19	268394	86
Chi_P09_2	19	268394	81
Chi_P09_2	19	268394	67
Chi_P09_2	19	268394	111
Chi_P09_2	19	268394	85
Chi_P09_2	19	268394	117
Chi_P09_2	19	268394	63
Chi_P09_2	19	268394	143
Chi_P09_2	19	268394	133
Chi_P09_2	19	268394	126
Chi_P09_2	19	268394	67
Chi_P09_2	19	268394	63
Chi_P09_2	19	268394	117
Chi_P09_2	19	268394	101
Chi_P09_2	19	268394	91
Chi_P09_2	19	268394	104
Chi_P09_2	19	268394	169
Chi_P09_2	19	268394	131
Chi_P09_2	19	268394	106
Chi_P09_2	19	268394	134
Chi_P09_2	19	268394	120
Chi_P09_2	19	268394	82
Chi_P09_2	19	268394	211
Chi_P09_2	19	268394	152
Chi_P09_2	19	268394	133
Chi_P09_2	19	268394	113
Chi_P09_2	19	268394	114
Chi_P09_2	19	268394	99
Chi_P09_2	19	268394	64
Chi_P09_2	19	268394	169
Chi_P09_2	19	268394	85
Chi_P09_2	19	268394	92
Chi_P09_2	19	268394	350
Chi_P09_2	19	268394	63
Chi_P09_2	19	268394	100
Chi_P09_2	19	268394	87
Chi_P09_2	19	268394	176
Chi_P09_2	19	268394	110
Chi_P09_2	19	268394	87
Chi_P09_2	19	268394	110
Chi_P09_2	19	268394	93
Chi_P09_2	19	268394	112
Chi_P09_2	19	268394	124
Chi_P09_2	19	268394	101
Chi_P09_2	19	268394	72
Chi_P09_2	19	268394	162
Chi_P09_2	19	268394	99
Chi_P09_2	19	268394	230
Chi_P09_2	19	268394	58
Chi_P09_2	19	268394	133
Chi_P09_2	19	268394	150
Chi_P09_2	19	268394	86
Chi_P09_2	19	268394	133
Chi_P09_2	19	268394	102
Chi_P09_2	19	268394	149
Chi_P09_2	19	268394	130
Chi_P09_2	19	268394	83
Chi_P09_2	19	268394	93
Chi_P09_2	19	268394	120
Chi_P09_2	19	268394	48
Chi_P09_2	19	268394	106
Chi_P09_2	19	268394	72
Chi_P09_2	19	268394	104
Chi_P09_2	19	268394	192
Chi_P09_2	19	268394	123
Chi_P09_2	19	268394	69
Chi_P09_2	19	268394	90
Chi_P09_2	19	268394	60
Chi_P09_2	19	268394	94
Chi_P09_2	19	268394	66
Chi_P09_2	19	268394	112
Chi_P09_2	19	268394	113
Chi_P09_2	19	268394	121
Chi_P09_2	19	268394	91
Chi_P09_2	20	282306	46
Chi_P09_2	20	282306	77
Chi_P09_2	20	282306	70
Chi_P09_2	20	282306	104
Chi_P09_2	20	282306	69
Chi_P09_2	20	282306	127
Chi_P09_2	20	282306	128
Chi_P09_2	20	282306	60
Chi_P09_2	20	282306	105
Chi_P09_2	20	282306	58
Chi_P09_2	20	282306	81
Chi_P09_2	20	282306	61
Chi_P09_2	20	282306	110
Chi_P09_2	20	282306	89
Chi_P09_2	20	282306	89
Chi_P09_2	20	282306	107
Chi_P09_2	20	282306	123
Chi_P09_2	20	282306	103
Chi_P09_2	20	282306	103
Chi_P09_2	20	282306	100
Chi_P09_2	20	282306	83
Chi_P09_2	20	282306	95
Chi_P09_2	20	282306	142
Chi_P09_2	20	282306	138
Chi_P09_2	20	282306	201
Chi_P09_2	20	282306	143
Chi_P09_2	20	282306	118
Chi_P09_2	20	282306	91
Chi_P09_2	20	282306	103
Chi_P09_2	20	282306	125
Chi_P09_2	20	282306	89
Chi_P09_2	20	282306	99
Chi_P09_2	20	282306	124
Chi_P09_2	20	282306	203
Chi_P09_2	20	282306	117
Chi_P09_2	20	282306	78
Chi_P09_2	20	282306	98
Chi_P09_2	20	282306	94
Chi_P09_2	20	282306	91
Chi_P09_2	20	282306	109
Chi_P09_2	20	282306	130
Chi_P09_2	20	282306	130
Chi_P09_2	20	282306	160
Chi_P09_2	20	282306	79
Chi_P09_2	20	282306	134
Chi_P09_2	20	282306	219
Chi_P09_2	20	282306	243
Chi_P09_2	20	282306	129
Chi_P09_2	20	282306	189
Chi_P09_2	20	282306	100
Chi_P09_2	20	282306	89
Chi_P09_2	20	282306	214
Chi_P09_2	20	282306	93
Chi_P09_2	20	282306	143
Chi_P09_2	20	282306	102
Chi_P09_2	20	282306	130
Chi_P09_2	20	282306	91
Chi_P09_2	20	282306	360
Chi_P09_2	20	282306	63
Chi_P09_2	20	282306	91
Chi_P09_2	20	282306	208
Chi_P09_2	20	282306	145
Chi_P09_2	20	282306	122
Chi_P09_2	20	282306	123
Chi_P09_2	20	282306	216
Chi_P09_2	20	282306	158
Chi_P09_2	20	282306	98
Chi_P09_2	20	282306	107
Chi_P09_2	20	282306	221
Chi_P09_2	20	282306	84
Chi_P09_2	20	282306	102
Chi_P09_2	20	282306	130
Chi_P09_2	20	282306	102
Chi_P09_2	20	282306	101
Chi_P09_2	20	282306	65
Chi_P09_2	20	282306	53
Chi_P09_2	20	282306	82
Chi_P09_2	20	282306	139
Chi_P09_2	20	282306	88
Chi_P09_2	20	282306	133
Chi_P09_2	20	282306	102
Chi_P09_2	20	282306	99
Chi_P09_2	20	282306	89
Chi_P09_2	20	282306	107
Chi_P09_2	20	282306	133
Chi_P09_2	20	282306	196
Chi_P09_2	20	282306	135
Chi_P09_2	20	282306	104
Chi_P09_2	20	282306	68
Chi_P09_2	20	282306	99
Chi_P09_2	20	282306	124
Chi_P09_2	20	282306	64
Chi_P09_2	20	282306	87
Chi_P09_2	20	282306	124
Chi_P09_2	20	282306	106
Chi_P09_2	20	282306	129
Chi_P09_2	20	282306	77
Chi_P09_2	20	282306	90
Chi_P09_2	20	282306	88
Chi_P09_2	20	282306	13
Chi_P09_2	20	282306	112
Chi_P09_2	21	312688	12
Chi_P09_2	21	312688	38
Chi_P09_2	21	312688	29
Chi_P09_2	21	312688	84
Chi_P09_2	21	312688	90
Chi_P09_2	21	312688	111
Chi_P09_2	21	312688	134
Chi_P09_2	21	312688	53
Chi_P09_2	21	312688	123
Chi_P09_2	21	312688	142
Chi_P09_2	21	312688	129
Chi_P09_2	21	312688	93
Chi_P09_2	21	312688	104
Chi_P09_2	21	312688	68
Chi_P09_2	21	312688	102
Chi_P09_2	21	312688	125
Chi_P09_2	21	312688	94
Chi_P09_2	21	312688	116
Chi_P09_2	21	312688	459
Chi_P09_2	21	312688	105
Chi_P09_2	21	312688	84
Chi_P09_2	21	312688	284
Chi_P09_2	21	312688	96
Chi_P09_2	21	312688	70
Chi_P09_2	21	312688	129
Chi_P09_2	21	312688	102
Chi_P09_2	21	312688	189
Chi_P09_2	21	312688	152
Chi_P09_2	21	312688	146
Chi_P09_2	21	312688	101
Chi_P09_2	21	312688	143
Chi_P09_2	21	312688	118
Chi_P09_2	21	312688	151
Chi_P09_2	21	312688	227
Chi_P09_2	21	312688	140
Chi_P09_2	21	312688	95
Chi_P09_2	21	312688	184
Chi_P09_2	21	312688	109
Chi_P09_2	21	312688	121
Chi_P09_2	21	312688	92
Chi_P09_2	21	312688	73
Chi_P09_2	21	312688	144
Chi_P09_2	21	312688	104
Chi_P09_2	21	312688	213
Chi_P09_2	21	312688	170
Chi_P09_2	21	312688	70
Chi_P09_2	21	312688	170
Chi_P09_2	21	312688	124
Chi_P09_2	21	312688	239
Chi_P09_2	21	312688	144
Chi_P09_2	21	312688	110
Chi_P09_2	21	312688	59
Chi_P09_2	21	312688	184
Chi_P09_2	21	312688	136
Chi_P09_2	21	312688	105
Chi_P09_2	21	312688	125
Chi_P09_2	21	312688	71
Chi_P09_2	21	312688	109
Chi_P09_2	21	312688	305
Chi_P09_2	21	312688	139
Chi_P09_2	21	312688	86
Chi_P09_2	21	312688	169
Chi_P09_2	21	312688	64
Chi_P09_2	21	312688	40
Chi_P09_2	21	312688	60
Chi_P09_2	21	312688	183
Chi_P09_2	21	312688	120
Chi_P09_2	21	312688	138
Chi_P09_2	21	312688	28
Chi_P09_2	21	312688	88
Chi_P09_2	21	312688	367
Chi_P09_2	21	312688	168
Chi_P09_2	21	312688	136
Chi_P09_2	21	312688	93
Chi_P09_2	21	312688	193
Chi_P09_2	21	312688	95
Chi_P09_2	21	312688	82
Chi_P09_2	21	312688	86
Chi_P09_2	21	312688	85
Chi_P09_2	21	312688	82
Chi_P09_2	21	312688	286
Chi_P09_2	21	312688	90
Chi_P09_2	21	312688	225
Chi_P09_2	21	312688	270
Chi_P09_2	21	312688	75
Chi_P09_2	21	312688	84
Chi_P09_2	21	312688	139
Chi_P09_2	21	312688	67
Chi_P09_2	21	312688	188
Chi_P09_2	21	312688	76
Chi_P09_2	21	312688	140
Chi_P09_2	21	312688	60
Chi_P09_2	21	312688	89
Chi_P09_2	21	312688	118
Chi_P09_2	21	312688	140
Chi_P09_2	21	312688	94
Chi_P09_2	21	312688	214
Chi_P09_2	21	312688	118
Chi_P09_2	21	312688	168
Chi_P09_2	21	312688	86
Chi_P09_2	21	312688	127
Chi_P09_2	21	312688	81
Chi_P09_2	21	312688	180
Chi_P09_2	21	312688	56
Chi_P09_2	21	312688	197
Chi_P09_2	21	312688	173
Chi_P09_2	21	312688	162
Chi_P09_2	21	312688	79
Chi_P09_2	21	312688	77
Chi_P09_2	21	312688	145
Chi_P09_2	21	312688	153
Chi_P09_2	21	312688	104
Chi_P09_2	21	312688	197
Chi_P09_2	21	312688	106
Chi_P09_2	21	312688	91
Chi_P09_2	21	312688	169
Chi_P09_2	21	312688	223
Chi_P09_2	21	312688	106
Chi_P09_2	21	312688	271
Chi_P09_2	21	312688	65
Chi_P09_2	22	320780	74
Chi_P09_2	22	320780	42
Chi_P09_2	22	320780	46
Chi_P09_2	22	320780	166
Chi_P09_2	22	320780	65
Chi_P09_2	22	320780	40
Chi_P09_2	22	320780	47
Chi_P09_2	22	320780	38
Chi_P09_2	22	320780	101
Chi_P09_2	22	320780	95
Chi_P09_2	22	320780	98
Chi_P09_2	22	320780	117
Chi_P09_2	22	320780	80
Chi_P09_2	22	320780	57
Chi_P09_2	22	320780	134
Chi_P09_2	22	320780	137
Chi_P09_2	22	320780	308
Chi_P09_2	22	320780	128
Chi_P09_2	22	320780	110
Chi_P09_2	22	320780	144
Chi_P09_2	22	320780	86
Chi_P09_2	22	320780	127
Chi_P09_2	22	320780	156
Chi_P09_2	22	320780	126
Chi_P09_2	22	320780	164
Chi_P09_2	22	320780	116
Chi_P09_2	22	320780	123
Chi_P09_2	22	320780	78
Chi_P09_2	22	320780	85
Chi_P09_2	22	320780	80
Chi_P09_2	22	320780	144
Chi_P09_2	22	320780	168
Chi_P09_2	22	320780	131
Chi_P09_2	22	320780	106
Chi_P09_2	22	320780	60
Chi_P09_2	22	320780	85
Chi_P09_2	22	320780	75
Chi_P09_2	22	320780	147
Chi_P09_2	22	320780	83
Chi_P09_2	22	320780	112
Chi_P09_2	22	320780	93
Chi_P09_2	22	320780	135
Chi_P09_2	22	320780	150
Chi_P09_2	22	320780	162
Chi_P09_2	22	320780	133
Chi_P09_2	22	320780	69
Chi_P09_2	22	320780	110
Chi_P09_2	22	320780	139
Chi_P09_2	22	320780	81
Chi_P09_2	22	320780	125
Chi_P09_2	22	320780	140
Chi_P09_2	22	320780	48
Chi_P09_2	22	320780	81
Chi_P09_2	22	320780	82
Chi_P09_2	22	320780	116
Chi_P09_2	22	320780	75
Chi_P09_2	22	320780	93
Chi_P09_2	22	320780	101
Chi_P09_2	22	320780	18
Chi_P09_2	22	320780	140
Chi_P09_2	22	320780	253
Chi_P09_2	22	320780	103
Chi_P09_2	22	320780	76
Chi_P09_2	22	320780	225
Chi_P09_2	22	320780	90
Chi_P09_2	22	320780	114
Chi_P09_2	22	320780	62
Chi_P09_2	22	320780	76
Chi_P09_2	22	320780	326
Chi_P09_2	22	320780	177
Chi_P09_2	22	320780	70
Chi_P09_2	22	320780	59
Chi_P09_2	22	320780	248
Chi_P09_2	22	320780	78
Chi_P09_2	22	320780	136
Chi_P09_2	22	320780	328
Chi_P09_2	22	320780	157
Chi_P09_2	22	320780	91
Chi_P09_2	22	320780	65
Chi_P09_2	22	320780	94
Chi_P09_2	22	320780	162
Chi_P09_2	22	320780	102
Chi_P09_2	22	320780	152
Chi_P09_2	22	320780	184
Chi_P09_2	22	320780	198
Chi_P09_2	22	320780	73
Chi_P09_2	22	320780	128
Chi_P09_2	22	320780	70
Chi_P09_2	22	320780	216
Chi_P09_2	22	320780	160
Chi_P09_2	22	320780	48
Chi_P09_2	22	320780	68
Chi_P09_2	22	320780	48
Chi_P09_2	22	320780	80
Chi_P09_2	22	320780	52
Chi_P09_2	22	320780	147
Chi_P09_2	22	320780	79
Chi_P09_2	22	320780	108
Chi_P09_2	22	320780	10
Chi_P09_2	22	320780	104
Chi_P09_2	22	320780	94
Chi_P09_2	22	320780	92
Chi_P09_2	22	320780	195
Chi_P09_2	22	320780	115
Chi_P09_2	22	320780	108
Chi_P09_2	23	322888	153
Chi_P09_2	23	322888	70
Chi_P09_2	23	322888	172
Chi_P09_2	23	322888	111
Chi_P09_2	23	322888	90
Chi_P09_2	23	322888	95
Chi_P09_2	23	322888	335
Chi_P09_2	23	322888	142
Chi_P09_2	23	322888	122
Chi_P09_2	23	322888	140
Chi_P09_2	23	322888	101
Chi_P09_2	23	322888	110
Chi_P09_2	23	322888	95
Chi_P09_2	23	322888	156
Chi_P09_2	23	322888	109
Chi_P09_2	23	322888	158
Chi_P09_2	23	322888	98
Chi_P09_2	23	322888	105
Chi_P09_2	23	322888	124
Chi_P09_2	23	322888	208
Chi_P09_2	23	322888	100
Chi_P09_2	23	322888	104
Chi_P09_2	23	322888	121
Chi_P09_2	23	322888	115
Chi_P09_2	23	322888	99
Chi_P09_2	23	322888	135
Chi_P09_2	23	322888	117
Chi_P09_2	23	322888	183
Chi_P09_2	23	322888	89
Chi_P09_2	23	322888	71
Chi_P09_2	23	322888	56
Chi_P09_2	23	322888	115
Chi_P09_2	23	322888	104
Chi_P09_2	23	322888	163
Chi_P09_2	23	322888	79
Chi_P09_2	23	322888	113
Chi_P09_2	23	322888	98
Chi_P09_2	23	322888	95
Chi_P09_2	23	322888	84
Chi_P09_2	23	322888	74
Chi_P09_2	23	322888	102
Chi_P09_2	23	322888	129
Chi_P09_2	23	322888	286
Chi_P09_2	23	322888	85
Chi_P09_2	23	322888	91
Chi_P09_2	23	322888	129
Chi_P09_2	23	322888	111
Chi_P09_2	23	322888	99
Chi_P09_2	23	322888	181
Chi_P09_2	23	322888	272
Chi_P09_2	23	322888	53
Chi_P09_2	23	322888	45
Chi_P09_2	23	322888	202
Chi_P09_2	23	322888	458
Chi_P09_2	23	322888	187
Chi_P09_2	23	322888	124
Chi_P09_2	23	322888	134
Chi_P09_2	23	322888	145
Chi_P09_2	23	322888	185
Chi_P09_2	23	322888	263
Chi_P09_2	23	322888	102
Chi_P09_2	23	322888	132
Chi_P09_2	23	322888	47
Chi_P09_2	23	322888	111
Chi_P09_2	23	322888	122
Chi_P09_2	23	322888	170
Chi_P09_2	23	322888	385
Chi_P09_2	23	322888	107
Chi_P09_2	23	322888	85
Chi_P09_2	23	322888	75
Chi_P09_2	23	322888	124
Chi_P09_2	23	322888	102
Chi_P09_2	23	322888	104
Chi_P09_2	23	322888	127
Chi_P09_2	23	322888	120
Chi_P09_2	23	322888	109
Chi_P09_2	23	322888	152
Chi_P09_2	23	322888	92
Chi_P09_2	23	322888	157
Chi_P09_2	23	322888	123
Chi_P09_2	23	322888	106
Chi_P09_2	23	322888	110
Chi_P09_2	23	322888	111
Chi_P09_2	23	322888	67
Chi_P09_2	23	322888	149
Chi_P09_2	23	322888	64
Chi_P09_2	23	322888	116
Chi_P09_2	23	322888	109
Chi_P09_2	23	322888	102
Chi_P09_2	23	322888	141
Chi_P09_2	23	322888	113
Chi_P09_2	23	322888	126
Chi_P09_2	23	322888	85
Chi_P09_2	23	322888	307
Chi_P09_2	23	322888	122
Chi_P09_2	23	322888	56
Chi_P09_2	23	322888	110
Chi_P09_2	23	322888	187
Chi_P09_2	23	322888	156
Chi_P09_2	23	322888	69
Chi_P09_2	23	322888	88
Chi_P09_2	23	322888	277
Chi_P09_2	23	322888	135
Chi_P09_2	23	322888	123
Chi_P09_2	23	322888	146
Chi_P09_2	23	322888	203
Chi_P09_2	23	322888	112
Chi_P09_2	23	322888	96
Chi_P09_2	23	322888	105
Chi_P09_2	23	322888	131
Chi_P09_2	23	322888	138
Chi_P09_2	23	322888	78
Chi_P09_2	23	322888	83
Chi_P09_2	23	322888	154
Chi_P09_2	23	322888	24
Chi_P09_2	23	322888	144
Chi_P09_2	23	322888	135
Chi_P09_2	23	322888	157
Chi_P09_2	23	322888	136
Chi_P09_2	23	322888	304
Chi_P09_2	23	322888	112
Chi_P09_2	23	322888	131
Chi_P09_2	23	322888	73
Chi_P09_2	23	322888	110
Chi_P09_2	23	322888	116
Chi_P09_2	23	322888	81
Chi_P09_2	23	322888	120
Chi_P09_2	23	322888	70
Chi_P09_2	23	322888	70
Chi_P09_2	23	322888	60
Chi_P09_2	23	322888	99
Chi_P09_2	23	322888	176
Chi_P09_2	23	322888	60
Chi_P09_2	23	322888	119
Chi_P09_2	23	322888	124
Chi_P09_2	23	322888	98
Chi_P09_2	23	322888	110
Chi_P09_2	23	322888	148
Chi_P09_2	23	322888	128
Chi_P09_2	23	322888	99
Chi_P09_2	23	322888	270
Chi_P09_2	23	322888	86
Chi_P09_2	23	322888	92
Chi_P09_2	23	322888	132
Chi_P09_2	23	322888	142
Chi_P09_2	23	322888	115
Chi_P09_2	23	322888	131
Chi_P09_2	23	322888	28
Chi_P09_2	23	322888	45
Chi_P09_2	23	322888	10
Chi_P09_2	23	322888	84
Chi_P09_2	23	322888	183
Chi_P09_2	24	322477	53
Chi_P09_2	24	322477	416
Chi_P09_2	24	322477	154
Chi_P09_2	24	322477	172
Chi_P09_2	24	322477	159
Chi_P09_2	24	322477	123
Chi_P09_2	24	322477	138
Chi_P09_2	24	322477	150
Chi_P09_2	24	322477	143
Chi_P09_2	24	322477	136
Chi_P09_2	24	322477	207
Chi_P09_2	24	322477	93
Chi_P09_2	24	322477	140
Chi_P09_2	24	322477	144
Chi_P09_2	24	322477	154
Chi_P09_2	24	322477	211
Chi_P09_2	24	322477	94
Chi_P09_2	24	322477	130
Chi_P09_2	24	322477	154
Chi_P09_2	24	322477	167
Chi_P09_2	24	322477	166
Chi_P09_2	24	322477	136
Chi_P09_2	24	322477	249
Chi_P09_2	24	322477	109
Chi_P09_2	24	322477	310
Chi_P09_2	24	322477	144
Chi_P09_2	24	322477	368
Chi_P09_2	24	322477	153
Chi_P09_2	24	322477	242
Chi_P09_2	24	322477	141
Chi_P09_2	24	322477	283
Chi_P09_2	24	322477	119
Chi_P09_2	24	322477	105
Chi_P09_2	24	322477	166
Chi_P09_2	24	322477	84
Chi_P09_2	24	322477	117
Chi_P09_2	24	322477	106
Chi_P09_2	24	322477	190
Chi_P09_2	24	322477	67
Chi_P09_2	24	322477	168
Chi_P09_2	24	322477	112
Chi_P09_2	24	322477	63
Chi_P09_2	24	322477	146
Chi_P09_2	24	322477	106
Chi_P09_2	24	322477	105
Chi_P09_2	24	322477	115
Chi_P09_2	24	322477	149
Chi_P09_2	24	322477	148
Chi_P09_2	24	322477	164
Chi_P09_2	24	322477	91
Chi_P09_2	24	322477	112
Chi_P09_2	24	322477	123
Chi_P09_2	24	322477	76
Chi_P09_2	24	322477	105
Chi_P09_2	24	322477	139
Chi_P09_2	24	322477	119
Chi_P09_2	24	322477	181
Chi_P09_2	24	322477	168
Chi_P09_2	24	322477	133
Chi_P09_2	24	322477	232
Chi_P09_2	24	322477	188
Chi_P09_2	24	322477	105
Chi_P09_2	24	322477	89
Chi_P09_2	24	322477	54
Chi_P09_2	24	322477	102
Chi_P09_2	24	322477	116
Chi_P09_2	24	322477	95
Chi_P09_2	24	322477	103
Chi_P09_2	24	322477	229
Chi_P09_2	24	322477	137
Chi_P09_2	24	322477	156
Chi_P09_2	24	322477	152
Chi_P09_2	24	322477	274
Chi_P09_2	24	322477	230
Chi_P09_2	24	322477	72
Chi_P09_2	24	322477	114
Chi_P09_2	24	322477	285
Chi_P09_2	24	322477	59
Chi_P09_2	24	322477	196
Chi_P09_2	24	322477	155
Chi_P09_2	24	322477	120
Chi_P09_2	24	322477	181
Chi_P09_2	24	322477	147
Chi_P09_2	24	322477	342
Chi_P09_2	24	322477	149
Chi_P09_2	24	322477	90
Chi_P09_2	24	322477	88
Chi_P09_2	24	322477	143
Chi_P09_2	24	322477	160
Chi_P09_2	24	322477	175
Chi_P09_2	24	322477	80
Chi_P09_2	24	322477	60
Chi_P09_2	24	322477	158
Chi_P09_2	24	322477	101
Chi_P09_2	24	322477	186
Chi_P09_2	24	322477	299
Chi_P09_2	24	322477	150
Chi_P09_2	24	322477	141
Chi_P09_2	24	322477	62
Chi_P09_2	24	322477	149
Chi_P09_2	24	322477	117
Chi_P09_2	24	322477	192
Chi_P09_2	24	322477	131
Chi_P09_2	24	322477	109
Chi_P09_2	24	322477	116
Chi_P09_2	24	322477	60
Chi_P09_2	24	322477	94
Chi_P09_2	24	322477	280
Chi_P09_2	24	322477	144
Chi_P09_2	24	322477	177
Chi_P09_2	24	322477	124
Chi_P09_2	24	322477	120
Chi_P09_2	24	322477	239
Chi_P09_2	24	322477	31
Chi_P09_2	24	322477	98
Chi_P09_2	24	322477	128
Chi_P09_2	24	322477	108
Chi_P09_2	24	322477	129
Chi_P09_2	24	322477	140
Chi_P09_2	24	322477	109
Chi_P09_2	24	322477	70
Chi_P09_2	24	322477	128
Chi_P09_2	24	322477	147
Chi_P09_2	24	322477	118
Chi_P09_2	24	322477	126
Chi_P09_2	24	322477	114
Chi_P09_2	24	322477	51
Chi_P09_2	24	322477	137
Chi_P09_2	24	322477	184
Chi_P09_2	24	322477	101
Chi_P09_2	24	322477	207
Chi_P09_2	24	322477	126
Chi_P09_2	24	322477	18
Chi_P09_2	24	322477	164
Chi_P09_2	24	322477	255
Chi_P09_2	24	322477	91
Chi_P09_2	24	322477	80
Chi_P09_2	24	322477	23
