fichier	leaf	surfaceLeaf	surfaceLesion
Chi_P09_1	1	273402	76
Chi_P09_1	1	273402	95
Chi_P09_1	1	273402	112
Chi_P09_1	1	273402	96
Chi_P09_1	1	273402	168
Chi_P09_1	1	273402	222
Chi_P09_1	1	273402	21
Chi_P09_1	1	273402	167
Chi_P09_1	1	273402	222
Chi_P09_1	1	273402	84
Chi_P09_1	1	273402	144
Chi_P09_1	1	273402	79
Chi_P09_1	1	273402	137
Chi_P09_1	1	273402	68
Chi_P09_1	1	273402	30
Chi_P09_1	1	273402	153
Chi_P09_1	1	273402	54
Chi_P09_1	1	273402	101
Chi_P09_1	1	273402	116
Chi_P09_1	1	273402	109
Chi_P09_1	1	273402	62
Chi_P09_1	1	273402	112
Chi_P09_1	1	273402	139
Chi_P09_1	1	273402	76
Chi_P09_1	1	273402	70
Chi_P09_1	1	273402	94
Chi_P09_1	1	273402	231
Chi_P09_1	1	273402	103
Chi_P09_1	1	273402	33
Chi_P09_1	1	273402	106
Chi_P09_1	1	273402	96
Chi_P09_1	1	273402	66
Chi_P09_1	1	273402	102
Chi_P09_1	1	273402	94
Chi_P09_1	1	273402	101
Chi_P09_1	1	273402	112
Chi_P09_1	1	273402	130
Chi_P09_1	1	273402	294
Chi_P09_1	1	273402	33
Chi_P09_1	1	273402	123
Chi_P09_1	1	273402	449
Chi_P09_1	1	273402	153
Chi_P09_1	1	273402	95
Chi_P09_1	1	273402	126
Chi_P09_1	1	273402	115
Chi_P09_1	1	273402	100
Chi_P09_1	1	273402	97
Chi_P09_1	1	273402	100
Chi_P09_1	1	273402	210
Chi_P09_1	1	273402	139
Chi_P09_1	1	273402	130
Chi_P09_1	1	273402	48
Chi_P09_1	1	273402	73
Chi_P09_1	1	273402	104
Chi_P09_1	1	273402	101
Chi_P09_1	1	273402	122
Chi_P09_1	1	273402	79
Chi_P09_1	1	273402	100
Chi_P09_1	1	273402	70
Chi_P09_1	1	273402	127
Chi_P09_1	1	273402	96
Chi_P09_1	1	273402	112
Chi_P09_1	1	273402	125
Chi_P09_1	1	273402	125
Chi_P09_1	1	273402	118
Chi_P09_1	1	273402	102
Chi_P09_1	1	273402	135
Chi_P09_1	1	273402	156
Chi_P09_1	1	273402	141
Chi_P09_1	1	273402	100
Chi_P09_1	1	273402	224
Chi_P09_1	1	273402	167
Chi_P09_1	1	273402	172
Chi_P09_1	1	273402	217
Chi_P09_1	1	273402	136
Chi_P09_1	1	273402	121
Chi_P09_1	1	273402	61
Chi_P09_1	1	273402	310
Chi_P09_1	1	273402	98
Chi_P09_1	1	273402	157
Chi_P09_1	1	273402	96
Chi_P09_1	1	273402	451
Chi_P09_1	1	273402	144
Chi_P09_1	1	273402	237
Chi_P09_1	1	273402	162
Chi_P09_1	1	273402	58
Chi_P09_1	1	273402	97
Chi_P09_1	1	273402	167
Chi_P09_1	1	273402	123
Chi_P09_1	1	273402	243
Chi_P09_1	1	273402	135
Chi_P09_1	1	273402	260
Chi_P09_1	1	273402	146
Chi_P09_1	1	273402	240
Chi_P09_1	1	273402	284
Chi_P09_1	1	273402	120
Chi_P09_1	1	273402	145
Chi_P09_1	1	273402	182
Chi_P09_1	1	273402	290
Chi_P09_1	1	273402	112
Chi_P09_1	1	273402	150
Chi_P09_1	1	273402	64
Chi_P09_1	1	273402	136
Chi_P09_1	1	273402	138
Chi_P09_1	1	273402	16
Chi_P09_1	1	273402	146
Chi_P09_1	1	273402	95
Chi_P09_1	1	273402	77
Chi_P09_1	1	273402	208
Chi_P09_1	1	273402	108
Chi_P09_1	1	273402	68
Chi_P09_1	1	273402	87
Chi_P09_1	1	273402	108
Chi_P09_1	1	273402	93
Chi_P09_1	1	273402	150
Chi_P09_1	1	273402	113
Chi_P09_1	1	273402	337
Chi_P09_1	1	273402	96
Chi_P09_1	1	273402	87
Chi_P09_1	1	273402	205
Chi_P09_1	1	273402	48
Chi_P09_1	1	273402	130
Chi_P09_1	1	273402	132
Chi_P09_1	1	273402	121
Chi_P09_1	1	273402	138
Chi_P09_1	1	273402	289
Chi_P09_1	1	273402	512
Chi_P09_1	1	273402	169
Chi_P09_1	1	273402	105
Chi_P09_1	1	273402	127
Chi_P09_1	1	273402	186
Chi_P09_1	1	273402	323
Chi_P09_1	1	273402	236
Chi_P09_1	1	273402	163
Chi_P09_1	1	273402	125
Chi_P09_1	1	273402	135
Chi_P09_1	1	273402	204
Chi_P09_1	1	273402	148
Chi_P09_1	1	273402	107
Chi_P09_1	1	273402	82
Chi_P09_1	1	273402	95
Chi_P09_1	1	273402	42
Chi_P09_1	2	274321	177
Chi_P09_1	2	274321	241
Chi_P09_1	2	274321	143
Chi_P09_1	2	274321	303
Chi_P09_1	2	274321	272
Chi_P09_1	2	274321	92
Chi_P09_1	2	274321	141
Chi_P09_1	2	274321	311
Chi_P09_1	2	274321	214
Chi_P09_1	2	274321	159
Chi_P09_1	2	274321	190
Chi_P09_1	2	274321	338
Chi_P09_1	2	274321	436
Chi_P09_1	2	274321	128
Chi_P09_1	2	274321	160
Chi_P09_1	2	274321	93
Chi_P09_1	2	274321	190
Chi_P09_1	2	274321	230
Chi_P09_1	2	274321	261
Chi_P09_1	2	274321	167
Chi_P09_1	2	274321	196
Chi_P09_1	2	274321	183
Chi_P09_1	2	274321	182
Chi_P09_1	2	274321	157
Chi_P09_1	2	274321	183
Chi_P09_1	2	274321	188
Chi_P09_1	2	274321	196
Chi_P09_1	2	274321	146
Chi_P09_1	2	274321	175
Chi_P09_1	2	274321	99
Chi_P09_1	2	274321	234
Chi_P09_1	2	274321	136
Chi_P09_1	2	274321	106
Chi_P09_1	2	274321	144
Chi_P09_1	2	274321	170
Chi_P09_1	2	274321	126
Chi_P09_1	2	274321	172
Chi_P09_1	2	274321	143
Chi_P09_1	2	274321	114
Chi_P09_1	2	274321	319
Chi_P09_1	2	274321	30
Chi_P09_1	2	274321	138
Chi_P09_1	2	274321	102
Chi_P09_1	2	274321	136
Chi_P09_1	2	274321	122
Chi_P09_1	2	274321	131
Chi_P09_1	2	274321	181
Chi_P09_1	2	274321	118
Chi_P09_1	2	274321	168
Chi_P09_1	2	274321	111
Chi_P09_1	2	274321	207
Chi_P09_1	2	274321	304
Chi_P09_1	2	274321	252
Chi_P09_1	2	274321	157
Chi_P09_1	2	274321	211
Chi_P09_1	2	274321	273
Chi_P09_1	2	274321	124
Chi_P09_1	2	274321	157
Chi_P09_1	2	274321	129
Chi_P09_1	2	274321	116
Chi_P09_1	2	274321	65
Chi_P09_1	2	274321	117
Chi_P09_1	2	274321	176
Chi_P09_1	2	274321	123
Chi_P09_1	2	274321	21
Chi_P09_1	2	274321	96
Chi_P09_1	2	274321	158
Chi_P09_1	2	274321	108
Chi_P09_1	2	274321	112
Chi_P09_1	2	274321	116
Chi_P09_1	2	274321	185
Chi_P09_1	2	274321	78
Chi_P09_1	2	274321	106
Chi_P09_1	2	274321	146
Chi_P09_1	2	274321	137
Chi_P09_1	2	274321	123
Chi_P09_1	2	274321	124
Chi_P09_1	2	274321	191
Chi_P09_1	2	274321	133
Chi_P09_1	2	274321	134
Chi_P09_1	2	274321	121
Chi_P09_1	2	274321	179
Chi_P09_1	2	274321	199
Chi_P09_1	2	274321	180
Chi_P09_1	2	274321	166
Chi_P09_1	2	274321	151
Chi_P09_1	2	274321	454
Chi_P09_1	2	274321	162
Chi_P09_1	2	274321	199
Chi_P09_1	2	274321	208
Chi_P09_1	2	274321	134
Chi_P09_1	2	274321	306
Chi_P09_1	2	274321	174
Chi_P09_1	2	274321	92
Chi_P09_1	2	274321	217
Chi_P09_1	2	274321	82
Chi_P09_1	2	274321	114
Chi_P09_1	2	274321	78
Chi_P09_1	2	274321	94
Chi_P09_1	2	274321	142
Chi_P09_1	2	274321	79
Chi_P09_1	2	274321	104
Chi_P09_1	2	274321	169
Chi_P09_1	2	274321	90
Chi_P09_1	2	274321	129
Chi_P09_1	2	274321	143
Chi_P09_1	2	274321	117
Chi_P09_1	3	200915	73
Chi_P09_1	3	200915	115
Chi_P09_1	3	200915	82
Chi_P09_1	3	200915	90
Chi_P09_1	3	200915	110
Chi_P09_1	3	200915	34
Chi_P09_1	3	200915	30
Chi_P09_1	3	200915	189
Chi_P09_1	3	200915	128
Chi_P09_1	3	200915	162
Chi_P09_1	3	200915	142
Chi_P09_1	3	200915	83
Chi_P09_1	3	200915	130
Chi_P09_1	3	200915	130
Chi_P09_1	3	200915	89
Chi_P09_1	3	200915	130
Chi_P09_1	3	200915	96
Chi_P09_1	3	200915	144
Chi_P09_1	3	200915	138
Chi_P09_1	3	200915	280
Chi_P09_1	3	200915	18
Chi_P09_1	3	200915	118
Chi_P09_1	3	200915	114
Chi_P09_1	3	200915	95
Chi_P09_1	3	200915	89
Chi_P09_1	3	200915	151
Chi_P09_1	3	200915	109
Chi_P09_1	3	200915	214
Chi_P09_1	3	200915	116
Chi_P09_1	3	200915	86
Chi_P09_1	3	200915	224
Chi_P09_1	3	200915	131
Chi_P09_1	3	200915	125
Chi_P09_1	3	200915	192
Chi_P09_1	3	200915	192
Chi_P09_1	3	200915	69
Chi_P09_1	3	200915	80
Chi_P09_1	3	200915	177
Chi_P09_1	3	200915	81
Chi_P09_1	3	200915	324
Chi_P09_1	3	200915	110
Chi_P09_1	3	200915	83
Chi_P09_1	3	200915	115
Chi_P09_1	3	200915	64
Chi_P09_1	3	200915	78
Chi_P09_1	3	200915	60
Chi_P09_1	3	200915	113
Chi_P09_1	3	200915	252
Chi_P09_1	3	200915	69
Chi_P09_1	3	200915	168
Chi_P09_1	3	200915	165
Chi_P09_1	3	200915	96
Chi_P09_1	3	200915	154
Chi_P09_1	3	200915	91
Chi_P09_1	3	200915	112
Chi_P09_1	3	200915	90
Chi_P09_1	3	200915	125
Chi_P09_1	3	200915	190
Chi_P09_1	3	200915	111
Chi_P09_1	3	200915	173
Chi_P09_1	3	200915	147
Chi_P09_1	3	200915	220
Chi_P09_1	3	200915	147
Chi_P09_1	3	200915	96
Chi_P09_1	3	200915	429
Chi_P09_1	3	200915	205
Chi_P09_1	3	200915	127
Chi_P09_1	3	200915	149
Chi_P09_1	3	200915	142
Chi_P09_1	3	200915	146
Chi_P09_1	3	200915	132
Chi_P09_1	3	200915	200
Chi_P09_1	3	200915	126
Chi_P09_1	3	200915	107
Chi_P09_1	3	200915	316
Chi_P09_1	3	200915	216
Chi_P09_1	3	200915	314
Chi_P09_1	3	200915	108
Chi_P09_1	3	200915	98
Chi_P09_1	3	200915	505
Chi_P09_1	3	200915	246
Chi_P09_1	3	200915	86
Chi_P09_1	3	200915	180
Chi_P09_1	3	200915	271
Chi_P09_1	4	262516	84
Chi_P09_1	4	262516	121
Chi_P09_1	4	262516	77
Chi_P09_1	4	262516	146
Chi_P09_1	4	262516	129
Chi_P09_1	4	262516	164
Chi_P09_1	4	262516	102
Chi_P09_1	4	262516	84
Chi_P09_1	4	262516	84
Chi_P09_1	4	262516	86
Chi_P09_1	4	262516	167
Chi_P09_1	4	262516	116
Chi_P09_1	4	262516	59
Chi_P09_1	4	262516	101
Chi_P09_1	4	262516	89
Chi_P09_1	4	262516	120
Chi_P09_1	4	262516	101
Chi_P09_1	4	262516	113
Chi_P09_1	4	262516	23
Chi_P09_1	4	262516	124
Chi_P09_1	4	262516	73
Chi_P09_1	4	262516	133
Chi_P09_1	4	262516	36
Chi_P09_1	4	262516	84
Chi_P09_1	4	262516	230
Chi_P09_1	4	262516	20
Chi_P09_1	4	262516	84
Chi_P09_1	4	262516	95
Chi_P09_1	4	262516	164
Chi_P09_1	4	262516	130
Chi_P09_1	4	262516	96
Chi_P09_1	4	262516	133
Chi_P09_1	4	262516	127
Chi_P09_1	4	262516	119
Chi_P09_1	4	262516	263
Chi_P09_1	4	262516	155
Chi_P09_1	4	262516	73
Chi_P09_1	4	262516	249
Chi_P09_1	4	262516	131
Chi_P09_1	4	262516	112
Chi_P09_1	4	262516	138
Chi_P09_1	4	262516	170
Chi_P09_1	4	262516	234
Chi_P09_1	4	262516	245
Chi_P09_1	4	262516	96
Chi_P09_1	4	262516	296
Chi_P09_1	4	262516	95
Chi_P09_1	4	262516	143
Chi_P09_1	4	262516	179
Chi_P09_1	4	262516	141
Chi_P09_1	4	262516	102
Chi_P09_1	4	262516	213
Chi_P09_1	4	262516	136
Chi_P09_1	4	262516	172
Chi_P09_1	4	262516	151
Chi_P09_1	4	262516	65
Chi_P09_1	4	262516	160
Chi_P09_1	4	262516	94
Chi_P09_1	4	262516	208
Chi_P09_1	4	262516	152
Chi_P09_1	4	262516	154
Chi_P09_1	4	262516	152
Chi_P09_1	4	262516	107
Chi_P09_1	4	262516	147
Chi_P09_1	4	262516	163
Chi_P09_1	4	262516	107
Chi_P09_1	4	262516	147
Chi_P09_1	4	262516	146
Chi_P09_1	4	262516	167
Chi_P09_1	4	262516	122
Chi_P09_1	4	262516	54
Chi_P09_1	4	262516	101
Chi_P09_1	4	262516	169
Chi_P09_1	4	262516	144
Chi_P09_1	4	262516	174
Chi_P09_1	4	262516	190
Chi_P09_1	4	262516	213
Chi_P09_1	4	262516	189
Chi_P09_1	4	262516	119
Chi_P09_1	4	262516	251
Chi_P09_1	4	262516	155
Chi_P09_1	4	262516	65
Chi_P09_1	4	262516	123
Chi_P09_1	4	262516	55
Chi_P09_1	5	260030	18
Chi_P09_1	5	260030	84
Chi_P09_1	5	260030	59
Chi_P09_1	5	260030	89
Chi_P09_1	5	260030	119
Chi_P09_1	5	260030	123
Chi_P09_1	5	260030	92
Chi_P09_1	5	260030	58
Chi_P09_1	5	260030	110
Chi_P09_1	5	260030	175
Chi_P09_1	5	260030	100
Chi_P09_1	5	260030	131
Chi_P09_1	5	260030	468
Chi_P09_1	5	260030	136
Chi_P09_1	5	260030	123
Chi_P09_1	5	260030	166
Chi_P09_1	5	260030	87
Chi_P09_1	5	260030	34
Chi_P09_1	5	260030	143
Chi_P09_1	5	260030	308
Chi_P09_1	5	260030	154
Chi_P09_1	5	260030	99
Chi_P09_1	5	260030	125
Chi_P09_1	5	260030	133
Chi_P09_1	5	260030	313
Chi_P09_1	5	260030	164
Chi_P09_1	5	260030	195
Chi_P09_1	5	260030	149
Chi_P09_1	5	260030	162
Chi_P09_1	5	260030	139
Chi_P09_1	5	260030	127
Chi_P09_1	5	260030	142
Chi_P09_1	5	260030	150
Chi_P09_1	5	260030	181
Chi_P09_1	5	260030	222
Chi_P09_1	5	260030	158
Chi_P09_1	5	260030	209
Chi_P09_1	5	260030	116
Chi_P09_1	5	260030	141
Chi_P09_1	5	260030	128
Chi_P09_1	5	260030	75
Chi_P09_1	5	260030	223
Chi_P09_1	5	260030	144
Chi_P09_1	5	260030	115
Chi_P09_1	5	260030	152
Chi_P09_1	5	260030	150
Chi_P09_1	5	260030	101
Chi_P09_1	5	260030	105
Chi_P09_1	5	260030	200
Chi_P09_1	5	260030	96
Chi_P09_1	5	260030	276
Chi_P09_1	5	260030	115
Chi_P09_1	5	260030	70
Chi_P09_1	5	260030	103
Chi_P09_1	5	260030	117
Chi_P09_1	5	260030	104
Chi_P09_1	5	260030	105
Chi_P09_1	5	260030	204
Chi_P09_1	5	260030	85
Chi_P09_1	5	260030	103
Chi_P09_1	5	260030	205
Chi_P09_1	5	260030	63
Chi_P09_1	5	260030	165
Chi_P09_1	5	260030	130
Chi_P09_1	5	260030	153
Chi_P09_1	5	260030	149
Chi_P09_1	5	260030	139
Chi_P09_1	5	260030	100
Chi_P09_1	5	260030	222
Chi_P09_1	5	260030	376
Chi_P09_1	5	260030	73
Chi_P09_1	5	260030	113
Chi_P09_1	5	260030	111
Chi_P09_1	5	260030	132
Chi_P09_1	5	260030	78
Chi_P09_1	5	260030	145
Chi_P09_1	5	260030	222
Chi_P09_1	5	260030	103
Chi_P09_1	5	260030	163
Chi_P09_1	5	260030	132
Chi_P09_1	5	260030	145
Chi_P09_1	5	260030	246
Chi_P09_1	5	260030	126
Chi_P09_1	5	260030	110
Chi_P09_1	5	260030	156
Chi_P09_1	5	260030	194
Chi_P09_1	5	260030	101
Chi_P09_1	5	260030	148
Chi_P09_1	5	260030	75
Chi_P09_1	5	260030	131
Chi_P09_1	5	260030	112
Chi_P09_1	5	260030	82
Chi_P09_1	5	260030	222
Chi_P09_1	5	260030	51
Chi_P09_1	6	303081	135
Chi_P09_1	6	303081	195
Chi_P09_1	6	303081	103
Chi_P09_1	6	303081	183
Chi_P09_1	6	303081	203
Chi_P09_1	6	303081	156
Chi_P09_1	6	303081	142
Chi_P09_1	6	303081	120
Chi_P09_1	6	303081	134
Chi_P09_1	6	303081	93
Chi_P09_1	6	303081	134
Chi_P09_1	6	303081	88
Chi_P09_1	6	303081	113
Chi_P09_1	6	303081	156
Chi_P09_1	6	303081	112
Chi_P09_1	6	303081	71
Chi_P09_1	6	303081	161
Chi_P09_1	6	303081	350
Chi_P09_1	6	303081	68
Chi_P09_1	6	303081	158
Chi_P09_1	6	303081	143
Chi_P09_1	6	303081	141
Chi_P09_1	6	303081	87
Chi_P09_1	6	303081	112
Chi_P09_1	6	303081	273
Chi_P09_1	6	303081	116
Chi_P09_1	6	303081	92
Chi_P09_1	6	303081	193
Chi_P09_1	6	303081	83
Chi_P09_1	6	303081	137
Chi_P09_1	6	303081	223
Chi_P09_1	6	303081	169
Chi_P09_1	6	303081	104
Chi_P09_1	6	303081	113
Chi_P09_1	6	303081	81
Chi_P09_1	6	303081	85
Chi_P09_1	6	303081	70
Chi_P09_1	6	303081	350
Chi_P09_1	6	303081	83
Chi_P09_1	6	303081	97
Chi_P09_1	6	303081	179
Chi_P09_1	6	303081	86
Chi_P09_1	6	303081	114
Chi_P09_1	6	303081	100
Chi_P09_1	6	303081	275
Chi_P09_1	6	303081	160
Chi_P09_1	6	303081	67
Chi_P09_1	6	303081	131
Chi_P09_1	6	303081	123
Chi_P09_1	6	303081	163
Chi_P09_1	6	303081	89
Chi_P09_1	6	303081	85
Chi_P09_1	6	303081	153
Chi_P09_1	6	303081	76
Chi_P09_1	6	303081	518
Chi_P09_1	6	303081	133
Chi_P09_1	6	303081	145
Chi_P09_1	6	303081	149
Chi_P09_1	6	303081	274
Chi_P09_1	6	303081	102
Chi_P09_1	6	303081	94
Chi_P09_1	6	303081	72
Chi_P09_1	6	303081	166
Chi_P09_1	6	303081	102
Chi_P09_1	6	303081	125
Chi_P09_1	6	303081	88
Chi_P09_1	6	303081	169
Chi_P09_1	6	303081	39
Chi_P09_1	6	303081	131
Chi_P09_1	6	303081	123
Chi_P09_1	6	303081	121
Chi_P09_1	6	303081	259
Chi_P09_1	6	303081	142
Chi_P09_1	6	303081	271
Chi_P09_1	6	303081	74
Chi_P09_1	6	303081	131
Chi_P09_1	6	303081	151
Chi_P09_1	6	303081	28
Chi_P09_1	6	303081	114
Chi_P09_1	6	303081	64
Chi_P09_1	6	303081	167
Chi_P09_1	6	303081	102
Chi_P09_1	6	303081	144
Chi_P09_1	6	303081	59
Chi_P09_1	6	303081	94
Chi_P09_1	6	303081	69
Chi_P09_1	6	303081	155
Chi_P09_1	6	303081	148
Chi_P09_1	6	303081	75
Chi_P09_1	6	303081	158
Chi_P09_1	6	303081	108
Chi_P09_1	6	303081	112
Chi_P09_1	6	303081	112
Chi_P09_1	6	303081	144
Chi_P09_1	6	303081	146
Chi_P09_1	6	303081	182
Chi_P09_1	6	303081	105
Chi_P09_1	6	303081	132
Chi_P09_1	6	303081	499
Chi_P09_1	6	303081	151
Chi_P09_1	6	303081	91
Chi_P09_1	6	303081	88
Chi_P09_1	6	303081	102
Chi_P09_1	6	303081	264
Chi_P09_1	6	303081	131
Chi_P09_1	6	303081	135
Chi_P09_1	6	303081	12
Chi_P09_1	6	303081	133
Chi_P09_1	6	303081	102
Chi_P09_1	6	303081	206
Chi_P09_1	6	303081	132
Chi_P09_1	6	303081	149
Chi_P09_1	6	303081	90
Chi_P09_1	6	303081	51
Chi_P09_1	6	303081	125
Chi_P09_1	6	303081	32
Chi_P09_1	6	303081	160
Chi_P09_1	6	303081	106
Chi_P09_1	7	301652	185
Chi_P09_1	7	301652	183
Chi_P09_1	7	301652	124
Chi_P09_1	7	301652	139
Chi_P09_1	7	301652	71
Chi_P09_1	7	301652	94
Chi_P09_1	7	301652	141
Chi_P09_1	7	301652	150
Chi_P09_1	7	301652	150
Chi_P09_1	7	301652	185
Chi_P09_1	7	301652	118
Chi_P09_1	7	301652	145
Chi_P09_1	7	301652	154
Chi_P09_1	7	301652	159
Chi_P09_1	7	301652	134
Chi_P09_1	7	301652	231
Chi_P09_1	7	301652	188
Chi_P09_1	7	301652	184
Chi_P09_1	7	301652	259
Chi_P09_1	7	301652	144
Chi_P09_1	7	301652	137
Chi_P09_1	7	301652	94
Chi_P09_1	7	301652	142
Chi_P09_1	7	301652	120
Chi_P09_1	7	301652	143
Chi_P09_1	7	301652	190
Chi_P09_1	7	301652	133
Chi_P09_1	7	301652	127
Chi_P09_1	7	301652	110
Chi_P09_1	7	301652	162
Chi_P09_1	7	301652	147
Chi_P09_1	7	301652	89
Chi_P09_1	7	301652	78
Chi_P09_1	7	301652	148
Chi_P09_1	7	301652	112
Chi_P09_1	7	301652	113
Chi_P09_1	7	301652	133
Chi_P09_1	7	301652	109
Chi_P09_1	7	301652	167
Chi_P09_1	7	301652	109
Chi_P09_1	7	301652	135
Chi_P09_1	7	301652	195
Chi_P09_1	7	301652	117
Chi_P09_1	7	301652	105
Chi_P09_1	7	301652	87
Chi_P09_1	7	301652	142
Chi_P09_1	7	301652	188
Chi_P09_1	7	301652	110
Chi_P09_1	7	301652	79
Chi_P09_1	7	301652	220
Chi_P09_1	7	301652	148
Chi_P09_1	8	297542	190
Chi_P09_1	8	297542	54
Chi_P09_1	8	297542	11
Chi_P09_1	8	297542	80
Chi_P09_1	8	297542	68
Chi_P09_1	8	297542	87
Chi_P09_1	8	297542	82
Chi_P09_1	8	297542	105
Chi_P09_1	8	297542	120
Chi_P09_1	8	297542	69
Chi_P09_1	8	297542	229
Chi_P09_1	8	297542	47
Chi_P09_1	8	297542	94
Chi_P09_1	8	297542	126
Chi_P09_1	8	297542	74
Chi_P09_1	8	297542	119
Chi_P09_1	8	297542	100
Chi_P09_1	8	297542	140
Chi_P09_1	8	297542	126
Chi_P09_1	8	297542	132
Chi_P09_1	8	297542	89
Chi_P09_1	8	297542	120
Chi_P09_1	8	297542	115
Chi_P09_1	8	297542	81
Chi_P09_1	8	297542	123
Chi_P09_1	8	297542	245
Chi_P09_1	8	297542	76
Chi_P09_1	8	297542	135
Chi_P09_1	8	297542	160
Chi_P09_1	8	297542	81
Chi_P09_1	8	297542	97
Chi_P09_1	8	297542	199
Chi_P09_1	8	297542	101
Chi_P09_1	8	297542	92
Chi_P09_1	8	297542	109
Chi_P09_1	8	297542	87
Chi_P09_1	8	297542	95
Chi_P09_1	8	297542	154
Chi_P09_1	8	297542	168
Chi_P09_1	8	297542	103
Chi_P09_1	8	297542	161
Chi_P09_1	8	297542	92
Chi_P09_1	8	297542	114
Chi_P09_1	8	297542	23
Chi_P09_1	8	297542	89
Chi_P09_1	8	297542	101
Chi_P09_1	8	297542	72
Chi_P09_1	8	297542	139
Chi_P09_1	8	297542	144
Chi_P09_1	8	297542	56
Chi_P09_1	8	297542	95
Chi_P09_1	8	297542	105
Chi_P09_1	8	297542	110
Chi_P09_1	8	297542	134
Chi_P09_1	8	297542	247
Chi_P09_1	8	297542	163
Chi_P09_1	8	297542	149
Chi_P09_1	8	297542	86
Chi_P09_1	8	297542	131
Chi_P09_1	8	297542	153
Chi_P09_1	8	297542	212
Chi_P09_1	8	297542	114
Chi_P09_1	8	297542	159
Chi_P09_1	8	297542	107
Chi_P09_1	8	297542	285
Chi_P09_1	8	297542	125
Chi_P09_1	8	297542	141
Chi_P09_1	8	297542	100
Chi_P09_1	8	297542	71
Chi_P09_1	8	297542	137
Chi_P09_1	8	297542	128
Chi_P09_1	8	297542	108
Chi_P09_1	8	297542	104
Chi_P09_1	8	297542	141
Chi_P09_1	8	297542	106
Chi_P09_1	8	297542	85
Chi_P09_1	8	297542	79
Chi_P09_1	8	297542	19
Chi_P09_1	8	297542	38
Chi_P09_1	8	297542	135
Chi_P09_1	8	297542	132
Chi_P09_1	8	297542	136
Chi_P09_1	8	297542	185
Chi_P09_1	8	297542	83
Chi_P09_1	8	297542	121
Chi_P09_1	8	297542	108
Chi_P09_1	8	297542	42
Chi_P09_1	8	297542	109
Chi_P09_1	8	297542	123
Chi_P09_1	8	297542	164
Chi_P09_1	8	297542	84
Chi_P09_1	8	297542	87
Chi_P09_1	8	297542	95
Chi_P09_1	8	297542	118
Chi_P09_1	8	297542	249
Chi_P09_1	8	297542	144
Chi_P09_1	8	297542	99
Chi_P09_1	8	297542	137
Chi_P09_1	8	297542	197
Chi_P09_1	8	297542	281
Chi_P09_1	8	297542	171
Chi_P09_1	8	297542	91
Chi_P09_1	8	297542	90
Chi_P09_1	9	318469	62
Chi_P09_1	9	318469	104
Chi_P09_1	9	318469	101
Chi_P09_1	9	318469	37
Chi_P09_1	9	318469	55
Chi_P09_1	9	318469	59
Chi_P09_1	9	318469	85
Chi_P09_1	9	318469	104
Chi_P09_1	9	318469	57
Chi_P09_1	9	318469	57
Chi_P09_1	9	318469	110
Chi_P09_1	9	318469	108
Chi_P09_1	9	318469	87
Chi_P09_1	9	318469	80
Chi_P09_1	9	318469	89
Chi_P09_1	9	318469	46
Chi_P09_1	9	318469	102
Chi_P09_1	9	318469	111
Chi_P09_1	9	318469	103
Chi_P09_1	9	318469	83
Chi_P09_1	9	318469	118
Chi_P09_1	9	318469	27
Chi_P09_1	9	318469	83
Chi_P09_1	9	318469	141
Chi_P09_1	9	318469	81
Chi_P09_1	9	318469	93
Chi_P09_1	9	318469	74
Chi_P09_1	9	318469	93
Chi_P09_1	9	318469	33
Chi_P09_1	9	318469	73
Chi_P09_1	9	318469	81
Chi_P09_1	9	318469	68
Chi_P09_1	9	318469	35
Chi_P09_1	9	318469	53
Chi_P09_1	9	318469	91
Chi_P09_1	9	318469	44
Chi_P09_1	9	318469	97
Chi_P09_1	9	318469	73
Chi_P09_1	9	318469	147
Chi_P09_1	9	318469	69
Chi_P09_1	9	318469	93
Chi_P09_1	9	318469	47
Chi_P09_1	9	318469	90
Chi_P09_1	9	318469	163
Chi_P09_1	9	318469	84
Chi_P09_1	9	318469	127
Chi_P09_1	9	318469	66
Chi_P09_1	9	318469	84
Chi_P09_1	9	318469	138
Chi_P09_1	9	318469	95
Chi_P09_1	9	318469	16
Chi_P09_1	9	318469	78
Chi_P09_1	9	318469	88
Chi_P09_1	9	318469	80
Chi_P09_1	9	318469	111
Chi_P09_1	9	318469	118
Chi_P09_1	9	318469	99
Chi_P09_1	9	318469	104
Chi_P09_1	9	318469	140
Chi_P09_1	9	318469	22
Chi_P09_1	9	318469	173
Chi_P09_1	9	318469	126
Chi_P09_1	9	318469	111
Chi_P09_1	9	318469	136
Chi_P09_1	9	318469	124
Chi_P09_1	9	318469	124
Chi_P09_1	9	318469	95
Chi_P09_1	9	318469	84
Chi_P09_1	9	318469	55
Chi_P09_1	9	318469	76
Chi_P09_1	9	318469	600
Chi_P09_1	9	318469	179
Chi_P09_1	9	318469	110
Chi_P09_1	9	318469	181
Chi_P09_1	9	318469	178
Chi_P09_1	9	318469	264
Chi_P09_1	9	318469	87
Chi_P09_1	9	318469	222
Chi_P09_1	9	318469	82
Chi_P09_1	9	318469	131
Chi_P09_1	9	318469	111
Chi_P09_1	9	318469	113
Chi_P09_1	9	318469	70
Chi_P09_1	9	318469	138
Chi_P09_1	9	318469	104
Chi_P09_1	9	318469	313
Chi_P09_1	9	318469	202
Chi_P09_1	9	318469	120
Chi_P09_1	9	318469	121
Chi_P09_1	9	318469	136
Chi_P09_1	9	318469	74
Chi_P09_1	9	318469	85
Chi_P09_1	9	318469	130
Chi_P09_1	9	318469	111
Chi_P09_1	9	318469	84
Chi_P09_1	9	318469	108
Chi_P09_1	9	318469	56
Chi_P09_1	9	318469	86
Chi_P09_1	9	318469	54
Chi_P09_1	9	318469	11
Chi_P09_1	9	318469	26
Chi_P09_1	9	318469	26
Chi_P09_1	9	318469	27
Chi_P09_1	9	318469	91
Chi_P09_1	9	318469	132
Chi_P09_1	9	318469	111
Chi_P09_1	9	318469	257
Chi_P09_1	9	318469	52
Chi_P09_1	9	318469	65
Chi_P09_1	9	318469	262
Chi_P09_1	9	318469	147
Chi_P09_1	9	318469	24
Chi_P09_1	9	318469	47
Chi_P09_1	9	318469	71
Chi_P09_1	9	318469	39
Chi_P09_1	9	318469	83
Chi_P09_1	9	318469	398
Chi_P09_1	9	318469	193
Chi_P09_1	10	308300	83
Chi_P09_1	10	308300	113
Chi_P09_1	10	308300	81
Chi_P09_1	10	308300	79
Chi_P09_1	10	308300	210
Chi_P09_1	10	308300	92
Chi_P09_1	10	308300	78
Chi_P09_1	10	308300	93
Chi_P09_1	10	308300	108
Chi_P09_1	10	308300	95
Chi_P09_1	10	308300	88
Chi_P09_1	10	308300	171
Chi_P09_1	10	308300	133
Chi_P09_1	10	308300	92
Chi_P09_1	10	308300	98
Chi_P09_1	10	308300	143
Chi_P09_1	10	308300	141
Chi_P09_1	10	308300	65
Chi_P09_1	10	308300	178
Chi_P09_1	10	308300	233
Chi_P09_1	10	308300	120
Chi_P09_1	10	308300	216
Chi_P09_1	10	308300	245
Chi_P09_1	10	308300	79
Chi_P09_1	10	308300	50
Chi_P09_1	10	308300	88
Chi_P09_1	10	308300	86
Chi_P09_1	10	308300	103
Chi_P09_1	10	308300	122
Chi_P09_1	10	308300	297
Chi_P09_1	10	308300	110
Chi_P09_1	10	308300	137
Chi_P09_1	10	308300	120
Chi_P09_1	10	308300	39
Chi_P09_1	10	308300	151
Chi_P09_1	10	308300	125
Chi_P09_1	10	308300	135
Chi_P09_1	10	308300	317
Chi_P09_1	10	308300	118
Chi_P09_1	10	308300	119
Chi_P09_1	10	308300	148
Chi_P09_1	10	308300	143
Chi_P09_1	10	308300	106
Chi_P09_1	10	308300	142
Chi_P09_1	10	308300	67
Chi_P09_1	10	308300	202
Chi_P09_1	10	308300	178
Chi_P09_1	10	308300	173
Chi_P09_1	10	308300	188
Chi_P09_1	10	308300	282
Chi_P09_1	10	308300	102
Chi_P09_1	10	308300	150
Chi_P09_1	10	308300	252
Chi_P09_1	10	308300	93
Chi_P09_1	10	308300	76
Chi_P09_1	10	308300	128
Chi_P09_1	10	308300	62
Chi_P09_1	10	308300	104
Chi_P09_1	10	308300	156
Chi_P09_1	10	308300	162
Chi_P09_1	10	308300	188
Chi_P09_1	10	308300	100
Chi_P09_1	10	308300	113
Chi_P09_1	10	308300	74
Chi_P09_1	10	308300	71
Chi_P09_1	10	308300	32
Chi_P09_1	10	308300	113
Chi_P09_1	10	308300	24
Chi_P09_1	10	308300	122
Chi_P09_1	10	308300	102
Chi_P09_1	10	308300	22
Chi_P09_1	10	308300	793
Chi_P09_1	10	308300	105
Chi_P09_1	10	308300	62
Chi_P09_1	10	308300	293
Chi_P09_1	10	308300	106
Chi_P09_1	10	308300	126
Chi_P09_1	10	308300	92
Chi_P09_1	10	308300	125
Chi_P09_1	10	308300	83
Chi_P09_1	10	308300	127
Chi_P09_1	10	308300	102
Chi_P09_1	10	308300	73
Chi_P09_1	10	308300	136
Chi_P09_1	10	308300	103
Chi_P09_1	10	308300	69
Chi_P09_1	10	308300	157
Chi_P09_1	10	308300	81
Chi_P09_1	10	308300	78
Chi_P09_1	10	308300	85
Chi_P09_1	10	308300	67
Chi_P09_1	10	308300	104
Chi_P09_1	10	308300	49
Chi_P09_1	10	308300	40
Chi_P09_1	10	308300	85
Chi_P09_1	10	308300	142
Chi_P09_1	10	308300	182
Chi_P09_1	10	308300	61
Chi_P09_1	10	308300	105
Chi_P09_1	10	308300	110
Chi_P09_1	10	308300	130
Chi_P09_1	10	308300	57
Chi_P09_1	10	308300	36
Chi_P09_1	10	308300	115
Chi_P09_1	10	308300	154
Chi_P09_1	10	308300	75
Chi_P09_1	10	308300	104
Chi_P09_1	10	308300	80
Chi_P09_1	10	308300	90
Chi_P09_1	10	308300	160
Chi_P09_1	10	308300	86
Chi_P09_1	10	308300	77
Chi_P09_1	10	308300	85
Chi_P09_1	10	308300	221
Chi_P09_1	10	308300	137
Chi_P09_1	10	308300	80
Chi_P09_1	10	308300	122
Chi_P09_1	10	308300	93
Chi_P09_1	10	308300	206
Chi_P09_1	10	308300	33
Chi_P09_1	10	308300	64
Chi_P09_1	10	308300	11
Chi_P09_1	10	308300	32
Chi_P09_1	10	308300	63
Chi_P09_1	10	308300	60
Chi_P09_1	11	340083	151
Chi_P09_1	11	340083	76
Chi_P09_1	11	340083	50
Chi_P09_1	11	340083	49
Chi_P09_1	11	340083	45
Chi_P09_1	11	340083	47
Chi_P09_1	11	340083	106
Chi_P09_1	11	340083	154
Chi_P09_1	11	340083	106
Chi_P09_1	11	340083	36
Chi_P09_1	11	340083	153
Chi_P09_1	11	340083	80
Chi_P09_1	11	340083	66
Chi_P09_1	11	340083	52
Chi_P09_1	11	340083	94
Chi_P09_1	11	340083	90
Chi_P09_1	11	340083	89
Chi_P09_1	11	340083	95
Chi_P09_1	11	340083	107
Chi_P09_1	11	340083	151
Chi_P09_1	11	340083	85
Chi_P09_1	11	340083	94
Chi_P09_1	11	340083	106
Chi_P09_1	11	340083	117
Chi_P09_1	11	340083	110
Chi_P09_1	11	340083	39
Chi_P09_1	11	340083	60
Chi_P09_1	11	340083	123
Chi_P09_1	11	340083	170
Chi_P09_1	11	340083	70
Chi_P09_1	11	340083	106
Chi_P09_1	11	340083	325
Chi_P09_1	11	340083	58
Chi_P09_1	11	340083	138
Chi_P09_1	11	340083	191
Chi_P09_1	11	340083	285
Chi_P09_1	11	340083	88
Chi_P09_1	11	340083	98
Chi_P09_1	11	340083	134
Chi_P09_1	11	340083	72
Chi_P09_1	11	340083	60
Chi_P09_1	11	340083	34
Chi_P09_1	11	340083	65
Chi_P09_1	11	340083	120
Chi_P09_1	11	340083	106
Chi_P09_1	11	340083	126
Chi_P09_1	11	340083	85
Chi_P09_1	11	340083	43
Chi_P09_1	11	340083	109
Chi_P09_1	11	340083	53
Chi_P09_1	11	340083	102
Chi_P09_1	11	340083	148
Chi_P09_1	11	340083	258
Chi_P09_1	11	340083	105
Chi_P09_1	11	340083	283
Chi_P09_1	11	340083	80
Chi_P09_1	11	340083	87
Chi_P09_1	11	340083	170
Chi_P09_1	11	340083	132
Chi_P09_1	11	340083	108
Chi_P09_1	11	340083	296
Chi_P09_1	11	340083	47
Chi_P09_1	11	340083	127
Chi_P09_1	11	340083	95
Chi_P09_1	11	340083	190
Chi_P09_1	11	340083	121
Chi_P09_1	11	340083	89
Chi_P09_1	11	340083	164
Chi_P09_1	11	340083	84
Chi_P09_1	11	340083	46
Chi_P09_1	11	340083	96
Chi_P09_1	11	340083	97
Chi_P09_1	11	340083	105
Chi_P09_1	11	340083	112
Chi_P09_1	11	340083	84
Chi_P09_1	11	340083	174
Chi_P09_1	11	340083	89
Chi_P09_1	11	340083	162
Chi_P09_1	11	340083	73
Chi_P09_1	11	340083	91
Chi_P09_1	11	340083	113
Chi_P09_1	11	340083	201
Chi_P09_1	11	340083	147
Chi_P09_1	11	340083	103
Chi_P09_1	11	340083	182
Chi_P09_1	11	340083	107
Chi_P09_1	11	340083	85
Chi_P09_1	11	340083	115
Chi_P09_1	11	340083	332
Chi_P09_1	11	340083	282
Chi_P09_1	11	340083	197
Chi_P09_1	11	340083	164
Chi_P09_1	11	340083	177
Chi_P09_1	11	340083	127
Chi_P09_1	11	340083	108
Chi_P09_1	11	340083	127
Chi_P09_1	11	340083	101
Chi_P09_1	11	340083	61
Chi_P09_1	11	340083	122
Chi_P09_1	11	340083	170
Chi_P09_1	11	340083	144
Chi_P09_1	11	340083	124
Chi_P09_1	11	340083	99
Chi_P09_1	11	340083	163
Chi_P09_1	11	340083	79
Chi_P09_1	11	340083	76
Chi_P09_1	11	340083	130
Chi_P09_1	11	340083	120
Chi_P09_1	11	340083	21
Chi_P09_1	11	340083	117
Chi_P09_1	11	340083	122
Chi_P09_1	11	340083	279
Chi_P09_1	11	340083	106
Chi_P09_1	11	340083	27
Chi_P09_1	11	340083	100
Chi_P09_1	11	340083	65
Chi_P09_1	11	340083	123
Chi_P09_1	11	340083	91
Chi_P09_1	11	340083	179
Chi_P09_1	11	340083	171
Chi_P09_1	11	340083	69
Chi_P09_1	11	340083	116
Chi_P09_1	11	340083	225
Chi_P09_1	11	340083	105
Chi_P09_1	11	340083	205
Chi_P09_1	11	340083	91
Chi_P09_1	11	340083	149
Chi_P09_1	11	340083	80
Chi_P09_1	11	340083	458
Chi_P09_1	11	340083	36
Chi_P09_1	12	281407	105
Chi_P09_1	12	281407	111
Chi_P09_1	12	281407	135
Chi_P09_1	12	281407	101
Chi_P09_1	12	281407	100
Chi_P09_1	12	281407	81
Chi_P09_1	12	281407	153
Chi_P09_1	12	281407	140
Chi_P09_1	12	281407	184
Chi_P09_1	12	281407	76
Chi_P09_1	12	281407	90
Chi_P09_1	12	281407	122
Chi_P09_1	12	281407	109
Chi_P09_1	12	281407	100
Chi_P09_1	12	281407	287
Chi_P09_1	12	281407	102
Chi_P09_1	12	281407	156
Chi_P09_1	12	281407	179
Chi_P09_1	12	281407	254
Chi_P09_1	12	281407	149
Chi_P09_1	12	281407	187
Chi_P09_1	12	281407	107
Chi_P09_1	12	281407	212
Chi_P09_1	12	281407	113
Chi_P09_1	12	281407	433
Chi_P09_1	12	281407	132
Chi_P09_1	12	281407	134
Chi_P09_1	12	281407	122
Chi_P09_1	12	281407	96
Chi_P09_1	12	281407	86
Chi_P09_1	12	281407	172
Chi_P09_1	12	281407	140
Chi_P09_1	12	281407	126
Chi_P09_1	12	281407	116
Chi_P09_1	12	281407	151
Chi_P09_1	12	281407	237
Chi_P09_1	12	281407	87
Chi_P09_1	12	281407	121
Chi_P09_1	12	281407	113
Chi_P09_1	12	281407	153
Chi_P09_1	12	281407	115
Chi_P09_1	12	281407	169
Chi_P09_1	12	281407	205
Chi_P09_1	12	281407	138
Chi_P09_1	12	281407	113
Chi_P09_1	12	281407	185
Chi_P09_1	12	281407	226
Chi_P09_1	12	281407	150
Chi_P09_1	12	281407	118
Chi_P09_1	12	281407	161
Chi_P09_1	12	281407	124
Chi_P09_1	12	281407	94
Chi_P09_1	12	281407	98
Chi_P09_1	12	281407	127
Chi_P09_1	12	281407	108
Chi_P09_1	12	281407	190
Chi_P09_1	12	281407	460
Chi_P09_1	12	281407	140
Chi_P09_1	12	281407	110
Chi_P09_1	12	281407	135
Chi_P09_1	12	281407	62
Chi_P09_1	12	281407	166
Chi_P09_1	12	281407	137
Chi_P09_1	12	281407	109
Chi_P09_1	12	281407	190
Chi_P09_1	12	281407	121
Chi_P09_1	12	281407	86
Chi_P09_1	12	281407	290
Chi_P09_1	12	281407	73
Chi_P09_1	12	281407	93
Chi_P09_1	12	281407	125
Chi_P09_1	12	281407	251
Chi_P09_1	12	281407	287
Chi_P09_1	12	281407	121
Chi_P09_1	12	281407	139
Chi_P09_1	12	281407	113
Chi_P09_1	12	281407	90
Chi_P09_1	12	281407	172
Chi_P09_1	12	281407	253
Chi_P09_1	12	281407	273
Chi_P09_1	12	281407	129
Chi_P09_1	12	281407	149
Chi_P09_1	12	281407	369
Chi_P09_1	12	281407	183
Chi_P09_1	12	281407	333
Chi_P09_1	12	281407	254
Chi_P09_1	12	281407	102
Chi_P09_1	12	281407	161
Chi_P09_1	12	281407	145
Chi_P09_1	12	281407	415
Chi_P09_1	12	281407	180
Chi_P09_1	12	281407	174
Chi_P09_1	12	281407	133
Chi_P09_1	12	281407	349
Chi_P09_1	12	281407	168
Chi_P09_1	12	281407	328
Chi_P09_1	12	281407	165
Chi_P09_1	12	281407	111
Chi_P09_1	12	281407	154
Chi_P09_1	12	281407	131
Chi_P09_1	12	281407	95
Chi_P09_1	12	281407	135
Chi_P09_1	12	281407	47
Chi_P09_1	12	281407	166
Chi_P09_1	12	281407	382
Chi_P09_1	12	281407	192
Chi_P09_1	12	281407	247
Chi_P09_1	12	281407	56
Chi_P09_1	12	281407	61
Chi_P09_1	12	281407	99
Chi_P09_1	12	281407	137
Chi_P09_1	12	281407	246
Chi_P09_1	12	281407	190
Chi_P09_1	12	281407	101
Chi_P09_1	12	281407	110
Chi_P09_1	12	281407	108
Chi_P09_1	12	281407	176
Chi_P09_1	12	281407	126
Chi_P09_1	12	281407	90
Chi_P09_1	12	281407	58
Chi_P09_1	12	281407	97
Chi_P09_1	12	281407	35
Chi_P09_1	12	281407	135
Chi_P09_1	12	281407	34
Chi_P09_1	12	281407	63
Chi_P09_1	12	281407	99
Chi_P09_1	12	281407	21
Chi_P09_1	12	281407	38
Chi_P09_1	12	281407	124
Chi_P09_1	12	281407	26
Chi_P09_1	12	281407	54
Chi_P09_1	12	281407	43
Chi_P09_1	12	281407	279
Chi_P09_1	12	281407	45
Chi_P09_1	12	281407	78
Chi_P09_1	12	281407	74
Chi_P09_1	12	281407	133
Chi_P09_1	12	281407	68
Chi_P09_1	12	281407	136
Chi_P09_1	12	281407	113
Chi_P09_1	12	281407	213
Chi_P09_1	12	281407	63
Chi_P09_1	12	281407	182
Chi_P09_1	12	281407	121
Chi_P09_1	12	281407	204
Chi_P09_1	12	281407	72
Chi_P09_1	12	281407	73
Chi_P09_1	12	281407	41
Chi_P09_1	12	281407	144
Chi_P09_1	12	281407	182
Chi_P09_1	12	281407	98
Chi_P09_1	12	281407	96
Chi_P09_1	12	281407	126
Chi_P09_1	13	289633	134
Chi_P09_1	13	289633	140
Chi_P09_1	13	289633	444
Chi_P09_1	13	289633	138
Chi_P09_1	13	289633	63
Chi_P09_1	13	289633	68
Chi_P09_1	13	289633	120
Chi_P09_1	13	289633	85
Chi_P09_1	13	289633	106
Chi_P09_1	13	289633	51
Chi_P09_1	13	289633	235
Chi_P09_1	13	289633	136
Chi_P09_1	13	289633	78
Chi_P09_1	13	289633	187
Chi_P09_1	13	289633	33
Chi_P09_1	13	289633	135
Chi_P09_1	13	289633	164
Chi_P09_1	13	289633	250
Chi_P09_1	13	289633	360
Chi_P09_1	13	289633	122
Chi_P09_1	13	289633	227
Chi_P09_1	13	289633	256
Chi_P09_1	13	289633	190
Chi_P09_1	13	289633	158
Chi_P09_1	13	289633	126
Chi_P09_1	13	289633	20
Chi_P09_1	13	289633	124
Chi_P09_1	13	289633	132
Chi_P09_1	13	289633	72
Chi_P09_1	13	289633	270
Chi_P09_1	13	289633	164
Chi_P09_1	13	289633	170
Chi_P09_1	13	289633	280
Chi_P09_1	13	289633	161
Chi_P09_1	13	289633	225
Chi_P09_1	13	289633	174
Chi_P09_1	13	289633	163
Chi_P09_1	13	289633	198
Chi_P09_1	13	289633	214
Chi_P09_1	13	289633	120
Chi_P09_1	13	289633	85
Chi_P09_1	13	289633	145
Chi_P09_1	13	289633	93
Chi_P09_1	13	289633	112
Chi_P09_1	13	289633	128
Chi_P09_1	13	289633	114
Chi_P09_1	13	289633	188
Chi_P09_1	13	289633	101
Chi_P09_1	13	289633	164
Chi_P09_1	13	289633	115
Chi_P09_1	13	289633	231
Chi_P09_1	13	289633	105
Chi_P09_1	13	289633	232
Chi_P09_1	13	289633	169
Chi_P09_1	13	289633	86
Chi_P09_1	13	289633	166
Chi_P09_1	13	289633	319
Chi_P09_1	13	289633	156
Chi_P09_1	13	289633	109
Chi_P09_1	13	289633	320
Chi_P09_1	13	289633	232
Chi_P09_1	13	289633	25
Chi_P09_1	13	289633	132
Chi_P09_1	13	289633	88
Chi_P09_1	13	289633	379
Chi_P09_1	13	289633	52
Chi_P09_1	13	289633	136
Chi_P09_1	13	289633	155
Chi_P09_1	13	289633	193
Chi_P09_1	13	289633	87
Chi_P09_1	13	289633	315
Chi_P09_1	13	289633	161
Chi_P09_1	13	289633	15
Chi_P09_1	13	289633	147
Chi_P09_1	13	289633	85
Chi_P09_1	13	289633	115
Chi_P09_1	13	289633	74
Chi_P09_1	13	289633	109
Chi_P09_1	13	289633	118
Chi_P09_1	13	289633	184
Chi_P09_1	13	289633	219
Chi_P09_1	13	289633	64
Chi_P09_1	13	289633	138
Chi_P09_1	13	289633	46
Chi_P09_1	13	289633	166
Chi_P09_1	13	289633	102
Chi_P09_1	13	289633	146
Chi_P09_1	13	289633	74
Chi_P09_1	13	289633	142
Chi_P09_1	13	289633	114
Chi_P09_1	13	289633	115
Chi_P09_1	13	289633	24
Chi_P09_1	13	289633	150
Chi_P09_1	13	289633	101
Chi_P09_1	13	289633	187
Chi_P09_1	13	289633	153
Chi_P09_1	13	289633	157
Chi_P09_1	13	289633	223
Chi_P09_1	13	289633	168
Chi_P09_1	13	289633	23
Chi_P09_1	13	289633	105
Chi_P09_1	13	289633	129
Chi_P09_1	13	289633	65
Chi_P09_1	13	289633	55
Chi_P09_1	13	289633	121
Chi_P09_1	13	289633	78
Chi_P09_1	13	289633	82
Chi_P09_1	13	289633	132
Chi_P09_1	13	289633	154
Chi_P09_1	13	289633	60
Chi_P09_1	13	289633	126
Chi_P09_1	13	289633	164
Chi_P09_1	13	289633	78
Chi_P09_1	13	289633	255
Chi_P09_1	13	289633	76
Chi_P09_1	13	289633	100
Chi_P09_1	13	289633	95
Chi_P09_1	13	289633	267
Chi_P09_1	13	289633	191
Chi_P09_1	13	289633	138
Chi_P09_1	13	289633	107
Chi_P09_1	13	289633	69
Chi_P09_1	13	289633	176
Chi_P09_1	13	289633	64
Chi_P09_1	13	289633	113
Chi_P09_1	13	289633	156
Chi_P09_1	13	289633	61
Chi_P09_1	13	289633	178
Chi_P09_1	13	289633	73
Chi_P09_1	13	289633	207
Chi_P09_1	13	289633	207
Chi_P09_1	13	289633	140
Chi_P09_1	13	289633	118
Chi_P09_1	13	289633	69
Chi_P09_1	13	289633	102
Chi_P09_1	13	289633	283
Chi_P09_1	13	289633	123
Chi_P09_1	14	302647	63
Chi_P09_1	14	302647	183
Chi_P09_1	14	302647	149
Chi_P09_1	14	302647	112
Chi_P09_1	14	302647	132
Chi_P09_1	14	302647	112
Chi_P09_1	14	302647	83
Chi_P09_1	14	302647	35
Chi_P09_1	14	302647	136
Chi_P09_1	14	302647	153
Chi_P09_1	14	302647	80
Chi_P09_1	14	302647	98
Chi_P09_1	14	302647	116
Chi_P09_1	14	302647	315
Chi_P09_1	14	302647	118
Chi_P09_1	14	302647	76
Chi_P09_1	14	302647	122
Chi_P09_1	14	302647	60
Chi_P09_1	14	302647	199
Chi_P09_1	14	302647	108
Chi_P09_1	14	302647	82
Chi_P09_1	14	302647	154
Chi_P09_1	14	302647	205
Chi_P09_1	14	302647	115
Chi_P09_1	14	302647	112
Chi_P09_1	14	302647	59
Chi_P09_1	14	302647	97
Chi_P09_1	14	302647	151
Chi_P09_1	14	302647	112
Chi_P09_1	14	302647	111
Chi_P09_1	14	302647	121
Chi_P09_1	14	302647	126
Chi_P09_1	14	302647	20
Chi_P09_1	14	302647	57
Chi_P09_1	14	302647	111
Chi_P09_1	14	302647	72
Chi_P09_1	14	302647	68
Chi_P09_1	14	302647	417
Chi_P09_1	14	302647	198
Chi_P09_1	14	302647	178
Chi_P09_1	14	302647	17
Chi_P09_1	14	302647	125
Chi_P09_1	14	302647	78
Chi_P09_1	14	302647	85
Chi_P09_1	14	302647	64
Chi_P09_1	14	302647	40
Chi_P09_1	14	302647	37
Chi_P09_1	14	302647	117
Chi_P09_1	14	302647	213
Chi_P09_1	14	302647	36
Chi_P09_1	14	302647	81
Chi_P09_1	14	302647	102
Chi_P09_1	14	302647	76
Chi_P09_1	14	302647	137
Chi_P09_1	14	302647	133
Chi_P09_1	14	302647	96
Chi_P09_1	14	302647	92
Chi_P09_1	14	302647	57
Chi_P09_1	14	302647	164
Chi_P09_1	14	302647	160
Chi_P09_1	14	302647	70
Chi_P09_1	14	302647	26
Chi_P09_1	14	302647	103
Chi_P09_1	14	302647	75
Chi_P09_1	14	302647	119
Chi_P09_1	14	302647	87
Chi_P09_1	14	302647	18
Chi_P09_1	14	302647	113
Chi_P09_1	14	302647	113
Chi_P09_1	14	302647	89
Chi_P09_1	14	302647	97
Chi_P09_1	14	302647	130
Chi_P09_1	14	302647	78
Chi_P09_1	14	302647	218
Chi_P09_1	14	302647	80
Chi_P09_1	14	302647	57
Chi_P09_1	14	302647	33
Chi_P09_1	14	302647	100
Chi_P09_1	14	302647	74
Chi_P09_1	14	302647	125
Chi_P09_1	14	302647	72
Chi_P09_1	14	302647	108
Chi_P09_1	14	302647	114
Chi_P09_1	14	302647	63
Chi_P09_1	14	302647	109
Chi_P09_1	14	302647	284
Chi_P09_1	14	302647	158
Chi_P09_1	14	302647	172
Chi_P09_1	14	302647	103
Chi_P09_1	14	302647	113
Chi_P09_1	14	302647	134
Chi_P09_1	14	302647	128
Chi_P09_1	14	302647	89
Chi_P09_1	14	302647	70
Chi_P09_1	14	302647	90
Chi_P09_1	14	302647	47
Chi_P09_1	14	302647	210
Chi_P09_1	14	302647	61
Chi_P09_1	14	302647	92
Chi_P09_1	14	302647	40
Chi_P09_1	14	302647	50
Chi_P09_1	14	302647	66
Chi_P09_1	14	302647	107
Chi_P09_1	14	302647	114
Chi_P09_1	14	302647	112
Chi_P09_1	14	302647	71
Chi_P09_1	14	302647	143
Chi_P09_1	14	302647	33
Chi_P09_1	14	302647	164
Chi_P09_1	14	302647	99
Chi_P09_1	14	302647	115
Chi_P09_1	14	302647	70
Chi_P09_1	14	302647	97
Chi_P09_1	14	302647	118
Chi_P09_1	14	302647	75
Chi_P09_1	14	302647	101
Chi_P09_1	14	302647	37
Chi_P09_1	14	302647	75
Chi_P09_1	14	302647	63
Chi_P09_1	14	302647	56
Chi_P09_1	14	302647	124
Chi_P09_1	14	302647	206
Chi_P09_1	14	302647	55
Chi_P09_1	14	302647	51
Chi_P09_1	14	302647	131
Chi_P09_1	14	302647	61
Chi_P09_1	14	302647	75
Chi_P09_1	14	302647	77
Chi_P09_1	15	240205	182
Chi_P09_1	15	240205	215
Chi_P09_1	15	240205	159
Chi_P09_1	15	240205	182
Chi_P09_1	15	240205	105
Chi_P09_1	15	240205	109
Chi_P09_1	15	240205	198
Chi_P09_1	15	240205	148
Chi_P09_1	15	240205	128
Chi_P09_1	15	240205	276
Chi_P09_1	15	240205	108
Chi_P09_1	15	240205	107
Chi_P09_1	15	240205	177
Chi_P09_1	15	240205	120
Chi_P09_1	15	240205	112
Chi_P09_1	15	240205	77
Chi_P09_1	15	240205	152
Chi_P09_1	15	240205	85
Chi_P09_1	15	240205	93
Chi_P09_1	15	240205	70
Chi_P09_1	15	240205	125
Chi_P09_1	15	240205	174
Chi_P09_1	15	240205	133
Chi_P09_1	15	240205	330
Chi_P09_1	15	240205	144
Chi_P09_1	15	240205	273
Chi_P09_1	15	240205	150
Chi_P09_1	15	240205	227
Chi_P09_1	15	240205	75
Chi_P09_1	15	240205	84
Chi_P09_1	15	240205	212
Chi_P09_1	15	240205	174
Chi_P09_1	15	240205	101
Chi_P09_1	15	240205	124
Chi_P09_1	15	240205	149
Chi_P09_1	15	240205	174
Chi_P09_1	15	240205	137
Chi_P09_1	15	240205	110
Chi_P09_1	15	240205	146
Chi_P09_1	15	240205	164
Chi_P09_1	15	240205	293
Chi_P09_1	15	240205	325
Chi_P09_1	15	240205	128
Chi_P09_1	15	240205	255
Chi_P09_1	15	240205	114
Chi_P09_1	15	240205	148
Chi_P09_1	15	240205	184
Chi_P09_1	15	240205	205
Chi_P09_1	15	240205	186
Chi_P09_1	15	240205	58
Chi_P09_1	15	240205	125
Chi_P09_1	15	240205	79
Chi_P09_1	15	240205	110
Chi_P09_1	15	240205	172
Chi_P09_1	15	240205	112
Chi_P09_1	15	240205	139
Chi_P09_1	15	240205	292
Chi_P09_1	15	240205	213
Chi_P09_1	15	240205	63
Chi_P09_1	15	240205	73
Chi_P09_1	15	240205	120
Chi_P09_1	15	240205	130
Chi_P09_1	15	240205	101
Chi_P09_1	15	240205	116
Chi_P09_1	15	240205	234
Chi_P09_1	15	240205	127
Chi_P09_1	15	240205	140
Chi_P09_1	15	240205	102
Chi_P09_1	15	240205	84
Chi_P09_1	15	240205	102
Chi_P09_1	15	240205	130
Chi_P09_1	15	240205	88
Chi_P09_1	15	240205	67
Chi_P09_1	15	240205	151
Chi_P09_1	15	240205	145
Chi_P09_1	15	240205	135
Chi_P09_1	15	240205	87
Chi_P09_1	15	240205	254
Chi_P09_1	15	240205	127
Chi_P09_1	15	240205	102
Chi_P09_1	15	240205	142
Chi_P09_1	15	240205	177
Chi_P09_1	15	240205	80
Chi_P09_1	15	240205	132
Chi_P09_1	15	240205	162
Chi_P09_1	16	320530	41
Chi_P09_1	16	320530	84
Chi_P09_1	16	320530	141
Chi_P09_1	16	320530	110
Chi_P09_1	16	320530	148
Chi_P09_1	16	320530	94
Chi_P09_1	16	320530	110
Chi_P09_1	16	320530	110
Chi_P09_1	16	320530	321
Chi_P09_1	16	320530	118
Chi_P09_1	16	320530	182
Chi_P09_1	16	320530	223
Chi_P09_1	16	320530	46
Chi_P09_1	16	320530	77
Chi_P09_1	16	320530	84
Chi_P09_1	16	320530	42
Chi_P09_1	16	320530	42
Chi_P09_1	16	320530	121
Chi_P09_1	16	320530	93
Chi_P09_1	16	320530	84
Chi_P09_1	16	320530	186
Chi_P09_1	16	320530	93
Chi_P09_1	16	320530	111
Chi_P09_1	16	320530	124
Chi_P09_1	16	320530	95
Chi_P09_1	16	320530	84
Chi_P09_1	16	320530	87
Chi_P09_1	16	320530	89
Chi_P09_1	16	320530	90
Chi_P09_1	16	320530	219
Chi_P09_1	16	320530	41
Chi_P09_1	16	320530	65
Chi_P09_1	16	320530	160
Chi_P09_1	16	320530	109
Chi_P09_1	16	320530	103
Chi_P09_1	16	320530	124
Chi_P09_1	16	320530	132
Chi_P09_1	16	320530	57
Chi_P09_1	16	320530	136
Chi_P09_1	16	320530	66
Chi_P09_1	16	320530	122
Chi_P09_1	16	320530	50
Chi_P09_1	16	320530	92
Chi_P09_1	16	320530	265
Chi_P09_1	16	320530	47
Chi_P09_1	16	320530	159
Chi_P09_1	16	320530	133
Chi_P09_1	16	320530	62
Chi_P09_1	16	320530	122
Chi_P09_1	16	320530	74
Chi_P09_1	16	320530	140
Chi_P09_1	16	320530	145
Chi_P09_1	16	320530	72
Chi_P09_1	16	320530	106
Chi_P09_1	16	320530	56
Chi_P09_1	16	320530	95
Chi_P09_1	16	320530	54
Chi_P09_1	16	320530	142
Chi_P09_1	16	320530	203
Chi_P09_1	16	320530	150
Chi_P09_1	16	320530	146
Chi_P09_1	16	320530	89
Chi_P09_1	16	320530	208
Chi_P09_1	16	320530	126
Chi_P09_1	16	320530	113
Chi_P09_1	16	320530	206
Chi_P09_1	16	320530	110
Chi_P09_1	16	320530	200
Chi_P09_1	16	320530	164
Chi_P09_1	16	320530	117
Chi_P09_1	16	320530	48
Chi_P09_1	16	320530	104
Chi_P09_1	16	320530	375
Chi_P09_1	16	320530	215
Chi_P09_1	16	320530	163
Chi_P09_1	16	320530	135
Chi_P09_1	16	320530	98
Chi_P09_1	16	320530	93
Chi_P09_1	16	320530	59
Chi_P09_1	16	320530	214
Chi_P09_1	16	320530	78
Chi_P09_1	16	320530	130
Chi_P09_1	16	320530	150
Chi_P09_1	16	320530	128
Chi_P09_1	16	320530	159
Chi_P09_1	16	320530	108
Chi_P09_1	16	320530	124
Chi_P09_1	16	320530	143
Chi_P09_1	16	320530	146
Chi_P09_1	16	320530	92
Chi_P09_1	16	320530	76
Chi_P09_1	16	320530	150
Chi_P09_1	16	320530	81
Chi_P09_1	16	320530	93
Chi_P09_1	16	320530	120
Chi_P09_1	16	320530	76
Chi_P09_1	16	320530	85
Chi_P09_1	16	320530	139
Chi_P09_1	16	320530	75
Chi_P09_1	16	320530	76
Chi_P09_1	16	320530	81
Chi_P09_1	16	320530	85
Chi_P09_1	16	320530	46
Chi_P09_1	16	320530	105
Chi_P09_1	16	320530	61
Chi_P09_1	16	320530	65
Chi_P09_1	16	320530	158
Chi_P09_1	16	320530	75
Chi_P09_1	16	320530	104
Chi_P09_1	16	320530	53
Chi_P09_1	16	320530	108
Chi_P09_1	16	320530	81
Chi_P09_1	16	320530	125
Chi_P09_1	16	320530	180
Chi_P09_1	16	320530	75
Chi_P09_1	16	320530	94
Chi_P09_1	16	320530	149
Chi_P09_1	16	320530	93
Chi_P09_1	16	320530	55
Chi_P09_1	16	320530	82
Chi_P09_1	16	320530	182
Chi_P09_1	16	320530	88
Chi_P09_1	16	320530	180
Chi_P09_1	16	320530	70
Chi_P09_1	16	320530	168
Chi_P09_1	16	320530	188
Chi_P09_1	16	320530	88
Chi_P09_1	16	320530	123
Chi_P09_1	16	320530	110
Chi_P09_1	16	320530	128
Chi_P09_1	16	320530	78
Chi_P09_1	16	320530	226
Chi_P09_1	16	320530	60
Chi_P09_1	16	320530	144
Chi_P09_1	16	320530	58
Chi_P09_1	16	320530	92
Chi_P09_1	16	320530	147
Chi_P09_1	16	320530	76
Chi_P09_1	16	320530	132
Chi_P09_1	16	320530	53
Chi_P09_1	16	320530	97
Chi_P09_1	16	320530	81
Chi_P09_1	16	320530	22
Chi_P09_1	16	320530	352
Chi_P09_1	16	320530	33
Chi_P09_1	16	320530	141
Chi_P09_1	16	320530	136
Chi_P09_1	16	320530	149
Chi_P09_1	17	307574	126
Chi_P09_1	17	307574	65
Chi_P09_1	17	307574	100
Chi_P09_1	17	307574	90
Chi_P09_1	17	307574	177
Chi_P09_1	17	307574	62
Chi_P09_1	17	307574	103
Chi_P09_1	17	307574	87
Chi_P09_1	17	307574	91
Chi_P09_1	17	307574	82
Chi_P09_1	17	307574	137
Chi_P09_1	17	307574	74
Chi_P09_1	17	307574	114
Chi_P09_1	17	307574	92
Chi_P09_1	17	307574	69
Chi_P09_1	17	307574	147
Chi_P09_1	17	307574	114
Chi_P09_1	17	307574	97
Chi_P09_1	17	307574	124
Chi_P09_1	17	307574	157
Chi_P09_1	17	307574	87
Chi_P09_1	17	307574	124
Chi_P09_1	17	307574	213
Chi_P09_1	17	307574	171
Chi_P09_1	17	307574	180
Chi_P09_1	17	307574	135
Chi_P09_1	17	307574	117
Chi_P09_1	17	307574	101
Chi_P09_1	17	307574	165
Chi_P09_1	17	307574	173
Chi_P09_1	17	307574	92
Chi_P09_1	17	307574	140
Chi_P09_1	17	307574	118
Chi_P09_1	17	307574	138
Chi_P09_1	17	307574	124
Chi_P09_1	17	307574	103
Chi_P09_1	17	307574	99
Chi_P09_1	17	307574	72
Chi_P09_1	17	307574	135
Chi_P09_1	17	307574	120
Chi_P09_1	17	307574	256
Chi_P09_1	17	307574	131
Chi_P09_1	17	307574	174
Chi_P09_1	17	307574	64
Chi_P09_1	17	307574	148
Chi_P09_1	17	307574	208
Chi_P09_1	17	307574	120
Chi_P09_1	17	307574	99
Chi_P09_1	17	307574	93
Chi_P09_1	17	307574	57
Chi_P09_1	17	307574	395
Chi_P09_1	17	307574	176
Chi_P09_1	17	307574	166
Chi_P09_1	17	307574	211
Chi_P09_1	17	307574	160
Chi_P09_1	17	307574	80
Chi_P09_1	17	307574	128
Chi_P09_1	17	307574	68
Chi_P09_1	17	307574	191
Chi_P09_1	17	307574	51
Chi_P09_1	17	307574	176
Chi_P09_1	17	307574	173
Chi_P09_1	17	307574	85
Chi_P09_1	17	307574	84
Chi_P09_1	17	307574	135
Chi_P09_1	17	307574	299
Chi_P09_1	17	307574	122
Chi_P09_1	17	307574	101
Chi_P09_1	17	307574	56
Chi_P09_1	17	307574	206
Chi_P09_1	17	307574	170
Chi_P09_1	17	307574	75
Chi_P09_1	17	307574	116
Chi_P09_1	17	307574	96
Chi_P09_1	17	307574	96
Chi_P09_1	17	307574	59
Chi_P09_1	17	307574	168
Chi_P09_1	17	307574	65
Chi_P09_1	17	307574	43
Chi_P09_1	17	307574	135
Chi_P09_1	17	307574	117
Chi_P09_1	17	307574	95
Chi_P09_1	17	307574	185
Chi_P09_1	17	307574	169
Chi_P09_1	17	307574	133
Chi_P09_1	17	307574	206
Chi_P09_1	17	307574	105
Chi_P09_1	17	307574	136
Chi_P09_1	17	307574	109
Chi_P09_1	17	307574	109
Chi_P09_1	17	307574	77
Chi_P09_1	17	307574	101
Chi_P09_1	17	307574	103
Chi_P09_1	17	307574	95
Chi_P09_1	17	307574	279
Chi_P09_1	17	307574	61
Chi_P09_1	17	307574	138
Chi_P09_1	17	307574	104
Chi_P09_1	17	307574	119
Chi_P09_1	17	307574	107
Chi_P09_1	17	307574	125
Chi_P09_1	17	307574	109
Chi_P09_1	17	307574	260
Chi_P09_1	17	307574	100
Chi_P09_1	17	307574	180
Chi_P09_1	17	307574	99
Chi_P09_1	17	307574	77
Chi_P09_1	17	307574	165
Chi_P09_1	17	307574	119
Chi_P09_1	17	307574	66
Chi_P09_1	18	358097	0
Chi_P09_1	19	362635	0
Chi_P09_1	20	328549	0
Chi_P09_1	21	305961	14
Chi_P09_1	22	345254	0
Chi_P09_1	23	295008	0
