fichier	leaf	surfaceLeaf	surfaceLesion
Chi_P08_1	1	266722	129
Chi_P08_1	1	266722	85
Chi_P08_1	1	266722	56
Chi_P08_1	1	266722	184
Chi_P08_1	1	266722	67
Chi_P08_1	1	266722	104
Chi_P08_1	1	266722	116
Chi_P08_1	1	266722	27
Chi_P08_1	1	266722	126
Chi_P08_1	1	266722	58
Chi_P08_1	1	266722	70
Chi_P08_1	1	266722	56
Chi_P08_1	1	266722	92
Chi_P08_1	1	266722	186
Chi_P08_1	1	266722	78
Chi_P08_1	1	266722	72
Chi_P08_1	1	266722	69
Chi_P08_1	1	266722	73
Chi_P08_1	1	266722	107
Chi_P08_1	1	266722	14
Chi_P08_1	1	266722	102
Chi_P08_1	1	266722	104
Chi_P08_1	1	266722	86
Chi_P08_1	1	266722	76
Chi_P08_1	1	266722	69
Chi_P08_1	1	266722	83
Chi_P08_1	1	266722	75
Chi_P08_1	1	266722	104
Chi_P08_1	1	266722	68
Chi_P08_1	1	266722	72
Chi_P08_1	1	266722	74
Chi_P08_1	1	266722	159
Chi_P08_1	1	266722	119
Chi_P08_1	1	266722	69
Chi_P08_1	1	266722	93
Chi_P08_1	1	266722	272
Chi_P08_1	1	266722	152
Chi_P08_1	1	266722	99
Chi_P08_1	1	266722	111
Chi_P08_1	1	266722	275
Chi_P08_1	1	266722	211
Chi_P08_1	1	266722	180
Chi_P08_1	1	266722	55
Chi_P08_1	1	266722	81
Chi_P08_1	1	266722	98
Chi_P08_1	1	266722	160
Chi_P08_1	1	266722	115
Chi_P08_1	1	266722	51
Chi_P08_1	1	266722	186
Chi_P08_1	1	266722	123
Chi_P08_1	1	266722	57
Chi_P08_1	1	266722	139
Chi_P08_1	1	266722	115
Chi_P08_1	1	266722	96
Chi_P08_1	1	266722	133
Chi_P08_1	1	266722	209
Chi_P08_1	1	266722	114
Chi_P08_1	1	266722	250
Chi_P08_1	1	266722	108
Chi_P08_1	1	266722	302
Chi_P08_1	1	266722	108
Chi_P08_1	1	266722	72
Chi_P08_1	1	266722	281
Chi_P08_1	1	266722	38
Chi_P08_1	1	266722	200
Chi_P08_1	1	266722	205
Chi_P08_1	1	266722	133
Chi_P08_1	1	266722	81
Chi_P08_1	1	266722	160
Chi_P08_1	1	266722	125
Chi_P08_1	1	266722	117
Chi_P08_1	1	266722	123
Chi_P08_1	1	266722	121
Chi_P08_1	1	266722	109
Chi_P08_1	1	266722	121
Chi_P08_1	1	266722	135
Chi_P08_1	1	266722	172
Chi_P08_1	1	266722	244
Chi_P08_1	1	266722	145
Chi_P08_1	1	266722	153
Chi_P08_1	1	266722	159
Chi_P08_1	1	266722	202
Chi_P08_1	1	266722	113
Chi_P08_1	1	266722	120
Chi_P08_1	1	266722	167
Chi_P08_1	1	266722	280
Chi_P08_1	1	266722	106
Chi_P08_1	1	266722	104
Chi_P08_1	1	266722	122
Chi_P08_1	1	266722	124
Chi_P08_1	1	266722	119
Chi_P08_1	1	266722	240
Chi_P08_1	1	266722	159
Chi_P08_1	1	266722	112
Chi_P08_1	1	266722	181
Chi_P08_1	1	266722	107
Chi_P08_1	1	266722	100
Chi_P08_1	1	266722	84
Chi_P08_1	1	266722	91
Chi_P08_1	1	266722	94
Chi_P08_1	1	266722	128
Chi_P08_1	1	266722	121
Chi_P08_1	1	266722	279
Chi_P08_1	1	266722	620
Chi_P08_1	1	266722	102
Chi_P08_1	1	266722	332
Chi_P08_1	1	266722	168
Chi_P08_1	1	266722	229
Chi_P08_1	1	266722	208
Chi_P08_1	1	266722	152
Chi_P08_1	1	266722	111
Chi_P08_1	1	266722	111
Chi_P08_1	1	266722	132
Chi_P08_1	1	266722	127
Chi_P08_1	1	266722	325
Chi_P08_1	1	266722	141
Chi_P08_1	1	266722	149
Chi_P08_1	1	266722	191
Chi_P08_1	1	266722	78
Chi_P08_1	1	266722	55
Chi_P08_1	1	266722	123
Chi_P08_1	1	266722	283
Chi_P08_1	1	266722	93
Chi_P08_1	1	266722	102
Chi_P08_1	1	266722	47
Chi_P08_1	1	266722	192
Chi_P08_1	1	266722	196
Chi_P08_1	1	266722	133
Chi_P08_1	1	266722	157
Chi_P08_1	1	266722	109
Chi_P08_1	1	266722	149
Chi_P08_1	1	266722	116
Chi_P08_1	1	266722	272
Chi_P08_1	1	266722	71
Chi_P08_1	1	266722	105
Chi_P08_1	1	266722	154
Chi_P08_1	1	266722	92
Chi_P08_1	1	266722	96
Chi_P08_1	1	266722	105
Chi_P08_1	1	266722	168
Chi_P08_1	1	266722	71
Chi_P08_1	1	266722	137
Chi_P08_1	1	266722	139
Chi_P08_1	1	266722	58
Chi_P08_1	1	266722	156
Chi_P08_1	1	266722	49
Chi_P08_1	2	396424	109
Chi_P08_1	2	396424	121
Chi_P08_1	2	396424	89
Chi_P08_1	2	396424	28
Chi_P08_1	2	396424	147
Chi_P08_1	2	396424	143
Chi_P08_1	2	396424	96
Chi_P08_1	2	396424	152
Chi_P08_1	2	396424	55
Chi_P08_1	2	396424	206
Chi_P08_1	2	396424	100
Chi_P08_1	2	396424	80
Chi_P08_1	2	396424	114
Chi_P08_1	2	396424	210
Chi_P08_1	2	396424	151
Chi_P08_1	2	396424	62
Chi_P08_1	2	396424	156
Chi_P08_1	2	396424	151
Chi_P08_1	2	396424	126
Chi_P08_1	2	396424	208
Chi_P08_1	2	396424	132
Chi_P08_1	2	396424	122
Chi_P08_1	2	396424	286
Chi_P08_1	2	396424	160
Chi_P08_1	2	396424	135
Chi_P08_1	2	396424	168
Chi_P08_1	2	396424	212
Chi_P08_1	2	396424	83
Chi_P08_1	2	396424	59
Chi_P08_1	2	396424	162
Chi_P08_1	2	396424	102
Chi_P08_1	2	396424	92
Chi_P08_1	2	396424	57
Chi_P08_1	2	396424	61
Chi_P08_1	2	396424	105
Chi_P08_1	2	396424	215
Chi_P08_1	2	396424	81
Chi_P08_1	2	396424	148
Chi_P08_1	2	396424	150
Chi_P08_1	2	396424	136
Chi_P08_1	2	396424	127
Chi_P08_1	2	396424	164
Chi_P08_1	2	396424	131
Chi_P08_1	2	396424	182
Chi_P08_1	2	396424	195
Chi_P08_1	2	396424	154
Chi_P08_1	2	396424	171
Chi_P08_1	2	396424	103
Chi_P08_1	2	396424	148
Chi_P08_1	2	396424	171
Chi_P08_1	2	396424	154
Chi_P08_1	2	396424	131
Chi_P08_1	2	396424	240
Chi_P08_1	2	396424	251
Chi_P08_1	2	396424	175
Chi_P08_1	2	396424	172
Chi_P08_1	2	396424	106
Chi_P08_1	2	396424	169
Chi_P08_1	2	396424	131
Chi_P08_1	2	396424	129
Chi_P08_1	2	396424	91
Chi_P08_1	2	396424	96
Chi_P08_1	2	396424	134
Chi_P08_1	2	396424	112
Chi_P08_1	2	396424	95
Chi_P08_1	2	396424	721
Chi_P08_1	2	396424	133
Chi_P08_1	2	396424	236
Chi_P08_1	2	396424	164
Chi_P08_1	2	396424	105
Chi_P08_1	2	396424	127
Chi_P08_1	2	396424	102
Chi_P08_1	2	396424	174
Chi_P08_1	2	396424	80
Chi_P08_1	2	396424	142
Chi_P08_1	2	396424	146
Chi_P08_1	2	396424	213
Chi_P08_1	2	396424	201
Chi_P08_1	2	396424	118
Chi_P08_1	2	396424	198
Chi_P08_1	2	396424	126
Chi_P08_1	2	396424	139
Chi_P08_1	2	396424	111
Chi_P08_1	2	396424	145
Chi_P08_1	2	396424	244
Chi_P08_1	2	396424	120
Chi_P08_1	2	396424	144
Chi_P08_1	2	396424	149
Chi_P08_1	2	396424	213
Chi_P08_1	2	396424	227
Chi_P08_1	2	396424	111
Chi_P08_1	2	396424	97
Chi_P08_1	2	396424	143
Chi_P08_1	2	396424	16
Chi_P08_1	2	396424	197
Chi_P08_1	2	396424	213
Chi_P08_1	2	396424	54
Chi_P08_1	2	396424	133
Chi_P08_1	2	396424	60
Chi_P08_1	2	396424	190
Chi_P08_1	2	396424	141
Chi_P08_1	2	396424	59
Chi_P08_1	2	396424	130
Chi_P08_1	2	396424	50
Chi_P08_1	2	396424	61
Chi_P08_1	2	396424	210
Chi_P08_1	2	396424	26
Chi_P08_1	2	396424	12
Chi_P08_1	2	396424	86
Chi_P08_1	2	396424	220
Chi_P08_1	2	396424	122
Chi_P08_1	2	396424	97
Chi_P08_1	2	396424	70
Chi_P08_1	3	356857	29
Chi_P08_1	3	356857	88
Chi_P08_1	3	356857	19
Chi_P08_1	3	356857	58
Chi_P08_1	3	356857	49
Chi_P08_1	3	356857	81
Chi_P08_1	3	356857	65
Chi_P08_1	3	356857	69
Chi_P08_1	3	356857	40
Chi_P08_1	3	356857	108
Chi_P08_1	3	356857	73
Chi_P08_1	3	356857	101
Chi_P08_1	3	356857	62
Chi_P08_1	3	356857	69
Chi_P08_1	3	356857	76
Chi_P08_1	3	356857	117
Chi_P08_1	3	356857	42
Chi_P08_1	3	356857	65
Chi_P08_1	3	356857	122
Chi_P08_1	3	356857	63
Chi_P08_1	3	356857	73
Chi_P08_1	3	356857	18
Chi_P08_1	3	356857	49
Chi_P08_1	3	356857	95
Chi_P08_1	3	356857	19
Chi_P08_1	3	356857	50
Chi_P08_1	3	356857	44
Chi_P08_1	3	356857	77
Chi_P08_1	3	356857	92
Chi_P08_1	3	356857	121
Chi_P08_1	3	356857	47
Chi_P08_1	3	356857	80
Chi_P08_1	3	356857	81
Chi_P08_1	3	356857	31
Chi_P08_1	3	356857	110
Chi_P08_1	3	356857	112
Chi_P08_1	3	356857	119
Chi_P08_1	3	356857	192
Chi_P08_1	3	356857	109
Chi_P08_1	3	356857	48
Chi_P08_1	3	356857	87
Chi_P08_1	3	356857	101
Chi_P08_1	3	356857	97
Chi_P08_1	3	356857	86
Chi_P08_1	3	356857	149
Chi_P08_1	3	356857	83
Chi_P08_1	3	356857	98
Chi_P08_1	3	356857	84
Chi_P08_1	3	356857	88
Chi_P08_1	3	356857	60
Chi_P08_1	3	356857	93
Chi_P08_1	3	356857	64
Chi_P08_1	3	356857	37
Chi_P08_1	3	356857	114
Chi_P08_1	3	356857	75
Chi_P08_1	3	356857	109
Chi_P08_1	3	356857	100
Chi_P08_1	3	356857	54
Chi_P08_1	3	356857	89
Chi_P08_1	3	356857	53
Chi_P08_1	3	356857	59
Chi_P08_1	3	356857	81
Chi_P08_1	3	356857	109
Chi_P08_1	3	356857	68
Chi_P08_1	3	356857	58
Chi_P08_1	3	356857	79
Chi_P08_1	3	356857	52
Chi_P08_1	3	356857	106
Chi_P08_1	3	356857	53
Chi_P08_1	3	356857	72
Chi_P08_1	3	356857	247
Chi_P08_1	3	356857	60
Chi_P08_1	3	356857	49
Chi_P08_1	3	356857	48
Chi_P08_1	3	356857	81
Chi_P08_1	3	356857	97
Chi_P08_1	3	356857	84
Chi_P08_1	3	356857	47
Chi_P08_1	3	356857	94
Chi_P08_1	3	356857	102
Chi_P08_1	3	356857	71
Chi_P08_1	3	356857	88
Chi_P08_1	3	356857	18
Chi_P08_1	3	356857	75
Chi_P08_1	3	356857	93
Chi_P08_1	3	356857	64
Chi_P08_1	3	356857	107
Chi_P08_1	3	356857	88
Chi_P08_1	3	356857	122
Chi_P08_1	3	356857	76
Chi_P08_1	3	356857	134
Chi_P08_1	3	356857	149
Chi_P08_1	3	356857	100
Chi_P08_1	3	356857	142
Chi_P08_1	3	356857	111
Chi_P08_1	3	356857	69
Chi_P08_1	3	356857	96
Chi_P08_1	3	356857	128
Chi_P08_1	3	356857	90
Chi_P08_1	3	356857	450
Chi_P08_1	3	356857	56
Chi_P08_1	3	356857	109
Chi_P08_1	3	356857	81
Chi_P08_1	3	356857	180
Chi_P08_1	3	356857	48
Chi_P08_1	3	356857	33
Chi_P08_1	3	356857	222
Chi_P08_1	3	356857	170
Chi_P08_1	3	356857	75
Chi_P08_1	3	356857	96
Chi_P08_1	3	356857	65
Chi_P08_1	3	356857	87
Chi_P08_1	3	356857	77
Chi_P08_1	3	356857	63
Chi_P08_1	3	356857	23
Chi_P08_1	3	356857	15
Chi_P08_1	3	356857	30
Chi_P08_1	3	356857	80
Chi_P08_1	3	356857	84
Chi_P08_1	3	356857	78
Chi_P08_1	3	356857	113
Chi_P08_1	3	356857	105
Chi_P08_1	3	356857	59
Chi_P08_1	3	356857	123
Chi_P08_1	3	356857	87
Chi_P08_1	3	356857	105
Chi_P08_1	3	356857	79
Chi_P08_1	3	356857	88
Chi_P08_1	3	356857	153
Chi_P08_1	3	356857	89
Chi_P08_1	3	356857	78
Chi_P08_1	3	356857	38
Chi_P08_1	3	356857	79
Chi_P08_1	3	356857	85
Chi_P08_1	3	356857	109
Chi_P08_1	3	356857	61
Chi_P08_1	3	356857	66
Chi_P08_1	3	356857	67
Chi_P08_1	3	356857	40
Chi_P08_1	3	356857	76
Chi_P08_1	3	356857	100
Chi_P08_1	4	373455	85
Chi_P08_1	4	373455	65
Chi_P08_1	4	373455	97
Chi_P08_1	4	373455	71
Chi_P08_1	4	373455	119
Chi_P08_1	4	373455	88
Chi_P08_1	4	373455	76
Chi_P08_1	4	373455	115
Chi_P08_1	4	373455	265
Chi_P08_1	4	373455	110
Chi_P08_1	4	373455	102
Chi_P08_1	4	373455	92
Chi_P08_1	4	373455	38
Chi_P08_1	4	373455	60
Chi_P08_1	4	373455	100
Chi_P08_1	4	373455	75
Chi_P08_1	4	373455	200
Chi_P08_1	4	373455	56
Chi_P08_1	4	373455	103
Chi_P08_1	4	373455	167
Chi_P08_1	4	373455	27
Chi_P08_1	4	373455	69
Chi_P08_1	4	373455	111
Chi_P08_1	4	373455	33
Chi_P08_1	4	373455	60
Chi_P08_1	4	373455	114
Chi_P08_1	4	373455	58
Chi_P08_1	4	373455	135
Chi_P08_1	4	373455	19
Chi_P08_1	4	373455	136
Chi_P08_1	4	373455	71
Chi_P08_1	4	373455	162
Chi_P08_1	4	373455	96
Chi_P08_1	4	373455	132
Chi_P08_1	4	373455	97
Chi_P08_1	4	373455	109
Chi_P08_1	4	373455	139
Chi_P08_1	4	373455	88
Chi_P08_1	4	373455	149
Chi_P08_1	4	373455	76
Chi_P08_1	4	373455	334
Chi_P08_1	4	373455	91
Chi_P08_1	4	373455	98
Chi_P08_1	4	373455	80
Chi_P08_1	4	373455	207
Chi_P08_1	4	373455	54
Chi_P08_1	4	373455	110
Chi_P08_1	4	373455	431
Chi_P08_1	4	373455	110
Chi_P08_1	4	373455	113
Chi_P08_1	4	373455	107
Chi_P08_1	4	373455	102
Chi_P08_1	4	373455	188
Chi_P08_1	4	373455	145
Chi_P08_1	4	373455	118
Chi_P08_1	4	373455	141
Chi_P08_1	4	373455	133
Chi_P08_1	4	373455	102
Chi_P08_1	4	373455	178
Chi_P08_1	4	373455	110
Chi_P08_1	4	373455	103
Chi_P08_1	4	373455	123
Chi_P08_1	4	373455	202
Chi_P08_1	4	373455	117
Chi_P08_1	4	373455	96
Chi_P08_1	4	373455	326
Chi_P08_1	4	373455	129
Chi_P08_1	4	373455	143
Chi_P08_1	4	373455	64
Chi_P08_1	4	373455	144
Chi_P08_1	4	373455	47
Chi_P08_1	4	373455	88
Chi_P08_1	4	373455	98
Chi_P08_1	4	373455	160
Chi_P08_1	4	373455	113
Chi_P08_1	4	373455	82
Chi_P08_1	4	373455	75
Chi_P08_1	4	373455	124
Chi_P08_1	4	373455	95
Chi_P08_1	4	373455	115
Chi_P08_1	4	373455	173
Chi_P08_1	4	373455	135
Chi_P08_1	4	373455	73
Chi_P08_1	4	373455	156
Chi_P08_1	4	373455	352
Chi_P08_1	4	373455	92
Chi_P08_1	4	373455	50
Chi_P08_1	4	373455	214
Chi_P08_1	4	373455	105
Chi_P08_1	4	373455	125
Chi_P08_1	4	373455	1088
Chi_P08_1	4	373455	75
Chi_P08_1	4	373455	57
Chi_P08_1	4	373455	180
Chi_P08_1	4	373455	108
Chi_P08_1	4	373455	91
Chi_P08_1	4	373455	108
Chi_P08_1	4	373455	104
Chi_P08_1	4	373455	119
Chi_P08_1	4	373455	63
Chi_P08_1	4	373455	96
Chi_P08_1	4	373455	116
Chi_P08_1	4	373455	55
Chi_P08_1	4	373455	114
Chi_P08_1	4	373455	74
Chi_P08_1	4	373455	173
Chi_P08_1	4	373455	112
Chi_P08_1	4	373455	106
Chi_P08_1	4	373455	413
Chi_P08_1	4	373455	179
Chi_P08_1	4	373455	77
Chi_P08_1	4	373455	46
Chi_P08_1	4	373455	130
Chi_P08_1	4	373455	207
Chi_P08_1	4	373455	824
Chi_P08_1	4	373455	125
Chi_P08_1	4	373455	59
Chi_P08_1	4	373455	156
Chi_P08_1	4	373455	108
Chi_P08_1	4	373455	97
Chi_P08_1	4	373455	250
Chi_P08_1	4	373455	360
Chi_P08_1	4	373455	515
Chi_P08_1	4	373455	343
Chi_P08_1	4	373455	124
Chi_P08_1	4	373455	93
Chi_P08_1	4	373455	129
Chi_P08_1	4	373455	57
Chi_P08_1	4	373455	136
Chi_P08_1	4	373455	81
Chi_P08_1	4	373455	115
Chi_P08_1	4	373455	116
Chi_P08_1	4	373455	94
Chi_P08_1	4	373455	149
Chi_P08_1	4	373455	105
Chi_P08_1	4	373455	143
Chi_P08_1	4	373455	134
Chi_P08_1	4	373455	74
Chi_P08_1	4	373455	11
Chi_P08_1	4	373455	54
Chi_P08_1	4	373455	46
Chi_P08_1	4	373455	95
Chi_P08_1	4	373455	120
Chi_P08_1	4	373455	127
Chi_P08_1	4	373455	138
Chi_P08_1	4	373455	109
Chi_P08_1	4	373455	97
Chi_P08_1	4	373455	142
Chi_P08_1	4	373455	133
Chi_P08_1	4	373455	92
Chi_P08_1	4	373455	64
Chi_P08_1	4	373455	157
Chi_P08_1	4	373455	50
Chi_P08_1	4	373455	173
Chi_P08_1	4	373455	58
Chi_P08_1	5	337153	65
Chi_P08_1	5	337153	54
Chi_P08_1	5	337153	29
Chi_P08_1	5	337153	63
Chi_P08_1	5	337153	71
Chi_P08_1	5	337153	53
Chi_P08_1	5	337153	73
Chi_P08_1	5	337153	82
Chi_P08_1	5	337153	32
Chi_P08_1	5	337153	33
Chi_P08_1	5	337153	126
Chi_P08_1	5	337153	71
Chi_P08_1	5	337153	89
Chi_P08_1	5	337153	117
Chi_P08_1	5	337153	130
Chi_P08_1	5	337153	78
Chi_P08_1	5	337153	81
Chi_P08_1	5	337153	36
Chi_P08_1	5	337153	31
Chi_P08_1	5	337153	125
Chi_P08_1	5	337153	52
Chi_P08_1	5	337153	61
Chi_P08_1	5	337153	68
Chi_P08_1	5	337153	60
Chi_P08_1	5	337153	31
Chi_P08_1	5	337153	82
Chi_P08_1	5	337153	179
Chi_P08_1	5	337153	58
Chi_P08_1	5	337153	78
Chi_P08_1	5	337153	80
Chi_P08_1	5	337153	59
Chi_P08_1	5	337153	199
Chi_P08_1	5	337153	107
Chi_P08_1	5	337153	81
Chi_P08_1	5	337153	29
Chi_P08_1	5	337153	48
Chi_P08_1	5	337153	47
Chi_P08_1	5	337153	100
Chi_P08_1	5	337153	77
Chi_P08_1	5	337153	34
Chi_P08_1	5	337153	82
Chi_P08_1	5	337153	82
Chi_P08_1	5	337153	65
Chi_P08_1	5	337153	43
Chi_P08_1	5	337153	102
Chi_P08_1	5	337153	128
Chi_P08_1	5	337153	110
Chi_P08_1	5	337153	63
Chi_P08_1	5	337153	58
Chi_P08_1	5	337153	152
Chi_P08_1	5	337153	71
Chi_P08_1	5	337153	106
Chi_P08_1	5	337153	131
Chi_P08_1	5	337153	123
Chi_P08_1	5	337153	117
Chi_P08_1	5	337153	98
Chi_P08_1	5	337153	68
Chi_P08_1	5	337153	76
Chi_P08_1	5	337153	91
Chi_P08_1	5	337153	102
Chi_P08_1	5	337153	59
Chi_P08_1	5	337153	127
Chi_P08_1	5	337153	89
Chi_P08_1	5	337153	48
Chi_P08_1	5	337153	105
Chi_P08_1	5	337153	149
Chi_P08_1	5	337153	123
Chi_P08_1	5	337153	134
Chi_P08_1	5	337153	81
Chi_P08_1	5	337153	77
Chi_P08_1	5	337153	102
Chi_P08_1	5	337153	98
Chi_P08_1	5	337153	59
Chi_P08_1	5	337153	86
Chi_P08_1	5	337153	78
Chi_P08_1	5	337153	134
Chi_P08_1	5	337153	138
Chi_P08_1	5	337153	76
Chi_P08_1	5	337153	134
Chi_P08_1	5	337153	67
Chi_P08_1	5	337153	108
Chi_P08_1	5	337153	170
Chi_P08_1	5	337153	116
Chi_P08_1	5	337153	259
Chi_P08_1	5	337153	27
Chi_P08_1	5	337153	177
Chi_P08_1	5	337153	111
Chi_P08_1	5	337153	66
Chi_P08_1	5	337153	69
Chi_P08_1	5	337153	140
Chi_P08_1	5	337153	70
Chi_P08_1	5	337153	171
Chi_P08_1	5	337153	100
Chi_P08_1	5	337153	122
Chi_P08_1	5	337153	110
Chi_P08_1	5	337153	159
Chi_P08_1	5	337153	41
Chi_P08_1	5	337153	94
Chi_P08_1	5	337153	73
Chi_P08_1	5	337153	97
Chi_P08_1	5	337153	59
Chi_P08_1	5	337153	140
Chi_P08_1	5	337153	68
Chi_P08_1	5	337153	64
Chi_P08_1	5	337153	119
Chi_P08_1	5	337153	139
Chi_P08_1	5	337153	100
Chi_P08_1	5	337153	142
Chi_P08_1	5	337153	1056
Chi_P08_1	5	337153	113
Chi_P08_1	5	337153	73
Chi_P08_1	5	337153	96
Chi_P08_1	5	337153	151
Chi_P08_1	5	337153	222
Chi_P08_1	5	337153	155
Chi_P08_1	5	337153	206
Chi_P08_1	5	337153	91
Chi_P08_1	5	337153	60
Chi_P08_1	5	337153	117
Chi_P08_1	5	337153	38
Chi_P08_1	5	337153	94
Chi_P08_1	5	337153	101
Chi_P08_1	5	337153	88
Chi_P08_1	5	337153	271
Chi_P08_1	5	337153	106
Chi_P08_1	5	337153	133
Chi_P08_1	5	337153	132
Chi_P08_1	5	337153	71
Chi_P08_1	5	337153	87
Chi_P08_1	5	337153	363
Chi_P08_1	5	337153	113
Chi_P08_1	5	337153	119
Chi_P08_1	5	337153	102
Chi_P08_1	5	337153	78
Chi_P08_1	5	337153	87
Chi_P08_1	5	337153	137
Chi_P08_1	6	289059	335
Chi_P08_1	7	288375	344
Chi_P08_1	8	325229	389
Chi_P08_1	9	311138	36
Chi_P08_1	9	311138	48
Chi_P08_1	9	311138	351
Chi_P08_1	9	311138	365
Chi_P08_1	10	255832	13
Chi_P08_1	10	255832	294
Chi_P08_1	11	324696	219
Chi_P08_1	11	324696	157
Chi_P08_1	12	331170	37
Chi_P08_1	12	331170	232
Chi_P08_1	12	331170	155
Chi_P08_1	12	331170	13
Chi_P08_1	12	331170	52
Chi_P08_1	12	331170	446
Chi_P08_1	12	331170	92
Chi_P08_1	12	331170	45
Chi_P08_1	12	331170	295
Chi_P08_1	12	331170	50
Chi_P08_1	12	331170	15
Chi_P08_1	12	331170	101
Chi_P08_1	12	331170	94
Chi_P08_1	12	331170	134
Chi_P08_1	12	331170	13
Chi_P08_1	12	331170	44
Chi_P08_1	12	331170	86
Chi_P08_1	12	331170	62
Chi_P08_1	12	331170	127
Chi_P08_1	12	331170	140
Chi_P08_1	12	331170	96
Chi_P08_1	12	331170	79
Chi_P08_1	12	331170	70
Chi_P08_1	12	331170	170
Chi_P08_1	12	331170	68
Chi_P08_1	12	331170	66
Chi_P08_1	12	331170	160
Chi_P08_1	12	331170	130
Chi_P08_1	12	331170	103
Chi_P08_1	12	331170	159
Chi_P08_1	12	331170	103
Chi_P08_1	12	331170	84
Chi_P08_1	12	331170	180
Chi_P08_1	12	331170	116
Chi_P08_1	12	331170	149
Chi_P08_1	12	331170	106
Chi_P08_1	12	331170	144
Chi_P08_1	12	331170	103
Chi_P08_1	12	331170	94
Chi_P08_1	12	331170	96
Chi_P08_1	12	331170	131
Chi_P08_1	12	331170	124
Chi_P08_1	12	331170	28
Chi_P08_1	12	331170	103
Chi_P08_1	12	331170	122
Chi_P08_1	12	331170	163
Chi_P08_1	12	331170	307
Chi_P08_1	12	331170	26
Chi_P08_1	12	331170	120
Chi_P08_1	12	331170	22
Chi_P08_1	12	331170	60
Chi_P08_1	12	331170	124
Chi_P08_1	12	331170	110
Chi_P08_1	12	331170	106
Chi_P08_1	12	331170	52
Chi_P08_1	12	331170	102
Chi_P08_1	12	331170	56
Chi_P08_1	12	331170	75
Chi_P08_1	12	331170	17
Chi_P08_1	12	331170	73
Chi_P08_1	12	331170	34
Chi_P08_1	12	331170	63
Chi_P08_1	12	331170	156
Chi_P08_1	12	331170	226
Chi_P08_1	12	331170	166
Chi_P08_1	12	331170	357
Chi_P08_1	12	331170	70
Chi_P08_1	12	331170	56
Chi_P08_1	12	331170	22
Chi_P08_1	12	331170	69
Chi_P08_1	12	331170	68
Chi_P08_1	12	331170	55
Chi_P08_1	12	331170	89
Chi_P08_1	12	331170	116
Chi_P08_1	12	331170	101
Chi_P08_1	12	331170	93
Chi_P08_1	12	331170	28
Chi_P08_1	12	331170	71
Chi_P08_1	12	331170	101
Chi_P08_1	12	331170	469
Chi_P08_1	12	331170	54
Chi_P08_1	12	331170	144
Chi_P08_1	12	331170	61
Chi_P08_1	12	331170	99
Chi_P08_1	12	331170	20
Chi_P08_1	12	331170	65
Chi_P08_1	12	331170	182
Chi_P08_1	12	331170	49
Chi_P08_1	12	331170	115
Chi_P08_1	12	331170	65
Chi_P08_1	12	331170	99
Chi_P08_1	12	331170	19
Chi_P08_1	12	331170	91
Chi_P08_1	12	331170	36
Chi_P08_1	12	331170	83
Chi_P08_1	12	331170	64
Chi_P08_1	12	331170	13
Chi_P08_1	12	331170	116
Chi_P08_1	12	331170	39
Chi_P08_1	12	331170	39
Chi_P08_1	12	331170	131
Chi_P08_1	12	331170	52
Chi_P08_1	12	331170	97
Chi_P08_1	12	331170	103
Chi_P08_1	12	331170	33
Chi_P08_1	12	331170	39
Chi_P08_1	12	331170	84
Chi_P08_1	12	331170	44
Chi_P08_1	12	331170	58
Chi_P08_1	12	331170	44
Chi_P08_1	12	331170	69
Chi_P08_1	12	331170	24
Chi_P08_1	12	331170	93
Chi_P08_1	12	331170	45
Chi_P08_1	12	331170	72
Chi_P08_1	12	331170	105
Chi_P08_1	12	331170	105
Chi_P08_1	13	356333	122
Chi_P08_1	13	356333	49
Chi_P08_1	13	356333	75
Chi_P08_1	13	356333	114
Chi_P08_1	13	356333	121
Chi_P08_1	13	356333	106
Chi_P08_1	13	356333	99
Chi_P08_1	13	356333	69
Chi_P08_1	13	356333	138
Chi_P08_1	13	356333	67
Chi_P08_1	13	356333	96
Chi_P08_1	13	356333	150
Chi_P08_1	13	356333	97
Chi_P08_1	13	356333	175
Chi_P08_1	13	356333	92
Chi_P08_1	13	356333	82
Chi_P08_1	13	356333	62
Chi_P08_1	13	356333	76
Chi_P08_1	13	356333	137
Chi_P08_1	13	356333	106
Chi_P08_1	13	356333	103
Chi_P08_1	13	356333	85
Chi_P08_1	13	356333	67
Chi_P08_1	13	356333	101
Chi_P08_1	13	356333	99
Chi_P08_1	13	356333	157
Chi_P08_1	13	356333	81
Chi_P08_1	13	356333	65
Chi_P08_1	13	356333	70
Chi_P08_1	13	356333	129
Chi_P08_1	13	356333	118
Chi_P08_1	13	356333	217
Chi_P08_1	13	356333	59
Chi_P08_1	13	356333	123
Chi_P08_1	13	356333	72
Chi_P08_1	13	356333	65
Chi_P08_1	13	356333	138
Chi_P08_1	13	356333	79
Chi_P08_1	13	356333	71
Chi_P08_1	13	356333	143
Chi_P08_1	13	356333	81
Chi_P08_1	13	356333	111
Chi_P08_1	13	356333	127
Chi_P08_1	13	356333	136
Chi_P08_1	13	356333	165
Chi_P08_1	13	356333	161
Chi_P08_1	13	356333	114
Chi_P08_1	13	356333	105
Chi_P08_1	13	356333	517
Chi_P08_1	13	356333	126
Chi_P08_1	13	356333	94
Chi_P08_1	13	356333	67
Chi_P08_1	13	356333	42
Chi_P08_1	13	356333	83
Chi_P08_1	13	356333	74
Chi_P08_1	13	356333	129
Chi_P08_1	13	356333	52
Chi_P08_1	13	356333	149
Chi_P08_1	13	356333	103
Chi_P08_1	13	356333	44
Chi_P08_1	13	356333	92
Chi_P08_1	13	356333	40
Chi_P08_1	13	356333	14
Chi_P08_1	13	356333	132
Chi_P08_1	13	356333	94
Chi_P08_1	13	356333	116
Chi_P08_1	13	356333	91
Chi_P08_1	13	356333	45
Chi_P08_1	13	356333	100
Chi_P08_1	13	356333	73
Chi_P08_1	13	356333	35
Chi_P08_1	13	356333	58
Chi_P08_1	13	356333	93
Chi_P08_1	13	356333	139
Chi_P08_1	13	356333	41
Chi_P08_1	13	356333	142
Chi_P08_1	13	356333	62
Chi_P08_1	13	356333	99
Chi_P08_1	13	356333	83
Chi_P08_1	13	356333	112
Chi_P08_1	13	356333	116
Chi_P08_1	13	356333	56
Chi_P08_1	13	356333	136
Chi_P08_1	13	356333	90
Chi_P08_1	13	356333	136
Chi_P08_1	13	356333	119
Chi_P08_1	13	356333	88
Chi_P08_1	13	356333	117
Chi_P08_1	13	356333	96
Chi_P08_1	14	302469	87
Chi_P08_1	14	302469	27
Chi_P08_1	14	302469	60
Chi_P08_1	14	302469	152
Chi_P08_1	14	302469	41
Chi_P08_1	14	302469	109
Chi_P08_1	14	302469	96
Chi_P08_1	14	302469	10
Chi_P08_1	14	302469	130
Chi_P08_1	14	302469	89
Chi_P08_1	14	302469	119
Chi_P08_1	14	302469	103
Chi_P08_1	14	302469	93
Chi_P08_1	14	302469	76
Chi_P08_1	14	302469	111
Chi_P08_1	14	302469	62
Chi_P08_1	14	302469	132
Chi_P08_1	14	302469	158
Chi_P08_1	14	302469	70
Chi_P08_1	14	302469	76
Chi_P08_1	14	302469	313
Chi_P08_1	14	302469	118
Chi_P08_1	14	302469	83
Chi_P08_1	14	302469	86
Chi_P08_1	14	302469	115
Chi_P08_1	14	302469	68
Chi_P08_1	14	302469	105
Chi_P08_1	14	302469	100
Chi_P08_1	14	302469	74
Chi_P08_1	14	302469	68
Chi_P08_1	14	302469	222
Chi_P08_1	14	302469	87
Chi_P08_1	14	302469	138
Chi_P08_1	14	302469	94
Chi_P08_1	14	302469	88
Chi_P08_1	14	302469	216
Chi_P08_1	14	302469	78
Chi_P08_1	14	302469	208
Chi_P08_1	14	302469	95
Chi_P08_1	14	302469	266
Chi_P08_1	14	302469	129
Chi_P08_1	14	302469	36
Chi_P08_1	14	302469	74
Chi_P08_1	14	302469	153
Chi_P08_1	14	302469	111
Chi_P08_1	14	302469	97
Chi_P08_1	14	302469	53
Chi_P08_1	14	302469	80
Chi_P08_1	14	302469	59
Chi_P08_1	14	302469	120
Chi_P08_1	14	302469	29
Chi_P08_1	14	302469	40
Chi_P08_1	14	302469	111
Chi_P08_1	14	302469	80
Chi_P08_1	14	302469	71
Chi_P08_1	14	302469	84
Chi_P08_1	14	302469	80
Chi_P08_1	14	302469	98
Chi_P08_1	14	302469	88
Chi_P08_1	14	302469	91
Chi_P08_1	14	302469	70
Chi_P08_1	14	302469	12
Chi_P08_1	14	302469	102
Chi_P08_1	14	302469	38
Chi_P08_1	14	302469	75
Chi_P08_1	14	302469	152
Chi_P08_1	14	302469	76
Chi_P08_1	14	302469	74
Chi_P08_1	14	302469	97
Chi_P08_1	14	302469	33
Chi_P08_1	14	302469	71
Chi_P08_1	14	302469	125
Chi_P08_1	14	302469	58
Chi_P08_1	14	302469	11
Chi_P08_1	14	302469	39
Chi_P08_1	14	302469	132
Chi_P08_1	14	302469	78
Chi_P08_1	14	302469	491
Chi_P08_1	14	302469	51
Chi_P08_1	14	302469	54
Chi_P08_1	14	302469	100
Chi_P08_1	14	302469	110
Chi_P08_1	14	302469	67
Chi_P08_1	14	302469	29
Chi_P08_1	14	302469	61
Chi_P08_1	14	302469	82
Chi_P08_1	14	302469	30
Chi_P08_1	14	302469	42
Chi_P08_1	14	302469	98
Chi_P08_1	14	302469	54
Chi_P08_1	14	302469	54
Chi_P08_1	14	302469	18
Chi_P08_1	14	302469	42
Chi_P08_1	14	302469	96
Chi_P08_1	14	302469	11
Chi_P08_1	14	302469	61
Chi_P08_1	14	302469	63
Chi_P08_1	14	302469	59
Chi_P08_1	14	302469	61
Chi_P08_1	14	302469	37
Chi_P08_1	14	302469	90
Chi_P08_1	14	302469	77
Chi_P08_1	14	302469	58
Chi_P08_1	14	302469	12
Chi_P08_1	14	302469	15
Chi_P08_1	14	302469	63
Chi_P08_1	14	302469	110
Chi_P08_1	14	302469	114
Chi_P08_1	14	302469	61
Chi_P08_1	14	302469	43
Chi_P08_1	15	292041	30
Chi_P08_1	15	292041	86
Chi_P08_1	15	292041	43
Chi_P08_1	15	292041	43
Chi_P08_1	15	292041	102
Chi_P08_1	15	292041	102
Chi_P08_1	15	292041	65
Chi_P08_1	15	292041	66
Chi_P08_1	15	292041	101
Chi_P08_1	15	292041	142
Chi_P08_1	15	292041	74
Chi_P08_1	15	292041	30
Chi_P08_1	15	292041	140
Chi_P08_1	15	292041	93
Chi_P08_1	15	292041	113
Chi_P08_1	15	292041	79
Chi_P08_1	15	292041	49
Chi_P08_1	15	292041	108
Chi_P08_1	15	292041	109
Chi_P08_1	15	292041	71
Chi_P08_1	15	292041	189
Chi_P08_1	15	292041	62
Chi_P08_1	15	292041	108
Chi_P08_1	15	292041	206
Chi_P08_1	15	292041	65
Chi_P08_1	15	292041	108
Chi_P08_1	15	292041	87
Chi_P08_1	15	292041	128
Chi_P08_1	15	292041	78
Chi_P08_1	15	292041	109
Chi_P08_1	15	292041	147
Chi_P08_1	15	292041	86
Chi_P08_1	15	292041	51
Chi_P08_1	15	292041	210
Chi_P08_1	15	292041	50
Chi_P08_1	15	292041	67
Chi_P08_1	15	292041	91
Chi_P08_1	15	292041	130
Chi_P08_1	15	292041	111
Chi_P08_1	15	292041	116
Chi_P08_1	15	292041	185
Chi_P08_1	15	292041	87
Chi_P08_1	15	292041	98
Chi_P08_1	15	292041	81
Chi_P08_1	15	292041	144
Chi_P08_1	15	292041	71
Chi_P08_1	15	292041	147
Chi_P08_1	15	292041	76
Chi_P08_1	15	292041	46
Chi_P08_1	15	292041	232
Chi_P08_1	15	292041	53
Chi_P08_1	15	292041	101
Chi_P08_1	15	292041	258
Chi_P08_1	15	292041	128
Chi_P08_1	15	292041	101
Chi_P08_1	15	292041	70
Chi_P08_1	15	292041	80
Chi_P08_1	15	292041	78
Chi_P08_1	15	292041	100
Chi_P08_1	15	292041	159
Chi_P08_1	15	292041	126
Chi_P08_1	15	292041	91
Chi_P08_1	15	292041	62
Chi_P08_1	15	292041	23
Chi_P08_1	15	292041	59
Chi_P08_1	15	292041	62
Chi_P08_1	15	292041	86
Chi_P08_1	15	292041	62
Chi_P08_1	15	292041	63
Chi_P08_1	15	292041	27
Chi_P08_1	15	292041	64
Chi_P08_1	15	292041	103
Chi_P08_1	15	292041	478
Chi_P08_1	15	292041	60
Chi_P08_1	15	292041	25
Chi_P08_1	15	292041	24
Chi_P08_1	15	292041	84
Chi_P08_1	15	292041	61
Chi_P08_1	15	292041	102
Chi_P08_1	15	292041	64
Chi_P08_1	15	292041	28
Chi_P08_1	15	292041	100
Chi_P08_1	15	292041	46
Chi_P08_1	15	292041	45
Chi_P08_1	15	292041	46
Chi_P08_1	15	292041	49
Chi_P08_1	15	292041	92
Chi_P08_1	15	292041	37
Chi_P08_1	15	292041	234
Chi_P08_1	15	292041	51
Chi_P08_1	15	292041	73
Chi_P08_1	15	292041	79
Chi_P08_1	15	292041	56
Chi_P08_1	15	292041	49
Chi_P08_1	15	292041	137
Chi_P08_1	15	292041	18
Chi_P08_1	15	292041	127
Chi_P08_1	15	292041	57
Chi_P08_1	15	292041	57
Chi_P08_1	15	292041	168
Chi_P08_1	15	292041	75
Chi_P08_1	15	292041	88
Chi_P08_1	15	292041	55
Chi_P08_1	16	266214	100
Chi_P08_1	16	266214	93
Chi_P08_1	16	266214	60
Chi_P08_1	16	266214	170
Chi_P08_1	16	266214	98
Chi_P08_1	16	266214	100
Chi_P08_1	16	266214	167
Chi_P08_1	16	266214	76
Chi_P08_1	16	266214	210
Chi_P08_1	16	266214	46
Chi_P08_1	16	266214	108
Chi_P08_1	16	266214	88
Chi_P08_1	16	266214	100
Chi_P08_1	16	266214	71
Chi_P08_1	16	266214	77
Chi_P08_1	16	266214	69
Chi_P08_1	16	266214	151
Chi_P08_1	16	266214	150
Chi_P08_1	16	266214	249
Chi_P08_1	16	266214	64
Chi_P08_1	16	266214	202
Chi_P08_1	16	266214	44
Chi_P08_1	16	266214	72
Chi_P08_1	16	266214	350
Chi_P08_1	16	266214	124
Chi_P08_1	16	266214	18
Chi_P08_1	16	266214	574
Chi_P08_1	16	266214	84
Chi_P08_1	16	266214	82
Chi_P08_1	16	266214	122
Chi_P08_1	16	266214	135
Chi_P08_1	16	266214	109
Chi_P08_1	16	266214	143
Chi_P08_1	16	266214	131
Chi_P08_1	16	266214	232
Chi_P08_1	16	266214	232
Chi_P08_1	16	266214	101
Chi_P08_1	16	266214	85
Chi_P08_1	16	266214	147
Chi_P08_1	16	266214	71
Chi_P08_1	16	266214	74
Chi_P08_1	16	266214	93
Chi_P08_1	16	266214	104
Chi_P08_1	16	266214	79
Chi_P08_1	16	266214	128
Chi_P08_1	16	266214	95
Chi_P08_1	16	266214	70
Chi_P08_1	16	266214	150
Chi_P08_1	16	266214	122
Chi_P08_1	16	266214	75
Chi_P08_1	16	266214	154
Chi_P08_1	16	266214	163
Chi_P08_1	16	266214	133
Chi_P08_1	16	266214	83
Chi_P08_1	16	266214	96
Chi_P08_1	16	266214	109
Chi_P08_1	16	266214	92
Chi_P08_1	16	266214	68
Chi_P08_1	16	266214	56
Chi_P08_1	16	266214	123
Chi_P08_1	16	266214	80
Chi_P08_1	16	266214	72
Chi_P08_1	16	266214	163
Chi_P08_1	16	266214	115
Chi_P08_1	16	266214	197
Chi_P08_1	16	266214	134
Chi_P08_1	16	266214	68
Chi_P08_1	16	266214	185
Chi_P08_1	16	266214	47
Chi_P08_1	16	266214	83
Chi_P08_1	16	266214	178
Chi_P08_1	16	266214	34
Chi_P08_1	16	266214	120
Chi_P08_1	16	266214	229
Chi_P08_1	16	266214	77
Chi_P08_1	16	266214	701
Chi_P08_1	16	266214	27
Chi_P08_1	16	266214	121
Chi_P08_1	16	266214	140
Chi_P08_1	16	266214	76
Chi_P08_1	16	266214	88
Chi_P08_1	16	266214	143
Chi_P08_1	16	266214	81
Chi_P08_1	16	266214	105
Chi_P08_1	16	266214	68
Chi_P08_1	16	266214	21
Chi_P08_1	16	266214	57
Chi_P08_1	16	266214	65
Chi_P08_1	16	266214	31
Chi_P08_1	16	266214	92
Chi_P08_1	16	266214	71
Chi_P08_1	16	266214	95
Chi_P08_1	16	266214	49
Chi_P08_1	16	266214	32
Chi_P08_1	16	266214	67
Chi_P08_1	16	266214	77
Chi_P08_1	16	266214	104
Chi_P08_1	16	266214	60
Chi_P08_1	16	266214	92
Chi_P08_1	16	266214	50
Chi_P08_1	16	266214	71
Chi_P08_1	16	266214	79
Chi_P08_1	16	266214	103
Chi_P08_1	17	374213	133
Chi_P08_1	17	374213	94
Chi_P08_1	17	374213	103
Chi_P08_1	17	374213	67
Chi_P08_1	17	374213	69
Chi_P08_1	17	374213	51
Chi_P08_1	17	374213	60
Chi_P08_1	17	374213	74
Chi_P08_1	17	374213	99
Chi_P08_1	17	374213	84
Chi_P08_1	17	374213	108
Chi_P08_1	17	374213	83
Chi_P08_1	17	374213	101
Chi_P08_1	17	374213	110
Chi_P08_1	17	374213	70
Chi_P08_1	17	374213	173
Chi_P08_1	17	374213	78
Chi_P08_1	17	374213	100
Chi_P08_1	17	374213	64
Chi_P08_1	17	374213	115
Chi_P08_1	17	374213	106
Chi_P08_1	17	374213	88
Chi_P08_1	17	374213	126
Chi_P08_1	17	374213	86
Chi_P08_1	17	374213	149
Chi_P08_1	17	374213	101
Chi_P08_1	17	374213	132
Chi_P08_1	17	374213	51
Chi_P08_1	17	374213	141
Chi_P08_1	17	374213	244
Chi_P08_1	17	374213	67
Chi_P08_1	17	374213	229
Chi_P08_1	17	374213	123
Chi_P08_1	17	374213	98
Chi_P08_1	17	374213	90
Chi_P08_1	17	374213	136
Chi_P08_1	17	374213	152
Chi_P08_1	17	374213	245
Chi_P08_1	17	374213	145
Chi_P08_1	17	374213	117
Chi_P08_1	17	374213	115
Chi_P08_1	17	374213	105
Chi_P08_1	17	374213	257
Chi_P08_1	17	374213	148
Chi_P08_1	17	374213	303
Chi_P08_1	17	374213	127
Chi_P08_1	17	374213	122
Chi_P08_1	17	374213	111
Chi_P08_1	17	374213	191
Chi_P08_1	17	374213	39
Chi_P08_1	17	374213	344
Chi_P08_1	17	374213	118
Chi_P08_1	17	374213	95
Chi_P08_1	17	374213	132
Chi_P08_1	17	374213	109
Chi_P08_1	17	374213	95
Chi_P08_1	17	374213	139
Chi_P08_1	17	374213	133
Chi_P08_1	17	374213	146
Chi_P08_1	17	374213	167
Chi_P08_1	17	374213	97
Chi_P08_1	17	374213	150
Chi_P08_1	17	374213	161
Chi_P08_1	17	374213	96
Chi_P08_1	17	374213	250
Chi_P08_1	17	374213	182
Chi_P08_1	17	374213	140
Chi_P08_1	17	374213	297
Chi_P08_1	17	374213	61
Chi_P08_1	17	374213	114
Chi_P08_1	17	374213	61
Chi_P08_1	17	374213	230
Chi_P08_1	17	374213	322
Chi_P08_1	17	374213	124
Chi_P08_1	17	374213	248
Chi_P08_1	17	374213	128
Chi_P08_1	17	374213	220
Chi_P08_1	17	374213	44
Chi_P08_1	17	374213	118
Chi_P08_1	17	374213	120
Chi_P08_1	17	374213	236
Chi_P08_1	17	374213	17
Chi_P08_1	17	374213	342
Chi_P08_1	17	374213	246
Chi_P08_1	17	374213	132
Chi_P08_1	17	374213	47
Chi_P08_1	17	374213	297
Chi_P08_1	17	374213	95
Chi_P08_1	17	374213	118
Chi_P08_1	17	374213	80
Chi_P08_1	17	374213	262
Chi_P08_1	17	374213	96
Chi_P08_1	17	374213	98
Chi_P08_1	17	374213	160
Chi_P08_1	17	374213	108
Chi_P08_1	17	374213	100
Chi_P08_1	17	374213	175
Chi_P08_1	17	374213	17
Chi_P08_1	17	374213	112
Chi_P08_1	17	374213	153
Chi_P08_1	17	374213	125
Chi_P08_1	17	374213	154
Chi_P08_1	17	374213	112
Chi_P08_1	17	374213	102
Chi_P08_1	17	374213	92
Chi_P08_1	17	374213	115
Chi_P08_1	17	374213	183
Chi_P08_1	17	374213	128
Chi_P08_1	17	374213	103
Chi_P08_1	17	374213	103
Chi_P08_1	17	374213	64
Chi_P08_1	17	374213	73
Chi_P08_1	17	374213	168
Chi_P08_1	17	374213	125
Chi_P08_1	17	374213	246
Chi_P08_1	17	374213	126
Chi_P08_1	17	374213	10
Chi_P08_1	17	374213	66
Chi_P08_1	17	374213	91
Chi_P08_1	17	374213	71
Chi_P08_1	17	374213	317
Chi_P08_1	17	374213	157
Chi_P08_1	17	374213	132
Chi_P08_1	17	374213	792
Chi_P08_1	17	374213	38
Chi_P08_1	17	374213	90
Chi_P08_1	17	374213	152
Chi_P08_1	17	374213	13
Chi_P08_1	17	374213	302
Chi_P08_1	17	374213	280
Chi_P08_1	17	374213	158
Chi_P08_1	17	374213	63
Chi_P08_1	17	374213	138
Chi_P08_1	17	374213	24
Chi_P08_1	17	374213	195
Chi_P08_1	17	374213	134
Chi_P08_1	17	374213	84
Chi_P08_1	17	374213	420
Chi_P08_1	17	374213	149
Chi_P08_1	17	374213	64
Chi_P08_1	17	374213	75
Chi_P08_1	17	374213	248
Chi_P08_1	17	374213	218
Chi_P08_1	17	374213	258
Chi_P08_1	17	374213	346
Chi_P08_1	17	374213	98
Chi_P08_1	17	374213	114
Chi_P08_1	17	374213	195
Chi_P08_1	17	374213	52
Chi_P08_1	17	374213	184
Chi_P08_1	17	374213	97
Chi_P08_1	17	374213	28
Chi_P08_1	17	374213	181
Chi_P08_1	17	374213	137
Chi_P08_1	17	374213	128
Chi_P08_1	17	374213	103
Chi_P08_1	17	374213	49
Chi_P08_1	17	374213	114
Chi_P08_1	17	374213	97
Chi_P08_1	17	374213	87
Chi_P08_1	17	374213	120
Chi_P08_1	17	374213	86
Chi_P08_1	17	374213	91
Chi_P08_1	17	374213	227
Chi_P08_1	17	374213	176
Chi_P08_1	17	374213	193
Chi_P08_1	17	374213	215
Chi_P08_1	17	374213	112
Chi_P08_1	17	374213	59
Chi_P08_1	17	374213	96
Chi_P08_1	17	374213	119
Chi_P08_1	17	374213	12
Chi_P08_1	17	374213	103
Chi_P08_1	17	374213	29
Chi_P08_1	17	374213	89
Chi_P08_1	17	374213	78
Chi_P08_1	17	374213	15
Chi_P08_1	17	374213	128
Chi_P08_1	17	374213	89
Chi_P08_1	17	374213	110
Chi_P08_1	17	374213	78
Chi_P08_1	17	374213	65
Chi_P08_1	17	374213	67
Chi_P08_1	17	374213	189
Chi_P08_1	17	374213	93
Chi_P08_1	17	374213	125
Chi_P08_1	17	374213	147
Chi_P08_1	17	374213	103
Chi_P08_1	17	374213	65
Chi_P08_1	17	374213	155
Chi_P08_1	17	374213	299
Chi_P08_1	17	374213	91
Chi_P08_1	17	374213	135
Chi_P08_1	17	374213	131
Chi_P08_1	17	374213	15
Chi_P08_1	17	374213	118
Chi_P08_1	17	374213	41
Chi_P08_1	17	374213	226
Chi_P08_1	17	374213	24
Chi_P08_1	18	324490	55
Chi_P08_1	18	324490	48
Chi_P08_1	18	324490	105
Chi_P08_1	18	324490	127
Chi_P08_1	18	324490	45
Chi_P08_1	18	324490	139
Chi_P08_1	18	324490	96
Chi_P08_1	18	324490	38
Chi_P08_1	18	324490	29
Chi_P08_1	18	324490	102
Chi_P08_1	18	324490	189
Chi_P08_1	18	324490	35
Chi_P08_1	18	324490	53
Chi_P08_1	18	324490	89
Chi_P08_1	18	324490	75
Chi_P08_1	18	324490	110
Chi_P08_1	18	324490	55
Chi_P08_1	18	324490	46
Chi_P08_1	18	324490	60
Chi_P08_1	18	324490	48
Chi_P08_1	18	324490	131
Chi_P08_1	18	324490	124
Chi_P08_1	18	324490	71
Chi_P08_1	18	324490	95
Chi_P08_1	18	324490	72
Chi_P08_1	18	324490	90
Chi_P08_1	18	324490	67
Chi_P08_1	18	324490	108
Chi_P08_1	18	324490	161
Chi_P08_1	18	324490	84
Chi_P08_1	18	324490	131
Chi_P08_1	18	324490	46
Chi_P08_1	18	324490	89
Chi_P08_1	18	324490	164
Chi_P08_1	18	324490	48
Chi_P08_1	18	324490	124
Chi_P08_1	18	324490	157
Chi_P08_1	18	324490	88
Chi_P08_1	18	324490	114
Chi_P08_1	18	324490	92
Chi_P08_1	18	324490	45
Chi_P08_1	18	324490	114
Chi_P08_1	18	324490	26
Chi_P08_1	18	324490	13
Chi_P08_1	18	324490	136
Chi_P08_1	18	324490	62
Chi_P08_1	18	324490	95
Chi_P08_1	18	324490	85
Chi_P08_1	18	324490	106
Chi_P08_1	18	324490	71
Chi_P08_1	18	324490	88
Chi_P08_1	18	324490	78
Chi_P08_1	18	324490	107
Chi_P08_1	18	324490	97
Chi_P08_1	18	324490	92
Chi_P08_1	18	324490	71
Chi_P08_1	18	324490	140
Chi_P08_1	18	324490	100
Chi_P08_1	18	324490	112
Chi_P08_1	18	324490	132
Chi_P08_1	18	324490	130
Chi_P08_1	18	324490	128
Chi_P08_1	18	324490	102
Chi_P08_1	18	324490	60
Chi_P08_1	18	324490	115
Chi_P08_1	18	324490	86
Chi_P08_1	18	324490	63
Chi_P08_1	18	324490	128
Chi_P08_1	18	324490	85
Chi_P08_1	18	324490	89
Chi_P08_1	18	324490	50
Chi_P08_1	18	324490	123
Chi_P08_1	18	324490	164
Chi_P08_1	18	324490	168
Chi_P08_1	18	324490	131
Chi_P08_1	18	324490	103
Chi_P08_1	18	324490	84
Chi_P08_1	18	324490	99
Chi_P08_1	18	324490	107
Chi_P08_1	18	324490	104
Chi_P08_1	18	324490	105
Chi_P08_1	18	324490	65
Chi_P08_1	18	324490	76
Chi_P08_1	18	324490	233
Chi_P08_1	18	324490	106
Chi_P08_1	18	324490	57
Chi_P08_1	18	324490	124
Chi_P08_1	18	324490	22
Chi_P08_1	18	324490	118
Chi_P08_1	18	324490	99
Chi_P08_1	18	324490	121
Chi_P08_1	18	324490	57
Chi_P08_1	18	324490	103
Chi_P08_1	18	324490	115
Chi_P08_1	18	324490	114
Chi_P08_1	18	324490	145
Chi_P08_1	18	324490	103
Chi_P08_1	18	324490	91
Chi_P08_1	18	324490	107
Chi_P08_1	18	324490	123
Chi_P08_1	18	324490	131
Chi_P08_1	18	324490	131
Chi_P08_1	18	324490	64
Chi_P08_1	18	324490	60
Chi_P08_1	18	324490	42
Chi_P08_1	18	324490	53
Chi_P08_1	18	324490	96
Chi_P08_1	18	324490	115
Chi_P08_1	18	324490	117
Chi_P08_1	18	324490	125
Chi_P08_1	18	324490	100
Chi_P08_1	18	324490	49
Chi_P08_1	18	324490	53
Chi_P08_1	18	324490	51
Chi_P08_1	18	324490	103
Chi_P08_1	18	324490	105
Chi_P08_1	18	324490	103
Chi_P08_1	18	324490	118
Chi_P08_1	18	324490	129
Chi_P08_1	18	324490	112
Chi_P08_1	18	324490	101
Chi_P08_1	18	324490	100
Chi_P08_1	18	324490	716
Chi_P08_1	18	324490	116
Chi_P08_1	18	324490	62
Chi_P08_1	18	324490	144
Chi_P08_1	18	324490	113
Chi_P08_1	18	324490	67
Chi_P08_1	18	324490	110
Chi_P08_1	18	324490	144
Chi_P08_1	18	324490	79
Chi_P08_1	18	324490	130
Chi_P08_1	18	324490	104
Chi_P08_1	18	324490	89
Chi_P08_1	18	324490	77
Chi_P08_1	18	324490	167
Chi_P08_1	18	324490	109
Chi_P08_1	18	324490	91
Chi_P08_1	18	324490	151
Chi_P08_1	18	324490	130
Chi_P08_1	18	324490	104
Chi_P08_1	18	324490	52
Chi_P08_1	18	324490	48
Chi_P08_1	18	324490	92
Chi_P08_1	18	324490	40
Chi_P08_1	18	324490	70
Chi_P08_1	18	324490	20
Chi_P08_1	18	324490	92
Chi_P08_1	18	324490	181
Chi_P08_1	18	324490	204
Chi_P08_1	18	324490	164
Chi_P08_1	18	324490	128
Chi_P08_1	18	324490	194
Chi_P08_1	18	324490	161
Chi_P08_1	18	324490	64
Chi_P08_1	18	324490	128
Chi_P08_1	18	324490	84
Chi_P08_1	18	324490	80
Chi_P08_1	18	324490	102
Chi_P08_1	18	324490	119
Chi_P08_1	19	377542	114
Chi_P08_1	19	377542	107
Chi_P08_1	19	377542	93
Chi_P08_1	19	377542	112
Chi_P08_1	19	377542	14
Chi_P08_1	19	377542	177
Chi_P08_1	19	377542	339
Chi_P08_1	19	377542	100
Chi_P08_1	19	377542	158
Chi_P08_1	19	377542	113
Chi_P08_1	19	377542	198
Chi_P08_1	19	377542	257
Chi_P08_1	19	377542	144
Chi_P08_1	19	377542	62
Chi_P08_1	19	377542	137
Chi_P08_1	19	377542	152
Chi_P08_1	19	377542	88
Chi_P08_1	19	377542	64
Chi_P08_1	19	377542	115
Chi_P08_1	19	377542	187
Chi_P08_1	19	377542	149
Chi_P08_1	19	377542	120
Chi_P08_1	19	377542	196
Chi_P08_1	19	377542	291
Chi_P08_1	19	377542	378
Chi_P08_1	19	377542	127
Chi_P08_1	19	377542	193
Chi_P08_1	19	377542	279
Chi_P08_1	19	377542	106
Chi_P08_1	19	377542	211
Chi_P08_1	19	377542	145
Chi_P08_1	19	377542	173
Chi_P08_1	19	377542	131
Chi_P08_1	19	377542	141
Chi_P08_1	19	377542	235
Chi_P08_1	19	377542	107
Chi_P08_1	19	377542	166
Chi_P08_1	19	377542	240
Chi_P08_1	19	377542	126
Chi_P08_1	19	377542	129
Chi_P08_1	19	377542	163
Chi_P08_1	19	377542	202
Chi_P08_1	19	377542	213
Chi_P08_1	19	377542	164
Chi_P08_1	19	377542	194
Chi_P08_1	19	377542	267
Chi_P08_1	19	377542	30
Chi_P08_1	19	377542	153
Chi_P08_1	19	377542	177
Chi_P08_1	19	377542	182
Chi_P08_1	19	377542	141
Chi_P08_1	19	377542	30
Chi_P08_1	19	377542	113
Chi_P08_1	19	377542	193
Chi_P08_1	19	377542	121
Chi_P08_1	19	377542	252
Chi_P08_1	19	377542	120
Chi_P08_1	19	377542	137
Chi_P08_1	19	377542	171
Chi_P08_1	19	377542	150
Chi_P08_1	19	377542	164
Chi_P08_1	19	377542	147
Chi_P08_1	19	377542	91
Chi_P08_1	19	377542	70
Chi_P08_1	19	377542	139
Chi_P08_1	19	377542	152
Chi_P08_1	19	377542	196
Chi_P08_1	19	377542	162
Chi_P08_1	19	377542	179
Chi_P08_1	19	377542	154
Chi_P08_1	19	377542	135
Chi_P08_1	19	377542	168
Chi_P08_1	19	377542	172
Chi_P08_1	19	377542	208
Chi_P08_1	19	377542	142
Chi_P08_1	19	377542	355
Chi_P08_1	19	377542	222
Chi_P08_1	19	377542	157
Chi_P08_1	19	377542	278
Chi_P08_1	19	377542	202
Chi_P08_1	19	377542	142
Chi_P08_1	19	377542	161
Chi_P08_1	19	377542	620
Chi_P08_1	19	377542	128
Chi_P08_1	19	377542	168
Chi_P08_1	19	377542	301
Chi_P08_1	19	377542	188
Chi_P08_1	19	377542	148
Chi_P08_1	19	377542	107
Chi_P08_1	19	377542	167
Chi_P08_1	19	377542	115
Chi_P08_1	19	377542	216
Chi_P08_1	19	377542	339
Chi_P08_1	19	377542	88
Chi_P08_1	19	377542	238
Chi_P08_1	19	377542	97
Chi_P08_1	19	377542	113
Chi_P08_1	19	377542	108
Chi_P08_1	19	377542	341
Chi_P08_1	19	377542	101
Chi_P08_1	19	377542	252
Chi_P08_1	19	377542	113
Chi_P08_1	19	377542	87
Chi_P08_1	19	377542	88
Chi_P08_1	19	377542	87
Chi_P08_1	19	377542	249
Chi_P08_1	19	377542	84
Chi_P08_1	19	377542	145
Chi_P08_1	19	377542	150
Chi_P08_1	19	377542	98
Chi_P08_1	19	377542	127
Chi_P08_1	19	377542	345
Chi_P08_1	19	377542	50
Chi_P08_1	19	377542	384
Chi_P08_1	19	377542	105
Chi_P08_1	19	377542	122
Chi_P08_1	19	377542	224
Chi_P08_1	19	377542	89
Chi_P08_1	19	377542	109
Chi_P08_1	19	377542	367
Chi_P08_1	19	377542	96
Chi_P08_1	19	377542	88
Chi_P08_1	19	377542	98
Chi_P08_1	19	377542	112
Chi_P08_1	19	377542	296
Chi_P08_1	19	377542	84
Chi_P08_1	19	377542	214
Chi_P08_1	19	377542	84
Chi_P08_1	19	377542	76
Chi_P08_1	19	377542	139
Chi_P08_1	19	377542	80
Chi_P08_1	19	377542	528
Chi_P08_1	19	377542	33
Chi_P08_1	19	377542	113
Chi_P08_1	19	377542	150
Chi_P08_1	19	377542	109
Chi_P08_1	19	377542	114
Chi_P08_1	19	377542	114
Chi_P08_1	19	377542	93
Chi_P08_1	19	377542	511
Chi_P08_1	19	377542	219
Chi_P08_1	19	377542	92
Chi_P08_1	19	377542	190
Chi_P08_1	19	377542	304
Chi_P08_1	19	377542	99
Chi_P08_1	19	377542	41
Chi_P08_1	19	377542	167
Chi_P08_1	19	377542	100
Chi_P08_1	19	377542	123
Chi_P08_1	19	377542	88
Chi_P08_1	19	377542	749
Chi_P08_1	19	377542	136
Chi_P08_1	19	377542	292
Chi_P08_1	19	377542	149
Chi_P08_1	19	377542	66
Chi_P08_1	19	377542	280
Chi_P08_1	19	377542	226
Chi_P08_1	19	377542	115
Chi_P08_1	19	377542	143
Chi_P08_1	19	377542	130
Chi_P08_1	19	377542	106
Chi_P08_1	19	377542	84
Chi_P08_1	19	377542	110
Chi_P08_1	19	377542	108
Chi_P08_1	19	377542	327
Chi_P08_1	19	377542	363
Chi_P08_1	19	377542	46
Chi_P08_1	19	377542	112
Chi_P08_1	19	377542	104
Chi_P08_1	19	377542	108
Chi_P08_1	19	377542	108
Chi_P08_1	19	377542	136
Chi_P08_1	19	377542	145
Chi_P08_1	19	377542	120
Chi_P08_1	19	377542	124
Chi_P08_1	19	377542	10
Chi_P08_1	19	377542	10
Chi_P08_1	19	377542	28
Chi_P08_1	19	377542	99
Chi_P08_1	19	377542	106
Chi_P08_1	19	377542	85
Chi_P08_1	19	377542	173
Chi_P08_1	19	377542	175
Chi_P08_1	19	377542	231
Chi_P08_1	19	377542	78
Chi_P08_1	19	377542	275
Chi_P08_1	19	377542	71
Chi_P08_1	19	377542	87
Chi_P08_1	19	377542	72
Chi_P08_1	19	377542	12
Chi_P08_1	19	377542	50
Chi_P08_1	19	377542	72
Chi_P08_1	19	377542	170
Chi_P08_1	19	377542	66
Chi_P08_1	19	377542	151
Chi_P08_1	19	377542	447
Chi_P08_1	19	377542	87
Chi_P08_1	19	377542	83
Chi_P08_1	19	377542	103
Chi_P08_1	19	377542	192
Chi_P08_1	19	377542	132
Chi_P08_1	19	377542	43
Chi_P08_1	19	377542	199
Chi_P08_1	19	377542	114
Chi_P08_1	19	377542	211
Chi_P08_1	19	377542	363
Chi_P08_1	19	377542	106
Chi_P08_1	19	377542	46
Chi_P08_1	19	377542	76
Chi_P08_1	19	377542	56
Chi_P08_1	19	377542	158
Chi_P08_1	19	377542	72
Chi_P08_1	19	377542	147
Chi_P08_1	19	377542	269
Chi_P08_1	19	377542	104
Chi_P08_1	19	377542	376
Chi_P08_1	19	377542	71
Chi_P08_1	19	377542	127
Chi_P08_1	19	377542	10
Chi_P08_1	19	377542	27
Chi_P08_1	19	377542	182
Chi_P08_1	19	377542	32
Chi_P08_1	19	377542	69
Chi_P08_1	19	377542	258
Chi_P08_1	19	377542	114
Chi_P08_1	19	377542	85
Chi_P08_1	19	377542	128
Chi_P08_1	19	377542	256
Chi_P08_1	19	377542	12
Chi_P08_1	19	377542	25
Chi_P08_1	19	377542	20
Chi_P08_1	19	377542	108
Chi_P08_1	19	377542	132
Chi_P08_1	19	377542	149
Chi_P08_1	19	377542	394
Chi_P08_1	19	377542	123
Chi_P08_1	19	377542	10
Chi_P08_1	19	377542	14
Chi_P08_1	20	398169	99
Chi_P08_1	20	398169	92
Chi_P08_1	20	398169	94
Chi_P08_1	20	398169	142
Chi_P08_1	20	398169	97
Chi_P08_1	20	398169	204
Chi_P08_1	20	398169	154
Chi_P08_1	20	398169	131
Chi_P08_1	20	398169	121
Chi_P08_1	20	398169	177
Chi_P08_1	20	398169	116
Chi_P08_1	20	398169	157
Chi_P08_1	20	398169	91
Chi_P08_1	20	398169	83
Chi_P08_1	20	398169	133
Chi_P08_1	20	398169	206
Chi_P08_1	20	398169	158
Chi_P08_1	20	398169	138
Chi_P08_1	20	398169	150
Chi_P08_1	20	398169	99
Chi_P08_1	20	398169	101
Chi_P08_1	20	398169	148
Chi_P08_1	20	398169	124
Chi_P08_1	20	398169	119
Chi_P08_1	20	398169	165
Chi_P08_1	20	398169	106
Chi_P08_1	20	398169	138
Chi_P08_1	20	398169	101
Chi_P08_1	20	398169	133
Chi_P08_1	20	398169	117
Chi_P08_1	20	398169	139
Chi_P08_1	20	398169	143
Chi_P08_1	20	398169	26
Chi_P08_1	20	398169	158
Chi_P08_1	20	398169	181
Chi_P08_1	20	398169	103
Chi_P08_1	20	398169	116
Chi_P08_1	20	398169	144
Chi_P08_1	20	398169	212
Chi_P08_1	20	398169	72
Chi_P08_1	20	398169	149
Chi_P08_1	20	398169	156
Chi_P08_1	20	398169	142
Chi_P08_1	20	398169	239
Chi_P08_1	20	398169	141
Chi_P08_1	20	398169	121
Chi_P08_1	20	398169	128
Chi_P08_1	20	398169	232
Chi_P08_1	20	398169	160
Chi_P08_1	20	398169	106
Chi_P08_1	20	398169	67
Chi_P08_1	20	398169	132
Chi_P08_1	20	398169	226
Chi_P08_1	20	398169	133
Chi_P08_1	20	398169	237
Chi_P08_1	20	398169	143
Chi_P08_1	20	398169	142
Chi_P08_1	20	398169	155
Chi_P08_1	20	398169	148
Chi_P08_1	20	398169	93
Chi_P08_1	20	398169	66
Chi_P08_1	20	398169	231
Chi_P08_1	20	398169	106
Chi_P08_1	20	398169	119
Chi_P08_1	20	398169	108
Chi_P08_1	20	398169	100
Chi_P08_1	20	398169	356
Chi_P08_1	20	398169	81
Chi_P08_1	20	398169	361
Chi_P08_1	20	398169	94
Chi_P08_1	20	398169	131
Chi_P08_1	20	398169	146
Chi_P08_1	20	398169	155
Chi_P08_1	20	398169	167
Chi_P08_1	20	398169	183
Chi_P08_1	20	398169	192
Chi_P08_1	20	398169	99
Chi_P08_1	20	398169	58
Chi_P08_1	20	398169	130
Chi_P08_1	20	398169	187
Chi_P08_1	20	398169	620
Chi_P08_1	20	398169	214
Chi_P08_1	20	398169	109
Chi_P08_1	20	398169	102
Chi_P08_1	20	398169	233
Chi_P08_1	20	398169	125
Chi_P08_1	20	398169	65
Chi_P08_1	20	398169	174
Chi_P08_1	20	398169	93
Chi_P08_1	20	398169	135
Chi_P08_1	20	398169	54
Chi_P08_1	20	398169	143
Chi_P08_1	20	398169	185
Chi_P08_1	20	398169	154
Chi_P08_1	20	398169	253
Chi_P08_1	20	398169	94
Chi_P08_1	20	398169	54
Chi_P08_1	20	398169	67
Chi_P08_1	20	398169	181
Chi_P08_1	20	398169	91
Chi_P08_1	20	398169	155
Chi_P08_1	20	398169	54
Chi_P08_1	20	398169	108
Chi_P08_1	20	398169	83
Chi_P08_1	20	398169	153
Chi_P08_1	20	398169	171
Chi_P08_1	20	398169	181
Chi_P08_1	20	398169	131
Chi_P08_1	20	398169	193
Chi_P08_1	20	398169	258
Chi_P08_1	20	398169	220
Chi_P08_1	20	398169	103
Chi_P08_1	20	398169	138
Chi_P08_1	20	398169	148
Chi_P08_1	20	398169	93
Chi_P08_1	20	398169	225
Chi_P08_1	20	398169	109
Chi_P08_1	20	398169	287
Chi_P08_1	20	398169	144
Chi_P08_1	20	398169	27
Chi_P08_1	20	398169	56
Chi_P08_1	20	398169	93
Chi_P08_1	20	398169	79
Chi_P08_1	20	398169	226
Chi_P08_1	20	398169	60
Chi_P08_1	20	398169	117
Chi_P08_1	20	398169	55
Chi_P08_1	20	398169	135
Chi_P08_1	20	398169	147
Chi_P08_1	20	398169	96
Chi_P08_1	20	398169	29
Chi_P08_1	20	398169	120
Chi_P08_1	20	398169	94
Chi_P08_1	20	398169	130
Chi_P08_1	20	398169	91
Chi_P08_1	20	398169	151
Chi_P08_1	20	398169	111
Chi_P08_1	20	398169	77
Chi_P08_1	20	398169	388
Chi_P08_1	20	398169	125
Chi_P08_1	20	398169	89
Chi_P08_1	20	398169	113
Chi_P08_1	20	398169	118
Chi_P08_1	20	398169	156
Chi_P08_1	20	398169	120
Chi_P08_1	20	398169	87
Chi_P08_1	20	398169	119
Chi_P08_1	20	398169	338
Chi_P08_1	20	398169	187
Chi_P08_1	20	398169	308
Chi_P08_1	20	398169	175
Chi_P08_1	20	398169	123
Chi_P08_1	20	398169	154
Chi_P08_1	20	398169	113
Chi_P08_1	20	398169	99
Chi_P08_1	20	398169	189
Chi_P08_1	20	398169	149
Chi_P08_1	20	398169	793
Chi_P08_1	20	398169	146
Chi_P08_1	20	398169	427
Chi_P08_1	20	398169	19
Chi_P08_1	20	398169	148
Chi_P08_1	20	398169	124
Chi_P08_1	20	398169	75
Chi_P08_1	20	398169	164
Chi_P08_1	20	398169	35
Chi_P08_1	20	398169	176
Chi_P08_1	20	398169	39
Chi_P08_1	20	398169	100
Chi_P08_1	20	398169	35
Chi_P08_1	20	398169	153
Chi_P08_1	20	398169	282
Chi_P08_1	20	398169	66
Chi_P08_1	20	398169	55
Chi_P08_1	20	398169	176
Chi_P08_1	20	398169	184
Chi_P08_1	20	398169	116
Chi_P08_1	20	398169	62
Chi_P08_1	20	398169	69
Chi_P08_1	20	398169	97
Chi_P08_1	20	398169	235
Chi_P08_1	20	398169	85
Chi_P08_1	20	398169	186
Chi_P08_1	20	398169	15
Chi_P08_1	20	398169	138
Chi_P08_1	20	398169	119
Chi_P08_1	20	398169	78
Chi_P08_1	20	398169	89
Chi_P08_1	20	398169	375
Chi_P08_1	20	398169	90
Chi_P08_1	20	398169	336
Chi_P08_1	20	398169	30
Chi_P08_1	20	398169	97
Chi_P08_1	20	398169	103
Chi_P08_1	20	398169	79
Chi_P08_1	20	398169	112
Chi_P08_1	20	398169	133
Chi_P08_1	20	398169	106
Chi_P08_1	20	398169	203
Chi_P08_1	20	398169	110
Chi_P08_1	20	398169	159
Chi_P08_1	20	398169	126
Chi_P08_1	20	398169	53
Chi_P08_1	20	398169	111
Chi_P08_1	20	398169	119
Chi_P08_1	20	398169	142
Chi_P08_1	20	398169	79
Chi_P08_1	20	398169	207
Chi_P08_1	20	398169	134
Chi_P08_1	20	398169	151
Chi_P08_1	20	398169	132
Chi_P08_1	20	398169	183
Chi_P08_1	20	398169	159
Chi_P08_1	20	398169	91
Chi_P08_1	20	398169	96
Chi_P08_1	20	398169	102
Chi_P08_1	20	398169	118
Chi_P08_1	20	398169	122
Chi_P08_1	20	398169	229
Chi_P08_1	20	398169	296
Chi_P08_1	20	398169	81
Chi_P08_1	20	398169	101
Chi_P08_1	20	398169	78
Chi_P08_1	20	398169	189
Chi_P08_1	20	398169	179
Chi_P08_1	20	398169	113
Chi_P08_1	20	398169	106
Chi_P08_1	20	398169	89
Chi_P08_1	20	398169	177
Chi_P08_1	20	398169	78
Chi_P08_1	20	398169	69
Chi_P08_1	20	398169	281
Chi_P08_1	20	398169	153
Chi_P08_1	20	398169	94
Chi_P08_1	20	398169	14
Chi_P08_1	20	398169	80
Chi_P08_1	20	398169	80
Chi_P08_1	21	376055	265
Chi_P08_1	21	376055	127
Chi_P08_1	21	376055	126
Chi_P08_1	21	376055	144
Chi_P08_1	21	376055	233
Chi_P08_1	21	376055	162
Chi_P08_1	21	376055	288
Chi_P08_1	21	376055	104
Chi_P08_1	21	376055	126
Chi_P08_1	21	376055	180
Chi_P08_1	21	376055	154
Chi_P08_1	21	376055	85
Chi_P08_1	21	376055	212
Chi_P08_1	21	376055	301
Chi_P08_1	21	376055	145
Chi_P08_1	21	376055	175
Chi_P08_1	21	376055	133
Chi_P08_1	21	376055	111
Chi_P08_1	21	376055	168
Chi_P08_1	21	376055	158
Chi_P08_1	21	376055	216
Chi_P08_1	21	376055	167
Chi_P08_1	21	376055	116
Chi_P08_1	21	376055	104
Chi_P08_1	21	376055	176
Chi_P08_1	21	376055	303
Chi_P08_1	21	376055	187
Chi_P08_1	21	376055	160
Chi_P08_1	21	376055	301
Chi_P08_1	21	376055	121
Chi_P08_1	21	376055	186
Chi_P08_1	21	376055	223
Chi_P08_1	21	376055	153
Chi_P08_1	21	376055	116
Chi_P08_1	21	376055	136
Chi_P08_1	21	376055	134
Chi_P08_1	21	376055	179
Chi_P08_1	21	376055	188
Chi_P08_1	21	376055	197
Chi_P08_1	21	376055	258
Chi_P08_1	21	376055	152
Chi_P08_1	21	376055	133
Chi_P08_1	21	376055	156
Chi_P08_1	21	376055	102
Chi_P08_1	21	376055	257
Chi_P08_1	21	376055	142
Chi_P08_1	21	376055	189
Chi_P08_1	21	376055	97
Chi_P08_1	21	376055	154
Chi_P08_1	21	376055	150
Chi_P08_1	21	376055	166
Chi_P08_1	21	376055	233
Chi_P08_1	21	376055	139
Chi_P08_1	21	376055	118
Chi_P08_1	21	376055	160
Chi_P08_1	21	376055	118
Chi_P08_1	21	376055	153
Chi_P08_1	21	376055	277
Chi_P08_1	21	376055	204
Chi_P08_1	21	376055	167
Chi_P08_1	21	376055	157
Chi_P08_1	21	376055	187
Chi_P08_1	21	376055	155
Chi_P08_1	21	376055	127
Chi_P08_1	21	376055	134
Chi_P08_1	21	376055	152
Chi_P08_1	21	376055	102
Chi_P08_1	21	376055	151
Chi_P08_1	21	376055	177
Chi_P08_1	21	376055	102
Chi_P08_1	21	376055	167
Chi_P08_1	21	376055	164
Chi_P08_1	21	376055	163
Chi_P08_1	21	376055	235
Chi_P08_1	21	376055	158
Chi_P08_1	21	376055	196
Chi_P08_1	21	376055	251
Chi_P08_1	21	376055	209
Chi_P08_1	21	376055	128
Chi_P08_1	21	376055	127
Chi_P08_1	21	376055	348
Chi_P08_1	21	376055	158
Chi_P08_1	21	376055	105
Chi_P08_1	21	376055	238
Chi_P08_1	21	376055	135
Chi_P08_1	21	376055	332
Chi_P08_1	21	376055	149
Chi_P08_1	21	376055	201
Chi_P08_1	21	376055	512
Chi_P08_1	21	376055	74
Chi_P08_1	21	376055	182
Chi_P08_1	21	376055	161
Chi_P08_1	21	376055	136
Chi_P08_1	21	376055	109
Chi_P08_1	21	376055	97
Chi_P08_1	21	376055	113
Chi_P08_1	21	376055	280
Chi_P08_1	21	376055	103
Chi_P08_1	21	376055	143
Chi_P08_1	21	376055	134
Chi_P08_1	21	376055	79
Chi_P08_1	21	376055	280
Chi_P08_1	21	376055	95
Chi_P08_1	21	376055	159
Chi_P08_1	21	376055	106
Chi_P08_1	21	376055	92
Chi_P08_1	21	376055	56
Chi_P08_1	21	376055	79
Chi_P08_1	21	376055	118
Chi_P08_1	21	376055	124
Chi_P08_1	21	376055	253
Chi_P08_1	21	376055	37
Chi_P08_1	21	376055	130
Chi_P08_1	21	376055	169
Chi_P08_1	21	376055	115
Chi_P08_1	21	376055	163
Chi_P08_1	21	376055	83
Chi_P08_1	21	376055	180
Chi_P08_1	21	376055	196
Chi_P08_1	21	376055	132
Chi_P08_1	21	376055	98
Chi_P08_1	21	376055	89
Chi_P08_1	21	376055	137
Chi_P08_1	21	376055	340
Chi_P08_1	21	376055	133
Chi_P08_1	21	376055	123
Chi_P08_1	21	376055	192
Chi_P08_1	21	376055	125
Chi_P08_1	21	376055	109
Chi_P08_1	21	376055	77
Chi_P08_1	21	376055	392
Chi_P08_1	21	376055	114
Chi_P08_1	21	376055	25
Chi_P08_1	21	376055	155
Chi_P08_1	21	376055	84
Chi_P08_1	21	376055	343
Chi_P08_1	21	376055	225
Chi_P08_1	21	376055	271
Chi_P08_1	21	376055	97
Chi_P08_1	21	376055	244
Chi_P08_1	21	376055	147
Chi_P08_1	21	376055	158
Chi_P08_1	21	376055	94
Chi_P08_1	21	376055	114
Chi_P08_1	21	376055	25
Chi_P08_1	21	376055	139
Chi_P08_1	21	376055	141
Chi_P08_1	21	376055	161
Chi_P08_1	21	376055	144
Chi_P08_1	21	376055	144
Chi_P08_1	21	376055	166
Chi_P08_1	21	376055	150
Chi_P08_1	21	376055	315
Chi_P08_1	21	376055	140
Chi_P08_1	21	376055	210
Chi_P08_1	21	376055	200
Chi_P08_1	21	376055	1230
Chi_P08_1	21	376055	225
Chi_P08_1	21	376055	153
Chi_P08_1	21	376055	196
Chi_P08_1	21	376055	147
Chi_P08_1	21	376055	692
Chi_P08_1	21	376055	154
Chi_P08_1	21	376055	192
Chi_P08_1	21	376055	69
Chi_P08_1	21	376055	620
Chi_P08_1	21	376055	120
Chi_P08_1	21	376055	93
Chi_P08_1	21	376055	126
Chi_P08_1	21	376055	286
Chi_P08_1	21	376055	290
Chi_P08_1	21	376055	204
Chi_P08_1	21	376055	159
Chi_P08_1	21	376055	229
Chi_P08_1	21	376055	111
Chi_P08_1	21	376055	135
Chi_P08_1	21	376055	101
Chi_P08_1	21	376055	165
Chi_P08_1	21	376055	138
Chi_P08_1	21	376055	156
Chi_P08_1	21	376055	163
Chi_P08_1	21	376055	80
Chi_P08_1	21	376055	98
Chi_P08_1	21	376055	86
Chi_P08_1	21	376055	74
Chi_P08_1	21	376055	70
Chi_P08_1	21	376055	59
Chi_P08_1	21	376055	143
Chi_P08_1	21	376055	20
Chi_P08_1	21	376055	192
Chi_P08_1	21	376055	336
Chi_P08_1	21	376055	200
Chi_P08_1	21	376055	84
Chi_P08_1	21	376055	123
Chi_P08_1	21	376055	49
Chi_P08_1	21	376055	92
Chi_P08_1	21	376055	58
Chi_P08_1	21	376055	380
Chi_P08_1	21	376055	121
Chi_P08_1	21	376055	41
Chi_P08_1	21	376055	90
Chi_P08_1	21	376055	140
Chi_P08_1	21	376055	277
Chi_P08_1	21	376055	138
Chi_P08_1	21	376055	145
Chi_P08_1	21	376055	24
Chi_P08_1	21	376055	74
Chi_P08_1	21	376055	109
Chi_P08_1	21	376055	103
Chi_P08_1	21	376055	55
Chi_P08_1	21	376055	81
Chi_P08_1	21	376055	17
Chi_P08_1	21	376055	44
Chi_P08_1	21	376055	190
Chi_P08_1	21	376055	49
Chi_P08_1	21	376055	90
Chi_P08_1	21	376055	121
Chi_P08_1	21	376055	105
Chi_P08_1	21	376055	97
Chi_P08_1	21	376055	57
Chi_P08_1	21	376055	186
Chi_P08_1	21	376055	295
Chi_P08_1	21	376055	137
Chi_P08_1	21	376055	129
Chi_P08_1	21	376055	58
Chi_P08_1	21	376055	205
Chi_P08_1	21	376055	31
Chi_P08_1	21	376055	202
Chi_P08_1	21	376055	157
Chi_P08_1	21	376055	93
Chi_P08_1	21	376055	91
Chi_P08_1	21	376055	123
Chi_P08_1	21	376055	56
Chi_P08_1	21	376055	10
Chi_P08_1	22	370298	120
Chi_P08_1	22	370298	130
Chi_P08_1	22	370298	123
Chi_P08_1	22	370298	106
Chi_P08_1	22	370298	158
Chi_P08_1	22	370298	94
Chi_P08_1	22	370298	209
Chi_P08_1	22	370298	121
Chi_P08_1	22	370298	43
Chi_P08_1	22	370298	354
Chi_P08_1	22	370298	117
Chi_P08_1	22	370298	179
Chi_P08_1	22	370298	183
Chi_P08_1	22	370298	142
Chi_P08_1	22	370298	193
Chi_P08_1	22	370298	116
Chi_P08_1	22	370298	96
Chi_P08_1	22	370298	175
Chi_P08_1	22	370298	209
Chi_P08_1	22	370298	172
Chi_P08_1	22	370298	130
Chi_P08_1	22	370298	102
Chi_P08_1	22	370298	119
Chi_P08_1	22	370298	81
Chi_P08_1	22	370298	191
Chi_P08_1	22	370298	115
Chi_P08_1	22	370298	239
Chi_P08_1	22	370298	203
Chi_P08_1	22	370298	226
Chi_P08_1	22	370298	46
Chi_P08_1	22	370298	153
Chi_P08_1	22	370298	133
Chi_P08_1	22	370298	109
Chi_P08_1	22	370298	82
Chi_P08_1	22	370298	71
Chi_P08_1	22	370298	87
Chi_P08_1	22	370298	144
Chi_P08_1	22	370298	52
Chi_P08_1	22	370298	131
Chi_P08_1	22	370298	137
Chi_P08_1	22	370298	84
Chi_P08_1	22	370298	93
Chi_P08_1	22	370298	98
Chi_P08_1	22	370298	77
Chi_P08_1	22	370298	66
Chi_P08_1	22	370298	167
Chi_P08_1	22	370298	205
Chi_P08_1	22	370298	110
Chi_P08_1	22	370298	140
Chi_P08_1	22	370298	236
Chi_P08_1	22	370298	102
Chi_P08_1	22	370298	126
Chi_P08_1	22	370298	164
Chi_P08_1	22	370298	15
Chi_P08_1	22	370298	107
Chi_P08_1	22	370298	67
Chi_P08_1	22	370298	159
Chi_P08_1	22	370298	122
Chi_P08_1	22	370298	81
Chi_P08_1	22	370298	71
Chi_P08_1	22	370298	54
Chi_P08_1	22	370298	163
Chi_P08_1	22	370298	115
Chi_P08_1	22	370298	119
Chi_P08_1	22	370298	221
Chi_P08_1	22	370298	54
Chi_P08_1	22	370298	96
Chi_P08_1	22	370298	190
Chi_P08_1	22	370298	139
Chi_P08_1	22	370298	26
Chi_P08_1	22	370298	94
Chi_P08_1	22	370298	82
Chi_P08_1	22	370298	401
Chi_P08_1	22	370298	53
Chi_P08_1	22	370298	95
Chi_P08_1	22	370298	77
Chi_P08_1	22	370298	61
Chi_P08_1	22	370298	114
Chi_P08_1	22	370298	90
Chi_P08_1	22	370298	86
Chi_P08_1	22	370298	106
Chi_P08_1	22	370298	149
Chi_P08_1	22	370298	94
Chi_P08_1	22	370298	91
Chi_P08_1	22	370298	21
Chi_P08_1	22	370298	138
Chi_P08_1	22	370298	106
Chi_P08_1	22	370298	93
Chi_P08_1	22	370298	149
Chi_P08_1	22	370298	112
Chi_P08_1	22	370298	94
Chi_P08_1	22	370298	117
Chi_P08_1	22	370298	91
Chi_P08_1	22	370298	19
Chi_P08_1	22	370298	87
Chi_P08_1	22	370298	100
Chi_P08_1	22	370298	85
Chi_P08_1	22	370298	90
Chi_P08_1	22	370298	160
Chi_P08_1	22	370298	59
Chi_P08_1	22	370298	140
Chi_P08_1	22	370298	227
Chi_P08_1	22	370298	109
Chi_P08_1	22	370298	129
Chi_P08_1	22	370298	187
Chi_P08_1	22	370298	115
Chi_P08_1	22	370298	204
Chi_P08_1	22	370298	151
Chi_P08_1	22	370298	140
Chi_P08_1	22	370298	94
Chi_P08_1	22	370298	80
Chi_P08_1	22	370298	238
Chi_P08_1	22	370298	162
Chi_P08_1	22	370298	120
Chi_P08_1	22	370298	146
Chi_P08_1	22	370298	50
Chi_P08_1	22	370298	70
Chi_P08_1	22	370298	119
Chi_P08_1	22	370298	59
Chi_P08_1	22	370298	181
Chi_P08_1	22	370298	95
Chi_P08_1	22	370298	125
Chi_P08_1	22	370298	98
Chi_P08_1	22	370298	92
Chi_P08_1	22	370298	86
Chi_P08_1	22	370298	141
Chi_P08_1	22	370298	138
Chi_P08_1	22	370298	120
Chi_P08_1	22	370298	100
Chi_P08_1	22	370298	115
Chi_P08_1	22	370298	99
Chi_P08_1	22	370298	110
Chi_P08_1	22	370298	107
Chi_P08_1	22	370298	129
Chi_P08_1	22	370298	92
Chi_P08_1	22	370298	113
Chi_P08_1	22	370298	89
Chi_P08_1	22	370298	79
Chi_P08_1	22	370298	213
Chi_P08_1	22	370298	90
Chi_P08_1	22	370298	92
Chi_P08_1	22	370298	121
Chi_P08_1	22	370298	147
Chi_P08_1	22	370298	203
Chi_P08_1	22	370298	283
Chi_P08_1	22	370298	135
Chi_P08_1	22	370298	215
Chi_P08_1	22	370298	96
Chi_P08_1	22	370298	1032
Chi_P08_1	22	370298	860
Chi_P08_1	22	370298	92
Chi_P08_1	22	370298	135
Chi_P08_1	22	370298	146
Chi_P08_1	22	370298	199
Chi_P08_1	22	370298	176
Chi_P08_1	22	370298	87
Chi_P08_1	22	370298	235
Chi_P08_1	22	370298	62
Chi_P08_1	22	370298	77
Chi_P08_1	22	370298	50
Chi_P08_1	22	370298	108
Chi_P08_1	22	370298	105
Chi_P08_1	22	370298	63
Chi_P08_1	22	370298	95
Chi_P08_1	22	370298	116
Chi_P08_1	22	370298	77
Chi_P08_1	22	370298	96
Chi_P08_1	22	370298	84
Chi_P08_1	22	370298	134
Chi_P08_1	22	370298	58
Chi_P08_1	22	370298	105
Chi_P08_1	22	370298	47
Chi_P08_1	22	370298	148
Chi_P08_1	22	370298	160
Chi_P08_1	22	370298	97
Chi_P08_1	22	370298	121
Chi_P08_1	22	370298	11
Chi_P08_1	22	370298	70
Chi_P08_1	22	370298	187
Chi_P08_1	22	370298	119
Chi_P08_1	22	370298	140
Chi_P08_1	22	370298	189
Chi_P08_1	22	370298	73
Chi_P08_1	22	370298	109
Chi_P08_1	22	370298	138
Chi_P08_1	22	370298	104
Chi_P08_1	22	370298	160
Chi_P08_1	22	370298	58
Chi_P08_1	22	370298	68
Chi_P08_1	22	370298	71
Chi_P08_1	22	370298	124
Chi_P08_1	22	370298	161
Chi_P08_1	22	370298	91
Chi_P08_1	22	370298	77
Chi_P08_1	22	370298	74
Chi_P08_1	22	370298	160
Chi_P08_1	22	370298	76
Chi_P08_1	22	370298	34
Chi_P08_1	22	370298	69
Chi_P08_1	22	370298	58
Chi_P08_1	22	370298	85
Chi_P08_1	22	370298	163
Chi_P08_1	22	370298	142
Chi_P08_1	22	370298	116
Chi_P08_1	22	370298	37
Chi_P08_1	22	370298	188
Chi_P08_1	22	370298	310
Chi_P08_1	22	370298	82
Chi_P08_1	22	370298	166
Chi_P08_1	22	370298	47
Chi_P08_1	22	370298	236
Chi_P08_1	22	370298	116
Chi_P08_1	22	370298	236
Chi_P08_1	22	370298	65
Chi_P08_1	22	370298	115
Chi_P08_1	22	370298	133
Chi_P08_1	22	370298	200
Chi_P08_1	22	370298	86
Chi_P08_1	22	370298	92
Chi_P08_1	22	370298	146
Chi_P08_1	22	370298	416
Chi_P08_1	22	370298	157
