fichier	leaf	surfaceLeaf	surfaceLesion
Chi_P02_1	1	221331	146
Chi_P02_1	1	221331	86
Chi_P02_1	1	221331	121
Chi_P02_1	1	221331	158
Chi_P02_1	1	221331	108
Chi_P02_1	1	221331	124
Chi_P02_1	1	221331	157
Chi_P02_1	1	221331	117
Chi_P02_1	1	221331	160
Chi_P02_1	1	221331	186
Chi_P02_1	1	221331	94
Chi_P02_1	1	221331	152
Chi_P02_1	1	221331	132
Chi_P02_1	1	221331	77
Chi_P02_1	1	221331	146
Chi_P02_1	1	221331	72
Chi_P02_1	1	221331	124
Chi_P02_1	1	221331	147
Chi_P02_1	1	221331	147
Chi_P02_1	1	221331	375
Chi_P02_1	1	221331	178
Chi_P02_1	1	221331	110
Chi_P02_1	1	221331	144
Chi_P02_1	1	221331	97
Chi_P02_1	1	221331	87
Chi_P02_1	1	221331	70
Chi_P02_1	1	221331	265
Chi_P02_1	1	221331	153
Chi_P02_1	1	221331	152
Chi_P02_1	1	221331	129
Chi_P02_1	1	221331	240
Chi_P02_1	1	221331	249
Chi_P02_1	1	221331	107
Chi_P02_1	1	221331	100
Chi_P02_1	1	221331	432
Chi_P02_1	1	221331	187
Chi_P02_1	1	221331	130
Chi_P02_1	1	221331	139
Chi_P02_1	1	221331	119
Chi_P02_1	1	221331	227
Chi_P02_1	1	221331	119
Chi_P02_1	1	221331	75
Chi_P02_1	1	221331	101
Chi_P02_1	1	221331	158
Chi_P02_1	1	221331	126
Chi_P02_1	1	221331	161
Chi_P02_1	1	221331	121
Chi_P02_1	1	221331	88
Chi_P02_1	1	221331	100
Chi_P02_1	1	221331	121
Chi_P02_1	1	221331	76
Chi_P02_1	1	221331	129
Chi_P02_1	1	221331	173
Chi_P02_1	1	221331	103
Chi_P02_1	1	221331	98
Chi_P02_1	1	221331	62
Chi_P02_1	1	221331	108
Chi_P02_1	1	221331	130
Chi_P02_1	1	221331	72
Chi_P02_1	1	221331	52
Chi_P02_1	1	221331	151
Chi_P02_1	1	221331	177
Chi_P02_1	1	221331	104
Chi_P02_1	1	221331	146
Chi_P02_1	1	221331	157
Chi_P02_1	1	221331	183
Chi_P02_1	1	221331	100
Chi_P02_1	1	221331	175
Chi_P02_1	1	221331	237
Chi_P02_1	1	221331	206
Chi_P02_1	1	221331	213
Chi_P02_1	1	221331	99
Chi_P02_1	1	221331	119
Chi_P02_1	1	221331	14
Chi_P02_1	1	221331	179
Chi_P02_1	1	221331	160
Chi_P02_1	1	221331	123
Chi_P02_1	1	221331	178
Chi_P02_1	1	221331	174
Chi_P02_1	1	221331	58
Chi_P02_1	1	221331	166
Chi_P02_1	1	221331	120
Chi_P02_1	1	221331	118
Chi_P02_1	1	221331	186
Chi_P02_1	1	221331	242
Chi_P02_1	1	221331	62
Chi_P02_1	1	221331	203
Chi_P02_1	1	221331	125
Chi_P02_1	1	221331	116
Chi_P02_1	2	325121	139
Chi_P02_1	2	325121	218
Chi_P02_1	2	325121	83
Chi_P02_1	2	325121	116
Chi_P02_1	2	325121	138
Chi_P02_1	2	325121	97
Chi_P02_1	2	325121	132
Chi_P02_1	2	325121	95
Chi_P02_1	2	325121	276
Chi_P02_1	2	325121	81
Chi_P02_1	2	325121	105
Chi_P02_1	2	325121	154
Chi_P02_1	2	325121	122
Chi_P02_1	2	325121	150
Chi_P02_1	2	325121	122
Chi_P02_1	2	325121	71
Chi_P02_1	2	325121	277
Chi_P02_1	2	325121	104
Chi_P02_1	2	325121	85
Chi_P02_1	2	325121	159
Chi_P02_1	2	325121	151
Chi_P02_1	2	325121	62
Chi_P02_1	2	325121	143
Chi_P02_1	2	325121	163
Chi_P02_1	2	325121	11
Chi_P02_1	2	325121	87
Chi_P02_1	2	325121	70
Chi_P02_1	2	325121	219
Chi_P02_1	2	325121	80
Chi_P02_1	2	325121	76
Chi_P02_1	2	325121	80
Chi_P02_1	2	325121	98
Chi_P02_1	2	325121	32
Chi_P02_1	2	325121	77
Chi_P02_1	2	325121	87
Chi_P02_1	2	325121	148
Chi_P02_1	2	325121	180
Chi_P02_1	2	325121	90
Chi_P02_1	2	325121	108
Chi_P02_1	2	325121	101
Chi_P02_1	2	325121	140
Chi_P02_1	2	325121	107
Chi_P02_1	2	325121	115
Chi_P02_1	2	325121	89
Chi_P02_1	2	325121	55
Chi_P02_1	2	325121	152
Chi_P02_1	2	325121	30
Chi_P02_1	2	325121	110
Chi_P02_1	2	325121	59
Chi_P02_1	2	325121	84
Chi_P02_1	2	325121	90
Chi_P02_1	2	325121	94
Chi_P02_1	2	325121	64
Chi_P02_1	2	325121	125
Chi_P02_1	2	325121	189
Chi_P02_1	2	325121	111
Chi_P02_1	2	325121	87
Chi_P02_1	2	325121	146
Chi_P02_1	2	325121	151
Chi_P02_1	2	325121	60
Chi_P02_1	2	325121	160
Chi_P02_1	2	325121	221
Chi_P02_1	2	325121	109
Chi_P02_1	2	325121	261
Chi_P02_1	2	325121	124
Chi_P02_1	2	325121	54
Chi_P02_1	2	325121	129
Chi_P02_1	2	325121	139
Chi_P02_1	2	325121	118
Chi_P02_1	2	325121	94
Chi_P02_1	2	325121	23
Chi_P02_1	2	325121	239
Chi_P02_1	2	325121	98
Chi_P02_1	2	325121	104
Chi_P02_1	2	325121	142
Chi_P02_1	2	325121	46
Chi_P02_1	2	325121	151
Chi_P02_1	2	325121	181
Chi_P02_1	2	325121	95
Chi_P02_1	2	325121	98
Chi_P02_1	2	325121	141
Chi_P02_1	2	325121	140
Chi_P02_1	2	325121	98
Chi_P02_1	2	325121	58
Chi_P02_1	2	325121	108
Chi_P02_1	2	325121	32
Chi_P02_1	2	325121	248
Chi_P02_1	2	325121	176
Chi_P02_1	2	325121	67
Chi_P02_1	2	325121	142
Chi_P02_1	2	325121	135
Chi_P02_1	2	325121	92
Chi_P02_1	2	325121	185
Chi_P02_1	2	325121	38
Chi_P02_1	2	325121	247
Chi_P02_1	2	325121	90
Chi_P02_1	2	325121	172
Chi_P02_1	2	325121	123
Chi_P02_1	2	325121	107
Chi_P02_1	2	325121	157
Chi_P02_1	2	325121	162
Chi_P02_1	2	325121	157
Chi_P02_1	2	325121	150
Chi_P02_1	2	325121	103
Chi_P02_1	3	251438	190
Chi_P02_1	3	251438	151
Chi_P02_1	3	251438	125
Chi_P02_1	3	251438	113
Chi_P02_1	3	251438	269
Chi_P02_1	3	251438	94
Chi_P02_1	3	251438	177
Chi_P02_1	3	251438	141
Chi_P02_1	3	251438	124
Chi_P02_1	3	251438	131
Chi_P02_1	3	251438	222
Chi_P02_1	3	251438	133
Chi_P02_1	3	251438	111
Chi_P02_1	3	251438	80
Chi_P02_1	3	251438	230
Chi_P02_1	3	251438	137
Chi_P02_1	3	251438	99
Chi_P02_1	3	251438	77
Chi_P02_1	3	251438	142
Chi_P02_1	3	251438	125
Chi_P02_1	3	251438	132
Chi_P02_1	3	251438	440
Chi_P02_1	3	251438	126
Chi_P02_1	3	251438	134
Chi_P02_1	3	251438	162
Chi_P02_1	3	251438	108
Chi_P02_1	3	251438	108
Chi_P02_1	3	251438	137
Chi_P02_1	3	251438	299
Chi_P02_1	3	251438	112
Chi_P02_1	3	251438	93
Chi_P02_1	3	251438	78
Chi_P02_1	3	251438	178
Chi_P02_1	3	251438	248
Chi_P02_1	3	251438	54
Chi_P02_1	3	251438	45
Chi_P02_1	3	251438	87
Chi_P02_1	3	251438	233
Chi_P02_1	3	251438	112
Chi_P02_1	3	251438	92
Chi_P02_1	3	251438	72
Chi_P02_1	3	251438	196
Chi_P02_1	3	251438	92
Chi_P02_1	3	251438	127
Chi_P02_1	3	251438	116
Chi_P02_1	3	251438	56
Chi_P02_1	3	251438	72
Chi_P02_1	3	251438	125
Chi_P02_1	3	251438	97
Chi_P02_1	3	251438	241
Chi_P02_1	3	251438	93
Chi_P02_1	3	251438	165
Chi_P02_1	3	251438	47
Chi_P02_1	3	251438	136
Chi_P02_1	3	251438	140
Chi_P02_1	3	251438	73
Chi_P02_1	3	251438	86
Chi_P02_1	3	251438	108
Chi_P02_1	3	251438	55
Chi_P02_1	3	251438	184
Chi_P02_1	3	251438	181
Chi_P02_1	3	251438	105
Chi_P02_1	3	251438	141
Chi_P02_1	3	251438	187
Chi_P02_1	3	251438	284
Chi_P02_1	3	251438	99
Chi_P02_1	3	251438	233
Chi_P02_1	3	251438	96
Chi_P02_1	3	251438	79
Chi_P02_1	3	251438	129
Chi_P02_1	3	251438	188
Chi_P02_1	3	251438	203
Chi_P02_1	3	251438	85
Chi_P02_1	3	251438	142
Chi_P02_1	3	251438	152
Chi_P02_1	3	251438	184
Chi_P02_1	3	251438	157
Chi_P02_1	3	251438	163
Chi_P02_1	3	251438	141
Chi_P02_1	3	251438	198
Chi_P02_1	3	251438	113
Chi_P02_1	3	251438	64
Chi_P02_1	3	251438	129
Chi_P02_1	3	251438	257
Chi_P02_1	3	251438	105
Chi_P02_1	3	251438	161
Chi_P02_1	3	251438	118
Chi_P02_1	3	251438	100
Chi_P02_1	3	251438	152
Chi_P02_1	3	251438	124
Chi_P02_1	3	251438	121
Chi_P02_1	3	251438	41
Chi_P02_1	3	251438	292
Chi_P02_1	3	251438	347
Chi_P02_1	3	251438	133
Chi_P02_1	3	251438	94
Chi_P02_1	3	251438	324
Chi_P02_1	3	251438	332
Chi_P02_1	3	251438	139
Chi_P02_1	3	251438	144
Chi_P02_1	3	251438	104
Chi_P02_1	3	251438	138
Chi_P02_1	3	251438	136
Chi_P02_1	3	251438	191
Chi_P02_1	4	321228	41
Chi_P02_1	4	321228	146
Chi_P02_1	4	321228	106
Chi_P02_1	4	321228	80
Chi_P02_1	4	321228	214
Chi_P02_1	4	321228	100
Chi_P02_1	4	321228	91
Chi_P02_1	4	321228	114
Chi_P02_1	4	321228	94
Chi_P02_1	4	321228	147
Chi_P02_1	4	321228	98
Chi_P02_1	4	321228	149
Chi_P02_1	4	321228	67
Chi_P02_1	4	321228	118
Chi_P02_1	4	321228	31
Chi_P02_1	4	321228	47
Chi_P02_1	4	321228	240
Chi_P02_1	4	321228	110
Chi_P02_1	4	321228	131
Chi_P02_1	4	321228	92
Chi_P02_1	4	321228	87
Chi_P02_1	4	321228	108
Chi_P02_1	4	321228	64
Chi_P02_1	4	321228	27
Chi_P02_1	4	321228	105
Chi_P02_1	4	321228	72
Chi_P02_1	4	321228	109
Chi_P02_1	4	321228	66
Chi_P02_1	4	321228	119
Chi_P02_1	4	321228	119
Chi_P02_1	4	321228	60
Chi_P02_1	4	321228	12
Chi_P02_1	4	321228	93
Chi_P02_1	4	321228	67
Chi_P02_1	4	321228	139
Chi_P02_1	4	321228	89
Chi_P02_1	4	321228	80
Chi_P02_1	4	321228	92
Chi_P02_1	4	321228	70
Chi_P02_1	4	321228	69
Chi_P02_1	4	321228	101
Chi_P02_1	4	321228	71
Chi_P02_1	4	321228	80
Chi_P02_1	4	321228	108
Chi_P02_1	4	321228	95
Chi_P02_1	4	321228	124
Chi_P02_1	4	321228	92
Chi_P02_1	4	321228	85
Chi_P02_1	4	321228	122
Chi_P02_1	4	321228	73
Chi_P02_1	4	321228	160
Chi_P02_1	4	321228	174
Chi_P02_1	4	321228	74
Chi_P02_1	4	321228	138
Chi_P02_1	4	321228	56
Chi_P02_1	4	321228	52
Chi_P02_1	4	321228	156
Chi_P02_1	4	321228	49
Chi_P02_1	4	321228	111
Chi_P02_1	4	321228	67
Chi_P02_1	4	321228	120
Chi_P02_1	4	321228	92
Chi_P02_1	4	321228	206
Chi_P02_1	4	321228	87
Chi_P02_1	4	321228	64
Chi_P02_1	4	321228	88
Chi_P02_1	4	321228	112
Chi_P02_1	4	321228	85
Chi_P02_1	4	321228	178
Chi_P02_1	4	321228	195
Chi_P02_1	4	321228	22
Chi_P02_1	4	321228	194
Chi_P02_1	4	321228	114
Chi_P02_1	4	321228	119
Chi_P02_1	4	321228	103
Chi_P02_1	4	321228	184
Chi_P02_1	4	321228	161
Chi_P02_1	4	321228	97
Chi_P02_1	4	321228	166
Chi_P02_1	4	321228	218
Chi_P02_1	4	321228	147
Chi_P02_1	4	321228	135
Chi_P02_1	5	282076	58
Chi_P02_1	5	282076	88
Chi_P02_1	5	282076	84
Chi_P02_1	5	282076	97
Chi_P02_1	5	282076	145
Chi_P02_1	5	282076	172
Chi_P02_1	5	282076	120
Chi_P02_1	5	282076	203
Chi_P02_1	5	282076	116
Chi_P02_1	5	282076	57
Chi_P02_1	5	282076	113
Chi_P02_1	5	282076	20
Chi_P02_1	5	282076	52
Chi_P02_1	5	282076	93
Chi_P02_1	5	282076	125
Chi_P02_1	5	282076	128
Chi_P02_1	5	282076	13
Chi_P02_1	5	282076	77
Chi_P02_1	5	282076	108
Chi_P02_1	5	282076	140
Chi_P02_1	5	282076	83
Chi_P02_1	5	282076	83
Chi_P02_1	5	282076	42
Chi_P02_1	5	282076	56
Chi_P02_1	5	282076	117
Chi_P02_1	5	282076	63
Chi_P02_1	5	282076	98
Chi_P02_1	5	282076	94
Chi_P02_1	5	282076	109
Chi_P02_1	5	282076	75
Chi_P02_1	5	282076	89
Chi_P02_1	5	282076	36
Chi_P02_1	5	282076	57
Chi_P02_1	5	282076	90
Chi_P02_1	5	282076	57
Chi_P02_1	5	282076	82
Chi_P02_1	5	282076	48
Chi_P02_1	5	282076	26
Chi_P02_1	5	282076	119
Chi_P02_1	5	282076	61
Chi_P02_1	5	282076	102
Chi_P02_1	5	282076	187
Chi_P02_1	5	282076	78
Chi_P02_1	5	282076	150
Chi_P02_1	5	282076	203
Chi_P02_1	5	282076	141
Chi_P02_1	5	282076	416
Chi_P02_1	5	282076	131
Chi_P02_1	5	282076	171
Chi_P02_1	5	282076	135
Chi_P02_1	5	282076	104
Chi_P02_1	5	282076	94
Chi_P02_1	5	282076	405
Chi_P02_1	5	282076	299
Chi_P02_1	5	282076	129
Chi_P02_1	5	282076	32
Chi_P02_1	5	282076	124
Chi_P02_1	5	282076	77
Chi_P02_1	5	282076	164
Chi_P02_1	5	282076	197
Chi_P02_1	5	282076	160
Chi_P02_1	5	282076	177
Chi_P02_1	5	282076	202
Chi_P02_1	5	282076	189
Chi_P02_1	5	282076	177
Chi_P02_1	5	282076	149
Chi_P02_1	5	282076	128
Chi_P02_1	5	282076	121
Chi_P02_1	5	282076	97
Chi_P02_1	5	282076	186
Chi_P02_1	5	282076	122
Chi_P02_1	5	282076	168
Chi_P02_1	5	282076	126
Chi_P02_1	5	282076	34
Chi_P02_1	5	282076	81
Chi_P02_1	5	282076	135
Chi_P02_1	5	282076	377
Chi_P02_1	5	282076	131
Chi_P02_1	6	314752	166
Chi_P02_1	6	314752	79
Chi_P02_1	6	314752	102
Chi_P02_1	6	314752	115
Chi_P02_1	6	314752	105
Chi_P02_1	6	314752	124
Chi_P02_1	6	314752	67
Chi_P02_1	6	314752	175
Chi_P02_1	6	314752	122
Chi_P02_1	6	314752	52
Chi_P02_1	6	314752	85
Chi_P02_1	6	314752	116
Chi_P02_1	6	314752	87
Chi_P02_1	6	314752	128
Chi_P02_1	6	314752	187
Chi_P02_1	6	314752	100
Chi_P02_1	6	314752	43
Chi_P02_1	6	314752	102
Chi_P02_1	6	314752	193
Chi_P02_1	6	314752	103
Chi_P02_1	6	314752	86
Chi_P02_1	6	314752	138
Chi_P02_1	6	314752	141
Chi_P02_1	6	314752	114
Chi_P02_1	6	314752	175
Chi_P02_1	6	314752	91
Chi_P02_1	6	314752	213
Chi_P02_1	6	314752	119
Chi_P02_1	6	314752	97
Chi_P02_1	6	314752	68
Chi_P02_1	6	314752	160
Chi_P02_1	6	314752	71
Chi_P02_1	6	314752	120
Chi_P02_1	6	314752	91
Chi_P02_1	6	314752	314
Chi_P02_1	6	314752	162
Chi_P02_1	6	314752	146
Chi_P02_1	6	314752	61
Chi_P02_1	6	314752	119
Chi_P02_1	6	314752	115
Chi_P02_1	6	314752	87
Chi_P02_1	6	314752	137
Chi_P02_1	6	314752	102
Chi_P02_1	6	314752	104
Chi_P02_1	6	314752	122
Chi_P02_1	6	314752	46
Chi_P02_1	6	314752	98
Chi_P02_1	6	314752	61
Chi_P02_1	6	314752	37
Chi_P02_1	6	314752	75
Chi_P02_1	6	314752	123
Chi_P02_1	6	314752	11
Chi_P02_1	6	314752	85
Chi_P02_1	6	314752	86
Chi_P02_1	6	314752	64
Chi_P02_1	6	314752	215
Chi_P02_1	6	314752	77
Chi_P02_1	6	314752	113
Chi_P02_1	6	314752	101
Chi_P02_1	6	314752	151
Chi_P02_1	6	314752	109
Chi_P02_1	6	314752	37
Chi_P02_1	6	314752	64
Chi_P02_1	6	314752	129
Chi_P02_1	6	314752	33
Chi_P02_1	6	314752	36
Chi_P02_1	6	314752	102
Chi_P02_1	6	314752	26
Chi_P02_1	6	314752	82
Chi_P02_1	6	314752	99
Chi_P02_1	6	314752	54
Chi_P02_1	6	314752	88
Chi_P02_1	6	314752	37
Chi_P02_1	6	314752	93
Chi_P02_1	6	314752	109
Chi_P02_1	6	314752	96
Chi_P02_1	6	314752	77
Chi_P02_1	6	314752	126
Chi_P02_1	6	314752	173
Chi_P02_1	6	314752	81
Chi_P02_1	6	314752	93
Chi_P02_1	6	314752	124
Chi_P02_1	6	314752	59
Chi_P02_1	6	314752	43
Chi_P02_1	6	314752	47
Chi_P02_1	6	314752	21
Chi_P02_1	6	314752	226
Chi_P02_1	6	314752	105
Chi_P02_1	6	314752	94
Chi_P02_1	6	314752	86
Chi_P02_1	6	314752	85
Chi_P02_1	6	314752	156
Chi_P02_1	6	314752	97
Chi_P02_1	6	314752	128
Chi_P02_1	6	314752	100
Chi_P02_1	6	314752	94
Chi_P02_1	6	314752	88
Chi_P02_1	6	314752	69
Chi_P02_1	6	314752	126
Chi_P02_1	6	314752	106
Chi_P02_1	6	314752	57
Chi_P02_1	6	314752	101
Chi_P02_1	6	314752	67
Chi_P02_1	6	314752	107
Chi_P02_1	6	314752	57
Chi_P02_1	6	314752	136
Chi_P02_1	6	314752	42
Chi_P02_1	6	314752	46
Chi_P02_1	6	314752	79
Chi_P02_1	6	314752	10
Chi_P02_1	6	314752	47
Chi_P02_1	6	314752	42
Chi_P02_1	6	314752	117
Chi_P02_1	7	326291	94
Chi_P02_1	7	326291	76
Chi_P02_1	7	326291	96
Chi_P02_1	7	326291	109
Chi_P02_1	7	326291	98
Chi_P02_1	7	326291	104
Chi_P02_1	7	326291	111
Chi_P02_1	7	326291	92
Chi_P02_1	7	326291	82
Chi_P02_1	7	326291	66
Chi_P02_1	7	326291	102
Chi_P02_1	7	326291	84
Chi_P02_1	7	326291	100
Chi_P02_1	7	326291	87
Chi_P02_1	7	326291	92
Chi_P02_1	7	326291	67
Chi_P02_1	7	326291	92
Chi_P02_1	7	326291	297
Chi_P02_1	7	326291	105
Chi_P02_1	7	326291	55
Chi_P02_1	7	326291	129
Chi_P02_1	7	326291	72
Chi_P02_1	7	326291	113
Chi_P02_1	7	326291	120
Chi_P02_1	7	326291	93
Chi_P02_1	7	326291	105
Chi_P02_1	7	326291	142
Chi_P02_1	7	326291	172
Chi_P02_1	7	326291	99
Chi_P02_1	7	326291	142
Chi_P02_1	7	326291	87
Chi_P02_1	7	326291	112
Chi_P02_1	7	326291	111
Chi_P02_1	7	326291	136
Chi_P02_1	7	326291	132
Chi_P02_1	7	326291	104
Chi_P02_1	7	326291	294
Chi_P02_1	7	326291	112
Chi_P02_1	7	326291	118
Chi_P02_1	7	326291	96
Chi_P02_1	7	326291	66
Chi_P02_1	7	326291	91
Chi_P02_1	7	326291	102
Chi_P02_1	7	326291	118
Chi_P02_1	7	326291	164
Chi_P02_1	7	326291	135
Chi_P02_1	7	326291	53
Chi_P02_1	7	326291	107
Chi_P02_1	7	326291	114
Chi_P02_1	7	326291	100
Chi_P02_1	7	326291	121
Chi_P02_1	7	326291	89
Chi_P02_1	7	326291	68
Chi_P02_1	7	326291	109
Chi_P02_1	7	326291	136
Chi_P02_1	7	326291	91
Chi_P02_1	7	326291	83
Chi_P02_1	7	326291	92
Chi_P02_1	7	326291	134
Chi_P02_1	7	326291	220
Chi_P02_1	7	326291	155
Chi_P02_1	7	326291	147
Chi_P02_1	7	326291	140
Chi_P02_1	7	326291	132
Chi_P02_1	7	326291	445
Chi_P02_1	7	326291	136
Chi_P02_1	7	326291	59
Chi_P02_1	7	326291	89
Chi_P02_1	7	326291	93
Chi_P02_1	7	326291	101
Chi_P02_1	7	326291	113
Chi_P02_1	7	326291	98
Chi_P02_1	7	326291	102
Chi_P02_1	7	326291	85
Chi_P02_1	7	326291	93
Chi_P02_1	7	326291	102
Chi_P02_1	7	326291	184
Chi_P02_1	7	326291	81
Chi_P02_1	7	326291	96
Chi_P02_1	7	326291	125
Chi_P02_1	7	326291	60
Chi_P02_1	7	326291	49
Chi_P02_1	7	326291	129
Chi_P02_1	7	326291	13
Chi_P02_1	7	326291	69
Chi_P02_1	7	326291	140
Chi_P02_1	7	326291	78
Chi_P02_1	7	326291	91
Chi_P02_1	7	326291	200
Chi_P02_1	7	326291	82
Chi_P02_1	7	326291	118
Chi_P02_1	7	326291	113
Chi_P02_1	7	326291	100
Chi_P02_1	7	326291	117
Chi_P02_1	7	326291	44
Chi_P02_1	7	326291	135
Chi_P02_1	7	326291	63
Chi_P02_1	7	326291	79
Chi_P02_1	7	326291	94
Chi_P02_1	7	326291	60
Chi_P02_1	7	326291	80
Chi_P02_1	7	326291	83
Chi_P02_1	7	326291	119
Chi_P02_1	7	326291	93
Chi_P02_1	7	326291	158
Chi_P02_1	7	326291	79
Chi_P02_1	7	326291	119
Chi_P02_1	7	326291	55
Chi_P02_1	8	337300	25
Chi_P02_1	8	337300	94
Chi_P02_1	8	337300	121
Chi_P02_1	8	337300	134
Chi_P02_1	8	337300	92
Chi_P02_1	8	337300	140
Chi_P02_1	8	337300	107
Chi_P02_1	8	337300	82
Chi_P02_1	8	337300	91
Chi_P02_1	8	337300	401
Chi_P02_1	8	337300	135
Chi_P02_1	8	337300	120
Chi_P02_1	8	337300	151
Chi_P02_1	8	337300	73
Chi_P02_1	8	337300	314
Chi_P02_1	8	337300	165
Chi_P02_1	8	337300	169
Chi_P02_1	8	337300	125
Chi_P02_1	8	337300	156
Chi_P02_1	8	337300	193
Chi_P02_1	8	337300	108
Chi_P02_1	8	337300	170
Chi_P02_1	8	337300	136
Chi_P02_1	8	337300	152
Chi_P02_1	8	337300	182
Chi_P02_1	8	337300	264
Chi_P02_1	8	337300	131
Chi_P02_1	8	337300	157
Chi_P02_1	8	337300	117
Chi_P02_1	8	337300	108
Chi_P02_1	8	337300	136
Chi_P02_1	8	337300	130
Chi_P02_1	8	337300	106
Chi_P02_1	8	337300	113
Chi_P02_1	8	337300	129
Chi_P02_1	8	337300	134
Chi_P02_1	8	337300	157
Chi_P02_1	8	337300	175
Chi_P02_1	8	337300	120
Chi_P02_1	8	337300	105
Chi_P02_1	8	337300	76
Chi_P02_1	8	337300	63
Chi_P02_1	8	337300	132
Chi_P02_1	8	337300	114
Chi_P02_1	8	337300	98
Chi_P02_1	8	337300	69
Chi_P02_1	8	337300	130
Chi_P02_1	8	337300	130
Chi_P02_1	8	337300	94
Chi_P02_1	8	337300	84
Chi_P02_1	8	337300	96
Chi_P02_1	8	337300	172
Chi_P02_1	8	337300	89
Chi_P02_1	8	337300	125
Chi_P02_1	8	337300	93
Chi_P02_1	8	337300	103
Chi_P02_1	8	337300	126
Chi_P02_1	8	337300	152
Chi_P02_1	8	337300	56
Chi_P02_1	8	337300	137
Chi_P02_1	8	337300	112
Chi_P02_1	8	337300	107
Chi_P02_1	8	337300	143
Chi_P02_1	8	337300	66
Chi_P02_1	8	337300	70
Chi_P02_1	8	337300	164
Chi_P02_1	8	337300	30
Chi_P02_1	8	337300	56
Chi_P02_1	8	337300	99
Chi_P02_1	8	337300	115
Chi_P02_1	8	337300	89
Chi_P02_1	8	337300	81
Chi_P02_1	8	337300	77
Chi_P02_1	8	337300	100
Chi_P02_1	8	337300	73
Chi_P02_1	8	337300	104
Chi_P02_1	8	337300	150
Chi_P02_1	8	337300	217
Chi_P02_1	8	337300	135
Chi_P02_1	8	337300	121
Chi_P02_1	8	337300	143
Chi_P02_1	8	337300	72
Chi_P02_1	8	337300	99
Chi_P02_1	8	337300	158
Chi_P02_1	8	337300	128
Chi_P02_1	8	337300	113
Chi_P02_1	8	337300	48
Chi_P02_1	8	337300	123
Chi_P02_1	8	337300	82
Chi_P02_1	8	337300	110
Chi_P02_1	8	337300	158
Chi_P02_1	8	337300	142
Chi_P02_1	8	337300	147
Chi_P02_1	8	337300	195
Chi_P02_1	8	337300	119
Chi_P02_1	8	337300	98
Chi_P02_1	8	337300	73
Chi_P02_1	8	337300	165
Chi_P02_1	8	337300	108
Chi_P02_1	8	337300	121
Chi_P02_1	8	337300	187
Chi_P02_1	8	337300	90
Chi_P02_1	8	337300	109
Chi_P02_1	8	337300	161
Chi_P02_1	8	337300	52
Chi_P02_1	8	337300	72
Chi_P02_1	8	337300	103
Chi_P02_1	8	337300	334
Chi_P02_1	8	337300	74
Chi_P02_1	8	337300	78
Chi_P02_1	8	337300	22
Chi_P02_1	8	337300	13
Chi_P02_1	9	319302	16
Chi_P02_1	9	319302	206
Chi_P02_1	9	319302	73
Chi_P02_1	9	319302	107
Chi_P02_1	9	319302	144
Chi_P02_1	9	319302	111
Chi_P02_1	9	319302	122
Chi_P02_1	9	319302	96
Chi_P02_1	9	319302	111
Chi_P02_1	9	319302	104
Chi_P02_1	9	319302	79
Chi_P02_1	9	319302	192
Chi_P02_1	9	319302	228
Chi_P02_1	9	319302	154
Chi_P02_1	9	319302	118
Chi_P02_1	9	319302	92
Chi_P02_1	9	319302	166
Chi_P02_1	9	319302	130
Chi_P02_1	9	319302	105
Chi_P02_1	9	319302	316
Chi_P02_1	9	319302	132
Chi_P02_1	9	319302	61
Chi_P02_1	9	319302	85
Chi_P02_1	9	319302	198
Chi_P02_1	9	319302	58
Chi_P02_1	9	319302	256
Chi_P02_1	9	319302	107
Chi_P02_1	9	319302	131
Chi_P02_1	9	319302	218
Chi_P02_1	9	319302	180
Chi_P02_1	9	319302	153
Chi_P02_1	9	319302	122
Chi_P02_1	9	319302	199
Chi_P02_1	9	319302	129
Chi_P02_1	9	319302	157
Chi_P02_1	9	319302	114
Chi_P02_1	9	319302	279
Chi_P02_1	9	319302	139
Chi_P02_1	9	319302	127
Chi_P02_1	9	319302	109
Chi_P02_1	9	319302	166
Chi_P02_1	9	319302	177
Chi_P02_1	9	319302	192
Chi_P02_1	9	319302	200
Chi_P02_1	9	319302	81
Chi_P02_1	9	319302	301
Chi_P02_1	9	319302	334
Chi_P02_1	9	319302	140
Chi_P02_1	9	319302	140
Chi_P02_1	9	319302	226
Chi_P02_1	9	319302	142
Chi_P02_1	9	319302	224
Chi_P02_1	9	319302	166
Chi_P02_1	9	319302	267
Chi_P02_1	9	319302	106
Chi_P02_1	9	319302	124
Chi_P02_1	9	319302	105
Chi_P02_1	9	319302	57
Chi_P02_1	9	319302	158
Chi_P02_1	9	319302	98
Chi_P02_1	9	319302	74
Chi_P02_1	9	319302	103
Chi_P02_1	9	319302	171
Chi_P02_1	9	319302	102
Chi_P02_1	9	319302	156
Chi_P02_1	9	319302	138
Chi_P02_1	9	319302	164
Chi_P02_1	9	319302	121
Chi_P02_1	9	319302	254
Chi_P02_1	9	319302	32
Chi_P02_1	9	319302	171
Chi_P02_1	9	319302	121
Chi_P02_1	9	319302	103
Chi_P02_1	9	319302	299
Chi_P02_1	9	319302	98
Chi_P02_1	9	319302	58
Chi_P02_1	9	319302	82
Chi_P02_1	9	319302	124
Chi_P02_1	9	319302	185
Chi_P02_1	9	319302	127
Chi_P02_1	9	319302	124
Chi_P02_1	9	319302	90
Chi_P02_1	9	319302	139
Chi_P02_1	9	319302	79
Chi_P02_1	9	319302	266
Chi_P02_1	9	319302	15
Chi_P02_1	9	319302	83
Chi_P02_1	9	319302	93
Chi_P02_1	9	319302	202
Chi_P02_1	9	319302	82
Chi_P02_1	9	319302	147
Chi_P02_1	9	319302	167
Chi_P02_1	9	319302	118
Chi_P02_1	9	319302	178
Chi_P02_1	9	319302	184
Chi_P02_1	9	319302	124
Chi_P02_1	9	319302	128
Chi_P02_1	9	319302	46
Chi_P02_1	9	319302	41
Chi_P02_1	9	319302	214
Chi_P02_1	9	319302	208
Chi_P02_1	9	319302	65
Chi_P02_1	9	319302	68
Chi_P02_1	9	319302	140
Chi_P02_1	9	319302	42
Chi_P02_1	9	319302	67
Chi_P02_1	9	319302	75
Chi_P02_1	9	319302	87
Chi_P02_1	9	319302	61
Chi_P02_1	9	319302	82
Chi_P02_1	9	319302	102
Chi_P02_1	9	319302	72
Chi_P02_1	9	319302	113
Chi_P02_1	9	319302	125
Chi_P02_1	9	319302	37
Chi_P02_1	9	319302	71
Chi_P02_1	9	319302	64
Chi_P02_1	9	319302	104
Chi_P02_1	9	319302	105
Chi_P02_1	9	319302	152
Chi_P02_1	9	319302	105
Chi_P02_1	9	319302	57
Chi_P02_1	9	319302	183
Chi_P02_1	9	319302	157
Chi_P02_1	9	319302	78
Chi_P02_1	9	319302	91
Chi_P02_1	9	319302	66
Chi_P02_1	9	319302	57
Chi_P02_1	9	319302	32
Chi_P02_1	9	319302	91
Chi_P02_1	9	319302	97
Chi_P02_1	9	319302	118
Chi_P02_1	9	319302	89
Chi_P02_1	9	319302	127
Chi_P02_1	9	319302	82
Chi_P02_1	9	319302	131
Chi_P02_1	9	319302	58
Chi_P02_1	9	319302	104
Chi_P02_1	9	319302	51
Chi_P02_1	9	319302	270
Chi_P02_1	9	319302	63
Chi_P02_1	9	319302	45
Chi_P02_1	9	319302	54
Chi_P02_1	9	319302	18
Chi_P02_1	9	319302	248
Chi_P02_1	9	319302	62
Chi_P02_1	9	319302	58
Chi_P02_1	9	319302	52
Chi_P02_1	9	319302	143
Chi_P02_1	9	319302	30
Chi_P02_1	9	319302	37
Chi_P02_1	10	331357	128
Chi_P02_1	10	331357	83
Chi_P02_1	10	331357	45
Chi_P02_1	10	331357	49
Chi_P02_1	10	331357	60
Chi_P02_1	10	331357	91
Chi_P02_1	10	331357	94
Chi_P02_1	10	331357	34
Chi_P02_1	10	331357	11
Chi_P02_1	10	331357	78
Chi_P02_1	10	331357	21
Chi_P02_1	10	331357	47
Chi_P02_1	10	331357	57
Chi_P02_1	10	331357	56
Chi_P02_1	10	331357	45
Chi_P02_1	10	331357	24
Chi_P02_1	10	331357	111
Chi_P02_1	10	331357	41
Chi_P02_1	10	331357	132
Chi_P02_1	10	331357	62
Chi_P02_1	10	331357	85
Chi_P02_1	10	331357	79
Chi_P02_1	10	331357	87
Chi_P02_1	10	331357	135
Chi_P02_1	10	331357	42
Chi_P02_1	10	331357	112
Chi_P02_1	10	331357	88
Chi_P02_1	10	331357	113
Chi_P02_1	10	331357	69
Chi_P02_1	10	331357	107
Chi_P02_1	10	331357	47
Chi_P02_1	10	331357	136
Chi_P02_1	10	331357	219
Chi_P02_1	10	331357	244
Chi_P02_1	10	331357	89
Chi_P02_1	10	331357	106
Chi_P02_1	10	331357	103
Chi_P02_1	10	331357	76
Chi_P02_1	10	331357	131
Chi_P02_1	10	331357	69
Chi_P02_1	10	331357	76
Chi_P02_1	10	331357	99
Chi_P02_1	10	331357	82
Chi_P02_1	10	331357	55
Chi_P02_1	10	331357	87
Chi_P02_1	10	331357	62
Chi_P02_1	10	331357	101
Chi_P02_1	10	331357	127
Chi_P02_1	10	331357	93
Chi_P02_1	10	331357	86
Chi_P02_1	10	331357	201
Chi_P02_1	10	331357	101
Chi_P02_1	10	331357	73
Chi_P02_1	10	331357	64
Chi_P02_1	10	331357	24
Chi_P02_1	10	331357	118
Chi_P02_1	10	331357	64
Chi_P02_1	10	331357	105
Chi_P02_1	10	331357	144
Chi_P02_1	10	331357	82
Chi_P02_1	10	331357	223
Chi_P02_1	10	331357	62
Chi_P02_1	10	331357	88
Chi_P02_1	10	331357	49
Chi_P02_1	10	331357	77
Chi_P02_1	10	331357	74
Chi_P02_1	10	331357	209
Chi_P02_1	10	331357	67
Chi_P02_1	10	331357	132
Chi_P02_1	10	331357	66
Chi_P02_1	10	331357	31
Chi_P02_1	10	331357	59
Chi_P02_1	10	331357	18
Chi_P02_1	10	331357	169
Chi_P02_1	10	331357	124
Chi_P02_1	10	331357	61
Chi_P02_1	10	331357	170
Chi_P02_1	10	331357	65
Chi_P02_1	10	331357	103
Chi_P02_1	10	331357	142
Chi_P02_1	10	331357	88
Chi_P02_1	10	331357	33
Chi_P02_1	10	331357	330
Chi_P02_1	10	331357	55
Chi_P02_1	10	331357	80
Chi_P02_1	10	331357	72
Chi_P02_1	10	331357	58
Chi_P02_1	10	331357	205
Chi_P02_1	10	331357	97
Chi_P02_1	10	331357	113
Chi_P02_1	10	331357	51
Chi_P02_1	10	331357	151
Chi_P02_1	10	331357	120
Chi_P02_1	10	331357	106
Chi_P02_1	10	331357	263
Chi_P02_1	10	331357	195
Chi_P02_1	10	331357	64
Chi_P02_1	10	331357	21
Chi_P02_1	10	331357	107
Chi_P02_1	10	331357	63
Chi_P02_1	10	331357	83
Chi_P02_1	10	331357	52
Chi_P02_1	10	331357	249
Chi_P02_1	10	331357	84
Chi_P02_1	10	331357	138
Chi_P02_1	10	331357	113
Chi_P02_1	10	331357	250
Chi_P02_1	10	331357	144
Chi_P02_1	10	331357	39
Chi_P02_1	10	331357	96
Chi_P02_1	10	331357	142
Chi_P02_1	10	331357	84
Chi_P02_1	10	331357	71
Chi_P02_1	10	331357	125
Chi_P02_1	10	331357	195
Chi_P02_1	10	331357	89
Chi_P02_1	11	332634	79
Chi_P02_1	11	332634	155
Chi_P02_1	11	332634	94
Chi_P02_1	11	332634	107
Chi_P02_1	11	332634	115
Chi_P02_1	11	332634	92
Chi_P02_1	11	332634	141
Chi_P02_1	11	332634	184
Chi_P02_1	11	332634	132
Chi_P02_1	11	332634	125
Chi_P02_1	11	332634	115
Chi_P02_1	11	332634	162
Chi_P02_1	11	332634	258
Chi_P02_1	11	332634	82
Chi_P02_1	11	332634	84
Chi_P02_1	11	332634	76
Chi_P02_1	11	332634	107
Chi_P02_1	11	332634	175
Chi_P02_1	11	332634	96
Chi_P02_1	11	332634	179
Chi_P02_1	11	332634	156
Chi_P02_1	11	332634	129
Chi_P02_1	11	332634	155
Chi_P02_1	11	332634	218
Chi_P02_1	11	332634	119
Chi_P02_1	11	332634	194
Chi_P02_1	11	332634	156
Chi_P02_1	11	332634	202
Chi_P02_1	11	332634	93
Chi_P02_1	11	332634	178
Chi_P02_1	11	332634	64
Chi_P02_1	11	332634	122
Chi_P02_1	11	332634	206
Chi_P02_1	11	332634	169
Chi_P02_1	11	332634	130
Chi_P02_1	11	332634	123
Chi_P02_1	11	332634	214
Chi_P02_1	11	332634	119
Chi_P02_1	11	332634	135
Chi_P02_1	11	332634	139
Chi_P02_1	11	332634	42
Chi_P02_1	11	332634	111
Chi_P02_1	11	332634	147
Chi_P02_1	11	332634	116
Chi_P02_1	11	332634	94
Chi_P02_1	11	332634	93
Chi_P02_1	11	332634	104
Chi_P02_1	11	332634	63
Chi_P02_1	11	332634	164
Chi_P02_1	11	332634	91
Chi_P02_1	11	332634	49
Chi_P02_1	11	332634	67
Chi_P02_1	11	332634	110
Chi_P02_1	11	332634	204
Chi_P02_1	11	332634	136
Chi_P02_1	11	332634	111
Chi_P02_1	11	332634	189
Chi_P02_1	11	332634	49
Chi_P02_1	11	332634	116
Chi_P02_1	11	332634	59
Chi_P02_1	11	332634	58
Chi_P02_1	11	332634	154
Chi_P02_1	11	332634	138
Chi_P02_1	11	332634	55
Chi_P02_1	11	332634	139
Chi_P02_1	11	332634	73
Chi_P02_1	11	332634	148
Chi_P02_1	11	332634	118
Chi_P02_1	11	332634	66
Chi_P02_1	11	332634	187
Chi_P02_1	11	332634	162
Chi_P02_1	11	332634	102
Chi_P02_1	11	332634	79
Chi_P02_1	11	332634	92
Chi_P02_1	11	332634	84
Chi_P02_1	11	332634	123
Chi_P02_1	11	332634	32
Chi_P02_1	11	332634	97
Chi_P02_1	11	332634	99
Chi_P02_1	11	332634	127
Chi_P02_1	11	332634	90
Chi_P02_1	11	332634	65
Chi_P02_1	11	332634	88
Chi_P02_1	11	332634	166
Chi_P02_1	11	332634	79
Chi_P02_1	11	332634	109
Chi_P02_1	11	332634	68
Chi_P02_1	11	332634	73
Chi_P02_1	11	332634	156
Chi_P02_1	11	332634	83
Chi_P02_1	11	332634	61
Chi_P02_1	11	332634	110
Chi_P02_1	11	332634	77
Chi_P02_1	11	332634	87
Chi_P02_1	11	332634	62
Chi_P02_1	11	332634	57
Chi_P02_1	11	332634	19
Chi_P02_1	11	332634	32
Chi_P02_1	11	332634	19
Chi_P02_1	11	332634	163
Chi_P02_1	11	332634	52
Chi_P02_1	11	332634	99
Chi_P02_1	11	332634	179
Chi_P02_1	11	332634	70
Chi_P02_1	11	332634	34
Chi_P02_1	12	233187	177
Chi_P02_1	12	233187	30
Chi_P02_1	12	233187	212
Chi_P02_1	12	233187	78
Chi_P02_1	12	233187	94
Chi_P02_1	12	233187	68
Chi_P02_1	12	233187	93
Chi_P02_1	12	233187	87
Chi_P02_1	12	233187	63
Chi_P02_1	12	233187	68
Chi_P02_1	12	233187	19
Chi_P02_1	12	233187	73
Chi_P02_1	12	233187	172
Chi_P02_1	12	233187	77
Chi_P02_1	12	233187	49
Chi_P02_1	12	233187	75
Chi_P02_1	12	233187	118
Chi_P02_1	12	233187	133
Chi_P02_1	12	233187	73
Chi_P02_1	12	233187	114
Chi_P02_1	12	233187	79
Chi_P02_1	12	233187	75
Chi_P02_1	12	233187	112
Chi_P02_1	12	233187	72
Chi_P02_1	12	233187	73
Chi_P02_1	12	233187	111
Chi_P02_1	12	233187	86
Chi_P02_1	12	233187	97
Chi_P02_1	12	233187	70
Chi_P02_1	12	233187	165
Chi_P02_1	12	233187	83
Chi_P02_1	12	233187	109
Chi_P02_1	12	233187	29
Chi_P02_1	12	233187	66
Chi_P02_1	12	233187	105
Chi_P02_1	12	233187	75
Chi_P02_1	12	233187	48
Chi_P02_1	12	233187	61
Chi_P02_1	12	233187	88
Chi_P02_1	12	233187	140
Chi_P02_1	12	233187	116
Chi_P02_1	12	233187	98
Chi_P02_1	12	233187	79
Chi_P02_1	12	233187	138
Chi_P02_1	12	233187	208
Chi_P02_1	12	233187	298
Chi_P02_1	12	233187	113
Chi_P02_1	12	233187	275
Chi_P02_1	12	233187	88
Chi_P02_1	12	233187	138
Chi_P02_1	12	233187	263
Chi_P02_1	12	233187	147
Chi_P02_1	12	233187	84
Chi_P02_1	12	233187	81
Chi_P02_1	12	233187	89
Chi_P02_1	12	233187	114
Chi_P02_1	12	233187	71
Chi_P02_1	12	233187	86
Chi_P02_1	12	233187	119
Chi_P02_1	12	233187	69
Chi_P02_1	12	233187	117
Chi_P02_1	12	233187	167
Chi_P02_1	12	233187	165
Chi_P02_1	12	233187	119
Chi_P02_1	12	233187	174
Chi_P02_1	12	233187	115
Chi_P02_1	12	233187	319
Chi_P02_1	12	233187	126
Chi_P02_1	12	233187	143
Chi_P02_1	12	233187	144
Chi_P02_1	12	233187	199
Chi_P02_1	12	233187	213
Chi_P02_1	12	233187	136
Chi_P02_1	12	233187	119
Chi_P02_1	12	233187	85
Chi_P02_1	12	233187	147
Chi_P02_1	12	233187	109
Chi_P02_1	12	233187	91
Chi_P02_1	12	233187	131
Chi_P02_1	12	233187	140
Chi_P02_1	12	233187	151
Chi_P02_1	12	233187	81
Chi_P02_1	12	233187	127
Chi_P02_1	12	233187	157
Chi_P02_1	12	233187	172
Chi_P02_1	12	233187	127
Chi_P02_1	12	233187	101
Chi_P02_1	12	233187	151
Chi_P02_1	12	233187	90
Chi_P02_1	12	233187	130
Chi_P02_1	12	233187	154
Chi_P02_1	12	233187	157
Chi_P02_1	12	233187	124
Chi_P02_1	12	233187	108
Chi_P02_1	12	233187	205
Chi_P02_1	12	233187	81
Chi_P02_1	12	233187	116
Chi_P02_1	12	233187	161
Chi_P02_1	12	233187	34
Chi_P02_1	12	233187	104
Chi_P02_1	12	233187	120
Chi_P02_1	12	233187	116
Chi_P02_1	12	233187	135
Chi_P02_1	12	233187	57
Chi_P02_1	12	233187	99
Chi_P02_1	12	233187	95
Chi_P02_1	12	233187	99
Chi_P02_1	12	233187	90
Chi_P02_1	12	233187	150
Chi_P02_1	12	233187	112
Chi_P02_1	12	233187	60
Chi_P02_1	13	308431	81
Chi_P02_1	13	308431	64
Chi_P02_1	13	308431	41
Chi_P02_1	13	308431	128
Chi_P02_1	13	308431	53
Chi_P02_1	13	308431	63
Chi_P02_1	13	308431	75
Chi_P02_1	13	308431	27
Chi_P02_1	13	308431	41
Chi_P02_1	13	308431	89
Chi_P02_1	13	308431	45
Chi_P02_1	13	308431	59
Chi_P02_1	13	308431	86
Chi_P02_1	13	308431	12
Chi_P02_1	13	308431	30
Chi_P02_1	13	308431	56
Chi_P02_1	13	308431	43
Chi_P02_1	13	308431	61
Chi_P02_1	13	308431	47
Chi_P02_1	13	308431	36
Chi_P02_1	13	308431	77
Chi_P02_1	13	308431	111
Chi_P02_1	13	308431	37
Chi_P02_1	13	308431	33
Chi_P02_1	13	308431	29
Chi_P02_1	13	308431	118
Chi_P02_1	13	308431	80
Chi_P02_1	13	308431	30
Chi_P02_1	13	308431	93
Chi_P02_1	13	308431	29
Chi_P02_1	13	308431	32
Chi_P02_1	13	308431	67
Chi_P02_1	13	308431	31
Chi_P02_1	13	308431	42
Chi_P02_1	13	308431	59
Chi_P02_1	13	308431	12
Chi_P02_1	13	308431	17
Chi_P02_1	13	308431	119
Chi_P02_1	13	308431	56
Chi_P02_1	13	308431	20
Chi_P02_1	13	308431	110
Chi_P02_1	13	308431	118
Chi_P02_1	13	308431	80
Chi_P02_1	13	308431	198
Chi_P02_1	13	308431	104
Chi_P02_1	13	308431	90
Chi_P02_1	13	308431	134
Chi_P02_1	13	308431	86
Chi_P02_1	13	308431	139
Chi_P02_1	13	308431	29
Chi_P02_1	13	308431	18
Chi_P02_1	13	308431	29
Chi_P02_1	13	308431	61
Chi_P02_1	13	308431	89
Chi_P02_1	13	308431	42
Chi_P02_1	13	308431	76
Chi_P02_1	13	308431	67
Chi_P02_1	13	308431	128
Chi_P02_1	13	308431	58
Chi_P02_1	13	308431	42
Chi_P02_1	13	308431	66
Chi_P02_1	13	308431	18
Chi_P02_1	13	308431	37
Chi_P02_1	13	308431	37
Chi_P02_1	13	308431	83
Chi_P02_1	13	308431	75
Chi_P02_1	13	308431	82
Chi_P02_1	13	308431	29
Chi_P02_1	14	258928	65
Chi_P02_1	14	258928	63
Chi_P02_1	14	258928	68
Chi_P02_1	14	258928	48
Chi_P02_1	14	258928	127
Chi_P02_1	14	258928	62
Chi_P02_1	14	258928	60
Chi_P02_1	14	258928	99
Chi_P02_1	14	258928	126
Chi_P02_1	14	258928	96
Chi_P02_1	14	258928	83
Chi_P02_1	14	258928	100
Chi_P02_1	14	258928	99
Chi_P02_1	14	258928	118
Chi_P02_1	14	258928	104
Chi_P02_1	14	258928	90
Chi_P02_1	14	258928	45
Chi_P02_1	14	258928	95
Chi_P02_1	14	258928	85
Chi_P02_1	14	258928	86
Chi_P02_1	14	258928	106
Chi_P02_1	14	258928	76
Chi_P02_1	14	258928	74
Chi_P02_1	14	258928	95
Chi_P02_1	14	258928	78
Chi_P02_1	14	258928	103
Chi_P02_1	14	258928	62
Chi_P02_1	14	258928	62
Chi_P02_1	14	258928	115
Chi_P02_1	14	258928	105
Chi_P02_1	14	258928	106
Chi_P02_1	14	258928	100
Chi_P02_1	14	258928	143
Chi_P02_1	14	258928	48
Chi_P02_1	14	258928	56
Chi_P02_1	14	258928	128
Chi_P02_1	14	258928	122
Chi_P02_1	14	258928	112
Chi_P02_1	14	258928	114
Chi_P02_1	14	258928	116
Chi_P02_1	14	258928	116
Chi_P02_1	14	258928	88
Chi_P02_1	14	258928	97
Chi_P02_1	14	258928	86
Chi_P02_1	14	258928	82
Chi_P02_1	14	258928	75
Chi_P02_1	14	258928	75
Chi_P02_1	14	258928	58
Chi_P02_1	14	258928	16
Chi_P02_1	14	258928	191
Chi_P02_1	14	258928	98
Chi_P02_1	14	258928	39
Chi_P02_1	14	258928	70
Chi_P02_1	14	258928	98
Chi_P02_1	14	258928	113
Chi_P02_1	14	258928	58
Chi_P02_1	14	258928	90
Chi_P02_1	14	258928	165
Chi_P02_1	14	258928	47
Chi_P02_1	14	258928	100
Chi_P02_1	14	258928	111
Chi_P02_1	14	258928	81
Chi_P02_1	14	258928	44
Chi_P02_1	14	258928	102
Chi_P02_1	14	258928	43
Chi_P02_1	14	258928	85
Chi_P02_1	14	258928	16
Chi_P02_1	14	258928	81
Chi_P02_1	14	258928	118
Chi_P02_1	14	258928	94
Chi_P02_1	14	258928	101
Chi_P02_1	14	258928	28
Chi_P02_1	14	258928	54
Chi_P02_1	14	258928	118
Chi_P02_1	14	258928	80
Chi_P02_1	14	258928	79
Chi_P02_1	15	324794	24
Chi_P02_1	15	324794	94
Chi_P02_1	15	324794	71
Chi_P02_1	15	324794	102
Chi_P02_1	15	324794	96
Chi_P02_1	15	324794	75
Chi_P02_1	15	324794	138
Chi_P02_1	15	324794	105
Chi_P02_1	15	324794	72
Chi_P02_1	15	324794	164
Chi_P02_1	15	324794	127
Chi_P02_1	15	324794	61
Chi_P02_1	15	324794	147
Chi_P02_1	15	324794	101
Chi_P02_1	15	324794	119
Chi_P02_1	15	324794	121
Chi_P02_1	15	324794	74
Chi_P02_1	15	324794	52
Chi_P02_1	15	324794	219
Chi_P02_1	15	324794	43
Chi_P02_1	15	324794	113
Chi_P02_1	15	324794	353
Chi_P02_1	15	324794	109
Chi_P02_1	15	324794	237
Chi_P02_1	15	324794	111
Chi_P02_1	15	324794	127
Chi_P02_1	15	324794	122
Chi_P02_1	15	324794	128
Chi_P02_1	15	324794	104
Chi_P02_1	15	324794	127
Chi_P02_1	15	324794	103
Chi_P02_1	15	324794	139
Chi_P02_1	15	324794	89
Chi_P02_1	15	324794	378
Chi_P02_1	15	324794	35
Chi_P02_1	15	324794	162
Chi_P02_1	15	324794	19
Chi_P02_1	15	324794	121
Chi_P02_1	15	324794	116
Chi_P02_1	15	324794	103
Chi_P02_1	15	324794	184
Chi_P02_1	15	324794	124
Chi_P02_1	15	324794	53
Chi_P02_1	15	324794	110
Chi_P02_1	15	324794	80
Chi_P02_1	15	324794	97
Chi_P02_1	15	324794	85
Chi_P02_1	15	324794	136
Chi_P02_1	15	324794	79
Chi_P02_1	15	324794	125
Chi_P02_1	15	324794	90
Chi_P02_1	15	324794	96
Chi_P02_1	15	324794	205
Chi_P02_1	15	324794	123
Chi_P02_1	15	324794	92
Chi_P02_1	15	324794	42
Chi_P02_1	15	324794	130
Chi_P02_1	15	324794	94
Chi_P02_1	15	324794	92
Chi_P02_1	15	324794	84
Chi_P02_1	15	324794	185
Chi_P02_1	15	324794	125
Chi_P02_1	15	324794	62
Chi_P02_1	15	324794	204
Chi_P02_1	15	324794	103
Chi_P02_1	15	324794	104
Chi_P02_1	15	324794	114
Chi_P02_1	15	324794	129
Chi_P02_1	15	324794	124
Chi_P02_1	15	324794	128
Chi_P02_1	15	324794	77
Chi_P02_1	15	324794	152
Chi_P02_1	15	324794	114
Chi_P02_1	15	324794	108
Chi_P02_1	15	324794	117
Chi_P02_1	15	324794	125
Chi_P02_1	15	324794	87
Chi_P02_1	15	324794	132
Chi_P02_1	15	324794	152
Chi_P02_1	15	324794	67
Chi_P02_1	15	324794	182
Chi_P02_1	15	324794	152
Chi_P02_1	15	324794	130
Chi_P02_1	15	324794	208
Chi_P02_1	15	324794	146
Chi_P02_1	15	324794	81
Chi_P02_1	15	324794	82
Chi_P02_1	15	324794	79
Chi_P02_1	15	324794	95
Chi_P02_1	15	324794	134
Chi_P02_1	15	324794	139
Chi_P02_1	15	324794	165
Chi_P02_1	15	324794	107
Chi_P02_1	15	324794	129
Chi_P02_1	15	324794	279
Chi_P02_1	16	290100	30
Chi_P02_1	16	290100	25
Chi_P02_1	16	290100	58
Chi_P02_1	16	290100	128
Chi_P02_1	16	290100	80
Chi_P02_1	16	290100	76
Chi_P02_1	16	290100	58
Chi_P02_1	16	290100	181
Chi_P02_1	16	290100	61
Chi_P02_1	16	290100	62
Chi_P02_1	16	290100	103
Chi_P02_1	16	290100	44
Chi_P02_1	16	290100	41
Chi_P02_1	16	290100	88
Chi_P02_1	16	290100	91
Chi_P02_1	16	290100	109
Chi_P02_1	16	290100	49
Chi_P02_1	16	290100	132
Chi_P02_1	16	290100	57
Chi_P02_1	16	290100	52
Chi_P02_1	16	290100	41
Chi_P02_1	16	290100	129
Chi_P02_1	16	290100	99
Chi_P02_1	16	290100	62
Chi_P02_1	16	290100	128
Chi_P02_1	16	290100	185
Chi_P02_1	16	290100	51
Chi_P02_1	16	290100	82
Chi_P02_1	16	290100	62
Chi_P02_1	16	290100	117
Chi_P02_1	16	290100	63
Chi_P02_1	16	290100	42
Chi_P02_1	16	290100	126
Chi_P02_1	16	290100	91
Chi_P02_1	16	290100	76
Chi_P02_1	16	290100	34
Chi_P02_1	16	290100	74
Chi_P02_1	16	290100	58
Chi_P02_1	16	290100	78
Chi_P02_1	16	290100	41
Chi_P02_1	16	290100	24
Chi_P02_1	16	290100	13
Chi_P02_1	16	290100	103
Chi_P02_1	16	290100	38
Chi_P02_1	16	290100	189
Chi_P02_1	16	290100	56
Chi_P02_1	16	290100	71
Chi_P02_1	16	290100	48
Chi_P02_1	16	290100	91
Chi_P02_1	16	290100	83
Chi_P02_1	16	290100	72
Chi_P02_1	16	290100	71
Chi_P02_1	16	290100	101
Chi_P02_1	16	290100	95
Chi_P02_1	16	290100	92
Chi_P02_1	16	290100	140
Chi_P02_1	16	290100	95
Chi_P02_1	16	290100	111
Chi_P02_1	16	290100	61
Chi_P02_1	16	290100	60
Chi_P02_1	16	290100	65
Chi_P02_1	16	290100	140
Chi_P02_1	17	294460	23
Chi_P02_1	17	294460	55
Chi_P02_1	17	294460	24
Chi_P02_1	17	294460	28
Chi_P02_1	17	294460	123
Chi_P02_1	17	294460	47
Chi_P02_1	17	294460	75
Chi_P02_1	17	294460	35
Chi_P02_1	17	294460	43
Chi_P02_1	17	294460	29
Chi_P02_1	17	294460	71
Chi_P02_1	17	294460	73
Chi_P02_1	17	294460	87
Chi_P02_1	17	294460	60
Chi_P02_1	17	294460	139
Chi_P02_1	17	294460	82
Chi_P02_1	17	294460	90
Chi_P02_1	17	294460	74
Chi_P02_1	17	294460	52
Chi_P02_1	17	294460	101
Chi_P02_1	17	294460	56
Chi_P02_1	17	294460	86
Chi_P02_1	17	294460	32
Chi_P02_1	17	294460	68
Chi_P02_1	17	294460	24
Chi_P02_1	17	294460	95
Chi_P02_1	17	294460	78
Chi_P02_1	17	294460	12
Chi_P02_1	17	294460	94
Chi_P02_1	17	294460	97
Chi_P02_1	17	294460	87
Chi_P02_1	17	294460	87
Chi_P02_1	17	294460	78
Chi_P02_1	17	294460	80
Chi_P02_1	17	294460	81
Chi_P02_1	17	294460	114
Chi_P02_1	17	294460	59
Chi_P02_1	17	294460	79
Chi_P02_1	17	294460	74
Chi_P02_1	17	294460	55
Chi_P02_1	17	294460	64
Chi_P02_1	17	294460	132
Chi_P02_1	17	294460	106
Chi_P02_1	17	294460	22
Chi_P02_1	17	294460	88
Chi_P02_1	17	294460	311
Chi_P02_1	17	294460	113
Chi_P02_1	17	294460	252
Chi_P02_1	17	294460	126
Chi_P02_1	17	294460	218
Chi_P02_1	17	294460	106
Chi_P02_1	17	294460	46
Chi_P02_1	17	294460	60
Chi_P02_1	17	294460	166
Chi_P02_1	17	294460	171
Chi_P02_1	17	294460	126
Chi_P02_1	17	294460	116
Chi_P02_1	17	294460	51
Chi_P02_1	17	294460	69
Chi_P02_1	17	294460	129
Chi_P02_1	17	294460	91
Chi_P02_1	17	294460	111
Chi_P02_1	17	294460	78
Chi_P02_1	17	294460	138
Chi_P02_1	17	294460	172
Chi_P02_1	17	294460	101
Chi_P02_1	17	294460	133
Chi_P02_1	17	294460	163
Chi_P02_1	17	294460	163
Chi_P02_1	17	294460	105
Chi_P02_1	17	294460	124
Chi_P02_1	18	313366	93
Chi_P02_1	18	313366	105
Chi_P02_1	18	313366	66
Chi_P02_1	18	313366	114
Chi_P02_1	18	313366	59
Chi_P02_1	18	313366	17
Chi_P02_1	18	313366	92
Chi_P02_1	18	313366	68
Chi_P02_1	18	313366	101
Chi_P02_1	18	313366	82
Chi_P02_1	18	313366	185
Chi_P02_1	18	313366	139
Chi_P02_1	18	313366	98
Chi_P02_1	18	313366	72
Chi_P02_1	18	313366	77
Chi_P02_1	18	313366	62
Chi_P02_1	18	313366	115
Chi_P02_1	18	313366	153
Chi_P02_1	18	313366	77
Chi_P02_1	18	313366	174
Chi_P02_1	18	313366	92
Chi_P02_1	18	313366	60
Chi_P02_1	18	313366	77
Chi_P02_1	18	313366	22
Chi_P02_1	18	313366	45
Chi_P02_1	18	313366	61
Chi_P02_1	18	313366	114
Chi_P02_1	18	313366	32
Chi_P02_1	18	313366	92
Chi_P02_1	18	313366	84
Chi_P02_1	18	313366	135
Chi_P02_1	18	313366	130
Chi_P02_1	18	313366	118
Chi_P02_1	18	313366	88
Chi_P02_1	18	313366	97
Chi_P02_1	18	313366	142
Chi_P02_1	18	313366	113
Chi_P02_1	18	313366	124
Chi_P02_1	18	313366	195
Chi_P02_1	18	313366	94
Chi_P02_1	18	313366	120
Chi_P02_1	18	313366	101
Chi_P02_1	18	313366	143
Chi_P02_1	18	313366	115
Chi_P02_1	18	313366	79
Chi_P02_1	18	313366	87
Chi_P02_1	18	313366	124
Chi_P02_1	18	313366	159
Chi_P02_1	18	313366	106
Chi_P02_1	18	313366	128
Chi_P02_1	18	313366	66
Chi_P02_1	18	313366	76
Chi_P02_1	18	313366	125
Chi_P02_1	18	313366	91
Chi_P02_1	18	313366	99
Chi_P02_1	18	313366	101
Chi_P02_1	18	313366	107
Chi_P02_1	18	313366	127
Chi_P02_1	18	313366	107
Chi_P02_1	18	313366	77
Chi_P02_1	18	313366	78
Chi_P02_1	18	313366	125
Chi_P02_1	18	313366	110
Chi_P02_1	18	313366	154
Chi_P02_1	18	313366	139
Chi_P02_1	18	313366	145
Chi_P02_1	18	313366	199
Chi_P02_1	18	313366	74
Chi_P02_1	18	313366	82
Chi_P02_1	18	313366	108
Chi_P02_1	18	313366	62
Chi_P02_1	18	313366	19
Chi_P02_1	18	313366	132
Chi_P02_1	18	313366	227
Chi_P02_1	18	313366	118
Chi_P02_1	18	313366	107
Chi_P02_1	18	313366	146
Chi_P02_1	18	313366	195
Chi_P02_1	18	313366	112
Chi_P02_1	18	313366	168
Chi_P02_1	18	313366	85
Chi_P02_1	18	313366	188
Chi_P02_1	18	313366	59
Chi_P02_1	18	313366	113
Chi_P02_1	18	313366	135
Chi_P02_1	18	313366	15
Chi_P02_1	18	313366	97
Chi_P02_1	18	313366	212
Chi_P02_1	18	313366	96
Chi_P02_1	18	313366	139
Chi_P02_1	18	313366	71
