fichier	leaf	surfaceLeaf	surfaceLesion
Chi_P10_1	1	308673	124
Chi_P10_1	1	308673	111
Chi_P10_1	1	308673	70
Chi_P10_1	1	308673	126
Chi_P10_1	1	308673	83
Chi_P10_1	1	308673	91
Chi_P10_1	1	308673	182
Chi_P10_1	1	308673	84
Chi_P10_1	1	308673	14
Chi_P10_1	1	308673	69
Chi_P10_1	1	308673	47
Chi_P10_1	1	308673	107
Chi_P10_1	1	308673	58
Chi_P10_1	1	308673	124
Chi_P10_1	1	308673	37
Chi_P10_1	1	308673	77
Chi_P10_1	1	308673	88
Chi_P10_1	1	308673	113
Chi_P10_1	1	308673	97
Chi_P10_1	1	308673	83
Chi_P10_1	1	308673	92
Chi_P10_1	1	308673	78
Chi_P10_1	1	308673	62
Chi_P10_1	1	308673	251
Chi_P10_1	1	308673	133
Chi_P10_1	1	308673	81
Chi_P10_1	1	308673	230
Chi_P10_1	1	308673	48
Chi_P10_1	1	308673	107
Chi_P10_1	1	308673	33
Chi_P10_1	1	308673	60
Chi_P10_1	1	308673	214
Chi_P10_1	1	308673	97
Chi_P10_1	1	308673	78
Chi_P10_1	1	308673	102
Chi_P10_1	1	308673	97
Chi_P10_1	1	308673	87
Chi_P10_1	1	308673	70
Chi_P10_1	1	308673	76
Chi_P10_1	1	308673	56
Chi_P10_1	1	308673	84
Chi_P10_1	1	308673	85
Chi_P10_1	1	308673	127
Chi_P10_1	1	308673	84
Chi_P10_1	1	308673	93
Chi_P10_1	1	308673	50
Chi_P10_1	1	308673	83
Chi_P10_1	1	308673	95
Chi_P10_1	1	308673	156
Chi_P10_1	1	308673	72
Chi_P10_1	1	308673	90
Chi_P10_1	1	308673	120
Chi_P10_1	1	308673	324
Chi_P10_1	1	308673	59
Chi_P10_1	1	308673	108
Chi_P10_1	1	308673	135
Chi_P10_1	1	308673	197
Chi_P10_1	1	308673	74
Chi_P10_1	1	308673	111
Chi_P10_1	1	308673	68
Chi_P10_1	1	308673	139
Chi_P10_1	1	308673	100
Chi_P10_1	1	308673	38
Chi_P10_1	1	308673	86
Chi_P10_1	1	308673	423
Chi_P10_1	1	308673	124
Chi_P10_1	1	308673	63
Chi_P10_1	1	308673	151
Chi_P10_1	1	308673	73
Chi_P10_1	1	308673	124
Chi_P10_1	1	308673	86
Chi_P10_1	1	308673	63
Chi_P10_1	1	308673	117
Chi_P10_1	1	308673	206
Chi_P10_1	1	308673	177
Chi_P10_1	1	308673	255
Chi_P10_1	1	308673	88
Chi_P10_1	1	308673	198
Chi_P10_1	1	308673	114
Chi_P10_1	1	308673	98
Chi_P10_1	1	308673	178
Chi_P10_1	1	308673	105
Chi_P10_1	1	308673	174
Chi_P10_1	1	308673	78
Chi_P10_1	1	308673	123
Chi_P10_1	1	308673	143
Chi_P10_1	1	308673	161
Chi_P10_1	1	308673	92
Chi_P10_1	1	308673	200
Chi_P10_1	1	308673	140
Chi_P10_1	1	308673	147
Chi_P10_1	1	308673	125
Chi_P10_1	1	308673	89
Chi_P10_1	1	308673	129
Chi_P10_1	1	308673	125
Chi_P10_1	1	308673	53
Chi_P10_1	1	308673	102
Chi_P10_1	1	308673	90
Chi_P10_1	1	308673	94
Chi_P10_1	1	308673	100
Chi_P10_1	1	308673	131
Chi_P10_1	1	308673	141
Chi_P10_1	1	308673	207
Chi_P10_1	1	308673	105
Chi_P10_1	1	308673	105
Chi_P10_1	1	308673	79
Chi_P10_1	1	308673	114
Chi_P10_1	1	308673	106
Chi_P10_1	1	308673	189
Chi_P10_1	1	308673	106
Chi_P10_1	1	308673	127
Chi_P10_1	1	308673	102
Chi_P10_1	1	308673	53
Chi_P10_1	1	308673	100
Chi_P10_1	1	308673	173
Chi_P10_1	1	308673	250
Chi_P10_1	1	308673	101
Chi_P10_1	1	308673	308
Chi_P10_1	1	308673	98
Chi_P10_1	1	308673	152
Chi_P10_1	1	308673	204
Chi_P10_1	1	308673	120
Chi_P10_1	1	308673	112
Chi_P10_1	1	308673	122
Chi_P10_1	1	308673	93
Chi_P10_1	1	308673	298
Chi_P10_1	1	308673	53
Chi_P10_1	1	308673	185
Chi_P10_1	1	308673	208
Chi_P10_1	1	308673	122
Chi_P10_1	1	308673	150
Chi_P10_1	1	308673	121
Chi_P10_1	1	308673	255
Chi_P10_1	1	308673	463
Chi_P10_1	1	308673	167
Chi_P10_1	1	308673	156
Chi_P10_1	1	308673	72
Chi_P10_1	1	308673	494
Chi_P10_1	1	308673	120
Chi_P10_1	1	308673	214
Chi_P10_1	1	308673	131
Chi_P10_1	1	308673	348
Chi_P10_1	1	308673	148
Chi_P10_1	1	308673	13
Chi_P10_1	1	308673	132
Chi_P10_1	1	308673	100
Chi_P10_1	1	308673	112
Chi_P10_1	1	308673	95
Chi_P10_1	1	308673	39
Chi_P10_1	1	308673	51
Chi_P10_1	1	308673	98
Chi_P10_1	1	308673	83
Chi_P10_1	1	308673	170
Chi_P10_1	1	308673	120
Chi_P10_1	1	308673	70
Chi_P10_1	1	308673	92
Chi_P10_1	1	308673	196
Chi_P10_1	1	308673	42
Chi_P10_1	1	308673	98
Chi_P10_1	1	308673	94
Chi_P10_1	1	308673	131
Chi_P10_1	1	308673	99
Chi_P10_1	1	308673	111
Chi_P10_1	1	308673	141
Chi_P10_1	1	308673	58
Chi_P10_1	1	308673	174
Chi_P10_1	1	308673	86
Chi_P10_1	1	308673	99
Chi_P10_1	1	308673	290
Chi_P10_1	1	308673	42
Chi_P10_1	1	308673	33
Chi_P10_1	1	308673	91
Chi_P10_1	1	308673	106
Chi_P10_1	1	308673	132
Chi_P10_1	1	308673	141
Chi_P10_1	1	308673	48
Chi_P10_1	2	359306	105
Chi_P10_1	2	359306	139
Chi_P10_1	2	359306	116
Chi_P10_1	2	359306	155
Chi_P10_1	2	359306	135
Chi_P10_1	2	359306	219
Chi_P10_1	2	359306	99
Chi_P10_1	2	359306	70
Chi_P10_1	2	359306	66
Chi_P10_1	2	359306	82
Chi_P10_1	2	359306	185
Chi_P10_1	2	359306	106
Chi_P10_1	2	359306	92
Chi_P10_1	2	359306	121
Chi_P10_1	2	359306	145
Chi_P10_1	2	359306	76
Chi_P10_1	2	359306	217
Chi_P10_1	2	359306	115
Chi_P10_1	2	359306	90
Chi_P10_1	2	359306	113
Chi_P10_1	2	359306	132
Chi_P10_1	2	359306	89
Chi_P10_1	2	359306	122
Chi_P10_1	2	359306	94
Chi_P10_1	2	359306	119
Chi_P10_1	2	359306	96
Chi_P10_1	2	359306	170
Chi_P10_1	2	359306	107
Chi_P10_1	2	359306	147
Chi_P10_1	2	359306	183
Chi_P10_1	2	359306	80
Chi_P10_1	2	359306	184
Chi_P10_1	2	359306	82
Chi_P10_1	2	359306	117
Chi_P10_1	2	359306	104
Chi_P10_1	2	359306	165
Chi_P10_1	2	359306	132
Chi_P10_1	2	359306	94
Chi_P10_1	2	359306	66
Chi_P10_1	2	359306	84
Chi_P10_1	2	359306	334
Chi_P10_1	2	359306	71
Chi_P10_1	2	359306	196
Chi_P10_1	2	359306	91
Chi_P10_1	2	359306	167
Chi_P10_1	2	359306	277
Chi_P10_1	2	359306	81
Chi_P10_1	2	359306	155
Chi_P10_1	2	359306	110
Chi_P10_1	2	359306	69
Chi_P10_1	2	359306	84
Chi_P10_1	2	359306	177
Chi_P10_1	2	359306	222
Chi_P10_1	2	359306	132
Chi_P10_1	2	359306	64
Chi_P10_1	2	359306	40
Chi_P10_1	2	359306	191
Chi_P10_1	2	359306	108
Chi_P10_1	2	359306	198
Chi_P10_1	2	359306	128
Chi_P10_1	2	359306	147
Chi_P10_1	2	359306	164
Chi_P10_1	2	359306	247
Chi_P10_1	2	359306	142
Chi_P10_1	2	359306	114
Chi_P10_1	2	359306	328
Chi_P10_1	2	359306	129
Chi_P10_1	2	359306	91
Chi_P10_1	2	359306	124
Chi_P10_1	2	359306	160
Chi_P10_1	2	359306	114
Chi_P10_1	2	359306	129
Chi_P10_1	2	359306	179
Chi_P10_1	2	359306	118
Chi_P10_1	2	359306	105
Chi_P10_1	2	359306	137
Chi_P10_1	2	359306	75
Chi_P10_1	2	359306	105
Chi_P10_1	2	359306	62
Chi_P10_1	2	359306	136
Chi_P10_1	2	359306	67
Chi_P10_1	2	359306	95
Chi_P10_1	2	359306	147
Chi_P10_1	2	359306	117
Chi_P10_1	2	359306	54
Chi_P10_1	2	359306	129
Chi_P10_1	2	359306	72
Chi_P10_1	2	359306	108
Chi_P10_1	2	359306	56
Chi_P10_1	2	359306	157
Chi_P10_1	2	359306	80
Chi_P10_1	2	359306	115
Chi_P10_1	2	359306	37
Chi_P10_1	2	359306	103
Chi_P10_1	2	359306	112
Chi_P10_1	2	359306	88
Chi_P10_1	2	359306	127
Chi_P10_1	2	359306	105
Chi_P10_1	2	359306	77
Chi_P10_1	2	359306	120
Chi_P10_1	2	359306	64
Chi_P10_1	2	359306	79
Chi_P10_1	2	359306	29
Chi_P10_1	2	359306	144
Chi_P10_1	2	359306	79
Chi_P10_1	2	359306	73
Chi_P10_1	2	359306	110
Chi_P10_1	2	359306	114
Chi_P10_1	2	359306	42
Chi_P10_1	2	359306	101
Chi_P10_1	2	359306	75
Chi_P10_1	2	359306	88
Chi_P10_1	2	359306	128
Chi_P10_1	2	359306	85
Chi_P10_1	2	359306	101
Chi_P10_1	2	359306	23
Chi_P10_1	2	359306	97
Chi_P10_1	2	359306	32
Chi_P10_1	2	359306	79
Chi_P10_1	2	359306	97
Chi_P10_1	2	359306	79
Chi_P10_1	2	359306	109
Chi_P10_1	2	359306	90
Chi_P10_1	2	359306	178
Chi_P10_1	2	359306	52
Chi_P10_1	2	359306	60
Chi_P10_1	2	359306	69
Chi_P10_1	2	359306	30
Chi_P10_1	3	346364	49
Chi_P10_1	3	346364	96
Chi_P10_1	3	346364	174
Chi_P10_1	3	346364	111
Chi_P10_1	3	346364	39
Chi_P10_1	3	346364	31
Chi_P10_1	3	346364	81
Chi_P10_1	3	346364	83
Chi_P10_1	3	346364	66
Chi_P10_1	3	346364	84
Chi_P10_1	3	346364	71
Chi_P10_1	3	346364	101
Chi_P10_1	3	346364	97
Chi_P10_1	3	346364	99
Chi_P10_1	3	346364	102
Chi_P10_1	3	346364	138
Chi_P10_1	3	346364	99
Chi_P10_1	3	346364	101
Chi_P10_1	3	346364	156
Chi_P10_1	3	346364	182
Chi_P10_1	3	346364	83
Chi_P10_1	3	346364	210
Chi_P10_1	3	346364	31
Chi_P10_1	3	346364	43
Chi_P10_1	3	346364	31
Chi_P10_1	3	346364	138
Chi_P10_1	3	346364	52
Chi_P10_1	3	346364	118
Chi_P10_1	3	346364	13
Chi_P10_1	3	346364	66
Chi_P10_1	3	346364	92
Chi_P10_1	3	346364	56
Chi_P10_1	3	346364	68
Chi_P10_1	3	346364	63
Chi_P10_1	3	346364	79
Chi_P10_1	3	346364	77
Chi_P10_1	3	346364	124
Chi_P10_1	3	346364	85
Chi_P10_1	3	346364	115
Chi_P10_1	3	346364	87
Chi_P10_1	3	346364	91
Chi_P10_1	3	346364	57
Chi_P10_1	3	346364	89
Chi_P10_1	3	346364	29
Chi_P10_1	3	346364	73
Chi_P10_1	3	346364	82
Chi_P10_1	3	346364	163
Chi_P10_1	3	346364	90
Chi_P10_1	3	346364	72
Chi_P10_1	3	346364	41
Chi_P10_1	3	346364	79
Chi_P10_1	3	346364	88
Chi_P10_1	3	346364	179
Chi_P10_1	3	346364	158
Chi_P10_1	3	346364	48
Chi_P10_1	3	346364	42
Chi_P10_1	3	346364	107
Chi_P10_1	3	346364	51
Chi_P10_1	3	346364	105
Chi_P10_1	3	346364	93
Chi_P10_1	3	346364	87
Chi_P10_1	3	346364	117
Chi_P10_1	3	346364	35
Chi_P10_1	3	346364	73
Chi_P10_1	3	346364	82
Chi_P10_1	3	346364	105
Chi_P10_1	3	346364	32
Chi_P10_1	3	346364	163
Chi_P10_1	3	346364	103
Chi_P10_1	3	346364	117
Chi_P10_1	3	346364	125
Chi_P10_1	3	346364	109
Chi_P10_1	3	346364	119
Chi_P10_1	3	346364	54
Chi_P10_1	3	346364	37
Chi_P10_1	3	346364	81
Chi_P10_1	3	346364	99
Chi_P10_1	3	346364	203
Chi_P10_1	3	346364	81
Chi_P10_1	3	346364	68
Chi_P10_1	3	346364	81
Chi_P10_1	3	346364	110
Chi_P10_1	3	346364	102
Chi_P10_1	3	346364	103
Chi_P10_1	3	346364	112
Chi_P10_1	3	346364	104
Chi_P10_1	3	346364	102
Chi_P10_1	3	346364	87
Chi_P10_1	3	346364	109
Chi_P10_1	3	346364	61
Chi_P10_1	3	346364	73
Chi_P10_1	3	346364	90
Chi_P10_1	3	346364	100
Chi_P10_1	3	346364	56
Chi_P10_1	3	346364	107
Chi_P10_1	3	346364	267
Chi_P10_1	3	346364	136
Chi_P10_1	3	346364	311
Chi_P10_1	3	346364	86
Chi_P10_1	3	346364	68
Chi_P10_1	3	346364	60
Chi_P10_1	3	346364	92
Chi_P10_1	3	346364	114
Chi_P10_1	3	346364	83
Chi_P10_1	3	346364	64
Chi_P10_1	3	346364	85
Chi_P10_1	3	346364	65
Chi_P10_1	3	346364	227
Chi_P10_1	3	346364	97
Chi_P10_1	3	346364	178
Chi_P10_1	3	346364	120
Chi_P10_1	3	346364	125
Chi_P10_1	3	346364	181
Chi_P10_1	3	346364	52
Chi_P10_1	3	346364	144
Chi_P10_1	3	346364	585
Chi_P10_1	3	346364	59
Chi_P10_1	3	346364	98
Chi_P10_1	3	346364	109
Chi_P10_1	3	346364	107
Chi_P10_1	3	346364	77
Chi_P10_1	3	346364	101
Chi_P10_1	3	346364	100
Chi_P10_1	3	346364	66
Chi_P10_1	3	346364	77
Chi_P10_1	3	346364	94
Chi_P10_1	3	346364	169
Chi_P10_1	3	346364	224
Chi_P10_1	3	346364	119
Chi_P10_1	3	346364	126
Chi_P10_1	3	346364	119
Chi_P10_1	3	346364	95
Chi_P10_1	3	346364	132
Chi_P10_1	3	346364	84
Chi_P10_1	3	346364	76
Chi_P10_1	3	346364	125
Chi_P10_1	3	346364	125
Chi_P10_1	3	346364	79
Chi_P10_1	3	346364	356
Chi_P10_1	3	346364	120
Chi_P10_1	3	346364	94
Chi_P10_1	3	346364	111
Chi_P10_1	3	346364	80
Chi_P10_1	3	346364	118
Chi_P10_1	3	346364	185
Chi_P10_1	3	346364	122
Chi_P10_1	3	346364	123
Chi_P10_1	3	346364	125
Chi_P10_1	3	346364	104
Chi_P10_1	3	346364	123
Chi_P10_1	3	346364	216
Chi_P10_1	3	346364	82
Chi_P10_1	3	346364	87
Chi_P10_1	3	346364	135
Chi_P10_1	3	346364	143
Chi_P10_1	3	346364	135
Chi_P10_1	3	346364	89
Chi_P10_1	3	346364	230
Chi_P10_1	3	346364	151
Chi_P10_1	3	346364	129
Chi_P10_1	3	346364	115
Chi_P10_1	3	346364	159
Chi_P10_1	3	346364	61
Chi_P10_1	3	346364	111
Chi_P10_1	3	346364	102
Chi_P10_1	3	346364	129
Chi_P10_1	3	346364	189
Chi_P10_1	3	346364	92
Chi_P10_1	3	346364	137
Chi_P10_1	3	346364	243
Chi_P10_1	3	346364	108
Chi_P10_1	3	346364	58
Chi_P10_1	3	346364	125
Chi_P10_1	3	346364	40
Chi_P10_1	3	346364	110
Chi_P10_1	3	346364	71
Chi_P10_1	3	346364	109
Chi_P10_1	3	346364	82
Chi_P10_1	3	346364	411
Chi_P10_1	3	346364	147
Chi_P10_1	3	346364	141
Chi_P10_1	3	346364	180
Chi_P10_1	3	346364	326
Chi_P10_1	3	346364	78
Chi_P10_1	3	346364	127
Chi_P10_1	3	346364	109
Chi_P10_1	3	346364	167
Chi_P10_1	3	346364	162
Chi_P10_1	3	346364	99
Chi_P10_1	3	346364	122
Chi_P10_1	3	346364	167
Chi_P10_1	3	346364	192
Chi_P10_1	3	346364	101
Chi_P10_1	3	346364	149
Chi_P10_1	3	346364	169
Chi_P10_1	3	346364	130
Chi_P10_1	3	346364	144
Chi_P10_1	3	346364	188
Chi_P10_1	3	346364	281
Chi_P10_1	3	346364	80
Chi_P10_1	3	346364	195
Chi_P10_1	3	346364	24
Chi_P10_1	3	346364	26
Chi_P10_1	3	346364	267
Chi_P10_1	3	346364	171
Chi_P10_1	3	346364	137
Chi_P10_1	4	220221	67
Chi_P10_1	4	220221	65
Chi_P10_1	4	220221	72
Chi_P10_1	4	220221	89
Chi_P10_1	4	220221	27
Chi_P10_1	4	220221	77
Chi_P10_1	4	220221	178
Chi_P10_1	4	220221	62
Chi_P10_1	4	220221	58
Chi_P10_1	4	220221	59
Chi_P10_1	4	220221	94
Chi_P10_1	4	220221	177
Chi_P10_1	4	220221	142
Chi_P10_1	4	220221	77
Chi_P10_1	4	220221	106
Chi_P10_1	4	220221	361
Chi_P10_1	4	220221	87
Chi_P10_1	4	220221	121
Chi_P10_1	4	220221	87
Chi_P10_1	4	220221	57
Chi_P10_1	4	220221	92
Chi_P10_1	4	220221	74
Chi_P10_1	4	220221	73
Chi_P10_1	4	220221	58
Chi_P10_1	4	220221	63
Chi_P10_1	4	220221	42
Chi_P10_1	4	220221	63
Chi_P10_1	4	220221	111
Chi_P10_1	4	220221	143
Chi_P10_1	4	220221	113
Chi_P10_1	4	220221	88
Chi_P10_1	4	220221	68
Chi_P10_1	4	220221	137
Chi_P10_1	4	220221	132
Chi_P10_1	4	220221	121
Chi_P10_1	4	220221	166
Chi_P10_1	4	220221	87
Chi_P10_1	4	220221	13
Chi_P10_1	4	220221	57
Chi_P10_1	4	220221	100
Chi_P10_1	4	220221	127
Chi_P10_1	4	220221	143
Chi_P10_1	4	220221	152
Chi_P10_1	4	220221	139
Chi_P10_1	4	220221	37
Chi_P10_1	4	220221	97
Chi_P10_1	4	220221	215
Chi_P10_1	4	220221	94
Chi_P10_1	4	220221	179
Chi_P10_1	4	220221	93
Chi_P10_1	4	220221	196
Chi_P10_1	4	220221	108
Chi_P10_1	4	220221	43
Chi_P10_1	5	307700	39
Chi_P10_1	5	307700	74
Chi_P10_1	5	307700	86
Chi_P10_1	5	307700	39
Chi_P10_1	5	307700	200
Chi_P10_1	5	307700	104
Chi_P10_1	5	307700	78
Chi_P10_1	5	307700	115
Chi_P10_1	5	307700	68
Chi_P10_1	5	307700	136
Chi_P10_1	5	307700	206
Chi_P10_1	5	307700	50
Chi_P10_1	5	307700	33
Chi_P10_1	5	307700	96
Chi_P10_1	5	307700	97
Chi_P10_1	5	307700	62
Chi_P10_1	5	307700	95
Chi_P10_1	5	307700	112
Chi_P10_1	5	307700	45
Chi_P10_1	5	307700	98
Chi_P10_1	5	307700	73
Chi_P10_1	5	307700	93
Chi_P10_1	5	307700	158
Chi_P10_1	5	307700	124
Chi_P10_1	5	307700	105
Chi_P10_1	5	307700	152
Chi_P10_1	5	307700	62
Chi_P10_1	5	307700	71
Chi_P10_1	5	307700	113
Chi_P10_1	5	307700	41
Chi_P10_1	5	307700	106
Chi_P10_1	5	307700	51
Chi_P10_1	5	307700	149
Chi_P10_1	5	307700	69
Chi_P10_1	5	307700	91
Chi_P10_1	5	307700	72
Chi_P10_1	5	307700	11
Chi_P10_1	5	307700	138
Chi_P10_1	5	307700	28
Chi_P10_1	5	307700	101
Chi_P10_1	5	307700	88
Chi_P10_1	5	307700	110
Chi_P10_1	5	307700	133
Chi_P10_1	5	307700	74
Chi_P10_1	5	307700	113
Chi_P10_1	5	307700	120
Chi_P10_1	5	307700	130
Chi_P10_1	5	307700	80
Chi_P10_1	5	307700	90
Chi_P10_1	5	307700	118
Chi_P10_1	5	307700	76
Chi_P10_1	5	307700	72
Chi_P10_1	5	307700	56
Chi_P10_1	5	307700	49
Chi_P10_1	5	307700	92
Chi_P10_1	5	307700	139
Chi_P10_1	5	307700	74
Chi_P10_1	5	307700	252
Chi_P10_1	5	307700	57
Chi_P10_1	5	307700	128
Chi_P10_1	5	307700	115
Chi_P10_1	5	307700	113
Chi_P10_1	5	307700	139
Chi_P10_1	5	307700	110
Chi_P10_1	5	307700	105
Chi_P10_1	5	307700	56
Chi_P10_1	5	307700	93
Chi_P10_1	5	307700	110
Chi_P10_1	5	307700	57
Chi_P10_1	5	307700	39
Chi_P10_1	5	307700	115
Chi_P10_1	5	307700	327
Chi_P10_1	5	307700	114
Chi_P10_1	5	307700	132
Chi_P10_1	5	307700	98
Chi_P10_1	5	307700	107
Chi_P10_1	5	307700	48
Chi_P10_1	5	307700	108
Chi_P10_1	5	307700	70
Chi_P10_1	5	307700	107
Chi_P10_1	5	307700	134
Chi_P10_1	5	307700	114
Chi_P10_1	5	307700	117
Chi_P10_1	5	307700	97
Chi_P10_1	5	307700	79
Chi_P10_1	5	307700	85
Chi_P10_1	5	307700	115
Chi_P10_1	5	307700	120
Chi_P10_1	5	307700	102
Chi_P10_1	5	307700	197
Chi_P10_1	5	307700	114
Chi_P10_1	5	307700	166
Chi_P10_1	5	307700	114
Chi_P10_1	5	307700	138
Chi_P10_1	5	307700	146
Chi_P10_1	5	307700	105
Chi_P10_1	5	307700	95
Chi_P10_1	5	307700	135
Chi_P10_1	5	307700	118
Chi_P10_1	5	307700	44
Chi_P10_1	5	307700	209
Chi_P10_1	5	307700	163
Chi_P10_1	5	307700	67
Chi_P10_1	5	307700	98
Chi_P10_1	5	307700	118
Chi_P10_1	5	307700	92
Chi_P10_1	5	307700	84
Chi_P10_1	5	307700	169
Chi_P10_1	5	307700	152
Chi_P10_1	5	307700	137
Chi_P10_1	5	307700	142
Chi_P10_1	5	307700	142
Chi_P10_1	5	307700	95
Chi_P10_1	5	307700	84
Chi_P10_1	5	307700	87
Chi_P10_1	5	307700	135
Chi_P10_1	5	307700	264
Chi_P10_1	5	307700	169
Chi_P10_1	5	307700	167
Chi_P10_1	5	307700	135
Chi_P10_1	5	307700	88
Chi_P10_1	5	307700	128
Chi_P10_1	5	307700	91
Chi_P10_1	5	307700	28
Chi_P10_1	5	307700	117
Chi_P10_1	5	307700	137
Chi_P10_1	5	307700	45
Chi_P10_1	5	307700	69
Chi_P10_1	5	307700	88
Chi_P10_1	5	307700	98
Chi_P10_1	5	307700	79
Chi_P10_1	5	307700	89
Chi_P10_1	5	307700	100
Chi_P10_1	5	307700	29
Chi_P10_1	5	307700	91
Chi_P10_1	5	307700	32
Chi_P10_1	5	307700	234
Chi_P10_1	5	307700	176
Chi_P10_1	5	307700	36
Chi_P10_1	5	307700	115
Chi_P10_1	6	278884	54
Chi_P10_1	6	278884	69
Chi_P10_1	6	278884	32
Chi_P10_1	6	278884	22
Chi_P10_1	6	278884	68
Chi_P10_1	6	278884	60
Chi_P10_1	6	278884	15
Chi_P10_1	6	278884	67
Chi_P10_1	6	278884	70
Chi_P10_1	6	278884	109
Chi_P10_1	6	278884	179
Chi_P10_1	6	278884	184
Chi_P10_1	6	278884	104
Chi_P10_1	6	278884	101
Chi_P10_1	6	278884	158
Chi_P10_1	6	278884	95
Chi_P10_1	6	278884	52
Chi_P10_1	6	278884	235
Chi_P10_1	6	278884	106
Chi_P10_1	6	278884	83
Chi_P10_1	6	278884	119
Chi_P10_1	6	278884	80
Chi_P10_1	6	278884	75
Chi_P10_1	6	278884	115
Chi_P10_1	6	278884	94
Chi_P10_1	6	278884	126
Chi_P10_1	6	278884	153
Chi_P10_1	6	278884	181
Chi_P10_1	6	278884	53
Chi_P10_1	6	278884	132
Chi_P10_1	6	278884	214
Chi_P10_1	6	278884	97
Chi_P10_1	6	278884	142
Chi_P10_1	6	278884	91
Chi_P10_1	6	278884	85
Chi_P10_1	6	278884	81
Chi_P10_1	6	278884	117
Chi_P10_1	6	278884	95
Chi_P10_1	6	278884	227
Chi_P10_1	6	278884	103
Chi_P10_1	6	278884	87
Chi_P10_1	6	278884	79
Chi_P10_1	6	278884	102
Chi_P10_1	6	278884	150
Chi_P10_1	6	278884	59
Chi_P10_1	6	278884	297
Chi_P10_1	6	278884	112
Chi_P10_1	6	278884	139
Chi_P10_1	6	278884	93
Chi_P10_1	6	278884	69
Chi_P10_1	6	278884	85
Chi_P10_1	6	278884	284
Chi_P10_1	6	278884	101
Chi_P10_1	6	278884	118
Chi_P10_1	6	278884	69
Chi_P10_1	6	278884	133
Chi_P10_1	6	278884	71
Chi_P10_1	6	278884	79
Chi_P10_1	6	278884	281
Chi_P10_1	6	278884	101
Chi_P10_1	6	278884	20
Chi_P10_1	6	278884	121
Chi_P10_1	6	278884	113
Chi_P10_1	6	278884	132
Chi_P10_1	6	278884	123
Chi_P10_1	6	278884	73
Chi_P10_1	6	278884	92
Chi_P10_1	6	278884	146
Chi_P10_1	6	278884	85
Chi_P10_1	6	278884	112
Chi_P10_1	6	278884	102
Chi_P10_1	6	278884	43
Chi_P10_1	6	278884	101
Chi_P10_1	6	278884	152
Chi_P10_1	6	278884	104
Chi_P10_1	6	278884	122
Chi_P10_1	6	278884	85
Chi_P10_1	6	278884	54
Chi_P10_1	6	278884	82
Chi_P10_1	6	278884	85
Chi_P10_1	6	278884	116
Chi_P10_1	6	278884	111
Chi_P10_1	6	278884	129
Chi_P10_1	6	278884	202
Chi_P10_1	6	278884	121
Chi_P10_1	6	278884	99
Chi_P10_1	6	278884	84
Chi_P10_1	6	278884	165
Chi_P10_1	6	278884	67
Chi_P10_1	6	278884	130
Chi_P10_1	6	278884	72
Chi_P10_1	6	278884	205
Chi_P10_1	6	278884	83
Chi_P10_1	6	278884	78
Chi_P10_1	6	278884	35
Chi_P10_1	6	278884	249
Chi_P10_1	6	278884	85
Chi_P10_1	6	278884	101
Chi_P10_1	6	278884	88
Chi_P10_1	6	278884	86
Chi_P10_1	6	278884	86
Chi_P10_1	6	278884	77
Chi_P10_1	6	278884	99
Chi_P10_1	6	278884	92
Chi_P10_1	6	278884	101
Chi_P10_1	6	278884	126
Chi_P10_1	6	278884	159
Chi_P10_1	7	274410	133
Chi_P10_1	7	274410	238
Chi_P10_1	7	274410	172
Chi_P10_1	7	274410	126
Chi_P10_1	7	274410	128
Chi_P10_1	7	274410	130
Chi_P10_1	7	274410	151
Chi_P10_1	7	274410	133
Chi_P10_1	7	274410	145
Chi_P10_1	7	274410	221
Chi_P10_1	7	274410	101
Chi_P10_1	7	274410	93
Chi_P10_1	7	274410	116
Chi_P10_1	7	274410	119
Chi_P10_1	7	274410	70
Chi_P10_1	7	274410	99
Chi_P10_1	7	274410	99
Chi_P10_1	7	274410	118
Chi_P10_1	7	274410	167
Chi_P10_1	7	274410	119
Chi_P10_1	7	274410	62
Chi_P10_1	7	274410	105
Chi_P10_1	7	274410	206
Chi_P10_1	7	274410	109
Chi_P10_1	7	274410	136
Chi_P10_1	7	274410	79
Chi_P10_1	7	274410	57
Chi_P10_1	7	274410	156
Chi_P10_1	7	274410	65
Chi_P10_1	7	274410	93
Chi_P10_1	7	274410	101
Chi_P10_1	7	274410	67
Chi_P10_1	7	274410	46
Chi_P10_1	7	274410	92
Chi_P10_1	7	274410	143
Chi_P10_1	7	274410	107
Chi_P10_1	7	274410	221
Chi_P10_1	7	274410	219
Chi_P10_1	7	274410	84
Chi_P10_1	7	274410	63
Chi_P10_1	7	274410	96
Chi_P10_1	7	274410	105
Chi_P10_1	7	274410	76
Chi_P10_1	7	274410	82
Chi_P10_1	7	274410	42
Chi_P10_1	7	274410	66
Chi_P10_1	7	274410	67
Chi_P10_1	7	274410	27
Chi_P10_1	7	274410	71
Chi_P10_1	7	274410	65
Chi_P10_1	7	274410	56
Chi_P10_1	7	274410	81
Chi_P10_1	7	274410	131
Chi_P10_1	7	274410	52
Chi_P10_1	7	274410	100
Chi_P10_1	7	274410	53
Chi_P10_1	7	274410	69
Chi_P10_1	7	274410	79
Chi_P10_1	7	274410	116
Chi_P10_1	7	274410	271
Chi_P10_1	7	274410	48
Chi_P10_1	7	274410	88
Chi_P10_1	7	274410	93
Chi_P10_1	7	274410	121
Chi_P10_1	7	274410	109
Chi_P10_1	7	274410	86
Chi_P10_1	7	274410	89
Chi_P10_1	7	274410	22
Chi_P10_1	7	274410	58
Chi_P10_1	7	274410	221
Chi_P10_1	7	274410	84
Chi_P10_1	7	274410	78
Chi_P10_1	7	274410	84
Chi_P10_1	7	274410	64
Chi_P10_1	7	274410	35
Chi_P10_1	7	274410	34
Chi_P10_1	7	274410	73
Chi_P10_1	7	274410	99
Chi_P10_1	7	274410	111
Chi_P10_1	7	274410	92
Chi_P10_1	7	274410	125
Chi_P10_1	7	274410	112
Chi_P10_1	7	274410	125
Chi_P10_1	7	274410	100
Chi_P10_1	7	274410	98
Chi_P10_1	7	274410	160
Chi_P10_1	7	274410	68
Chi_P10_1	7	274410	49
Chi_P10_1	7	274410	52
Chi_P10_1	7	274410	240
Chi_P10_1	7	274410	62
Chi_P10_1	7	274410	237
Chi_P10_1	7	274410	57
Chi_P10_1	7	274410	84
Chi_P10_1	7	274410	106
Chi_P10_1	7	274410	53
Chi_P10_1	7	274410	84
Chi_P10_1	7	274410	183
Chi_P10_1	7	274410	88
Chi_P10_1	7	274410	79
Chi_P10_1	7	274410	67
Chi_P10_1	7	274410	80
Chi_P10_1	7	274410	105
Chi_P10_1	7	274410	115
Chi_P10_1	7	274410	63
Chi_P10_1	7	274410	20
Chi_P10_1	7	274410	121
Chi_P10_1	7	274410	166
Chi_P10_1	7	274410	12
Chi_P10_1	7	274410	85
Chi_P10_1	7	274410	116
Chi_P10_1	7	274410	112
Chi_P10_1	7	274410	164
Chi_P10_1	7	274410	277
Chi_P10_1	7	274410	185
Chi_P10_1	7	274410	111
Chi_P10_1	7	274410	39
Chi_P10_1	7	274410	52
Chi_P10_1	7	274410	61
Chi_P10_1	7	274410	369
Chi_P10_1	7	274410	95
Chi_P10_1	7	274410	85
Chi_P10_1	7	274410	97
Chi_P10_1	7	274410	34
Chi_P10_1	7	274410	46
Chi_P10_1	7	274410	51
Chi_P10_1	7	274410	73
Chi_P10_1	7	274410	87
Chi_P10_1	7	274410	73
Chi_P10_1	7	274410	16
Chi_P10_1	7	274410	60
Chi_P10_1	7	274410	66
Chi_P10_1	7	274410	73
Chi_P10_1	7	274410	134
Chi_P10_1	7	274410	149
Chi_P10_1	7	274410	122
Chi_P10_1	7	274410	114
Chi_P10_1	7	274410	224
Chi_P10_1	7	274410	87
Chi_P10_1	7	274410	12
Chi_P10_1	7	274410	90
Chi_P10_1	7	274410	38
Chi_P10_1	7	274410	58
Chi_P10_1	7	274410	70
Chi_P10_1	7	274410	406
Chi_P10_1	7	274410	29
Chi_P10_1	7	274410	124
Chi_P10_1	7	274410	108
Chi_P10_1	7	274410	69
Chi_P10_1	7	274410	16
Chi_P10_1	7	274410	162
Chi_P10_1	7	274410	75
Chi_P10_1	7	274410	100
Chi_P10_1	7	274410	60
Chi_P10_1	7	274410	61
Chi_P10_1	7	274410	176
Chi_P10_1	7	274410	112
Chi_P10_1	7	274410	130
Chi_P10_1	7	274410	20
Chi_P10_1	7	274410	94
Chi_P10_1	7	274410	197
Chi_P10_1	7	274410	149
Chi_P10_1	7	274410	54
Chi_P10_1	7	274410	154
Chi_P10_1	7	274410	71
Chi_P10_1	7	274410	298
Chi_P10_1	7	274410	122
Chi_P10_1	7	274410	84
Chi_P10_1	7	274410	170
Chi_P10_1	7	274410	80
Chi_P10_1	7	274410	82
Chi_P10_1	7	274410	57
Chi_P10_1	7	274410	102
Chi_P10_1	7	274410	98
Chi_P10_1	7	274410	204
Chi_P10_1	7	274410	64
Chi_P10_1	7	274410	111
Chi_P10_1	7	274410	84
Chi_P10_1	7	274410	88
Chi_P10_1	7	274410	51
Chi_P10_1	7	274410	76
Chi_P10_1	7	274410	34
Chi_P10_1	7	274410	64
Chi_P10_1	7	274410	13
Chi_P10_1	7	274410	459
Chi_P10_1	7	274410	79
Chi_P10_1	7	274410	290
Chi_P10_1	7	274410	97
Chi_P10_1	7	274410	75
Chi_P10_1	8	340970	56
Chi_P10_1	8	340970	92
Chi_P10_1	8	340970	64
Chi_P10_1	8	340970	48
Chi_P10_1	8	340970	118
Chi_P10_1	8	340970	31
Chi_P10_1	8	340970	140
Chi_P10_1	8	340970	97
Chi_P10_1	8	340970	123
Chi_P10_1	8	340970	73
Chi_P10_1	8	340970	104
Chi_P10_1	8	340970	102
Chi_P10_1	8	340970	72
Chi_P10_1	8	340970	70
Chi_P10_1	8	340970	43
Chi_P10_1	8	340970	73
Chi_P10_1	8	340970	52
Chi_P10_1	8	340970	172
Chi_P10_1	8	340970	111
Chi_P10_1	8	340970	13
Chi_P10_1	8	340970	245
Chi_P10_1	8	340970	82
Chi_P10_1	8	340970	81
Chi_P10_1	8	340970	88
Chi_P10_1	8	340970	117
Chi_P10_1	8	340970	239
Chi_P10_1	8	340970	61
Chi_P10_1	8	340970	78
Chi_P10_1	8	340970	111
Chi_P10_1	8	340970	96
Chi_P10_1	8	340970	128
Chi_P10_1	8	340970	125
Chi_P10_1	8	340970	260
Chi_P10_1	8	340970	67
Chi_P10_1	8	340970	119
Chi_P10_1	8	340970	402
Chi_P10_1	8	340970	94
Chi_P10_1	8	340970	134
Chi_P10_1	8	340970	104
Chi_P10_1	8	340970	175
Chi_P10_1	8	340970	48
Chi_P10_1	8	340970	85
Chi_P10_1	8	340970	137
Chi_P10_1	8	340970	88
Chi_P10_1	8	340970	98
Chi_P10_1	8	340970	45
Chi_P10_1	8	340970	138
Chi_P10_1	8	340970	129
Chi_P10_1	8	340970	54
Chi_P10_1	8	340970	142
Chi_P10_1	8	340970	214
Chi_P10_1	8	340970	147
Chi_P10_1	8	340970	92
Chi_P10_1	8	340970	18
Chi_P10_1	8	340970	78
Chi_P10_1	8	340970	168
Chi_P10_1	8	340970	181
Chi_P10_1	8	340970	103
Chi_P10_1	8	340970	74
Chi_P10_1	8	340970	131
Chi_P10_1	8	340970	158
Chi_P10_1	8	340970	92
Chi_P10_1	8	340970	110
Chi_P10_1	8	340970	247
Chi_P10_1	8	340970	58
Chi_P10_1	8	340970	180
Chi_P10_1	8	340970	144
Chi_P10_1	8	340970	60
Chi_P10_1	8	340970	57
Chi_P10_1	8	340970	57
Chi_P10_1	8	340970	31
Chi_P10_1	8	340970	68
Chi_P10_1	8	340970	118
Chi_P10_1	8	340970	144
Chi_P10_1	8	340970	79
Chi_P10_1	8	340970	28
Chi_P10_1	8	340970	227
Chi_P10_1	8	340970	124
Chi_P10_1	8	340970	100
Chi_P10_1	8	340970	190
Chi_P10_1	8	340970	109
Chi_P10_1	8	340970	159
Chi_P10_1	8	340970	139
Chi_P10_1	8	340970	113
Chi_P10_1	8	340970	125
Chi_P10_1	8	340970	133
Chi_P10_1	8	340970	95
Chi_P10_1	8	340970	43
Chi_P10_1	8	340970	131
Chi_P10_1	8	340970	129
Chi_P10_1	8	340970	109
Chi_P10_1	8	340970	129
Chi_P10_1	8	340970	76
Chi_P10_1	8	340970	62
Chi_P10_1	8	340970	139
Chi_P10_1	8	340970	91
Chi_P10_1	8	340970	90
Chi_P10_1	8	340970	55
Chi_P10_1	8	340970	159
Chi_P10_1	8	340970	63
Chi_P10_1	8	340970	69
Chi_P10_1	8	340970	104
Chi_P10_1	8	340970	28
Chi_P10_1	8	340970	103
Chi_P10_1	8	340970	229
Chi_P10_1	8	340970	115
Chi_P10_1	8	340970	148
Chi_P10_1	8	340970	107
Chi_P10_1	8	340970	96
Chi_P10_1	8	340970	119
Chi_P10_1	8	340970	90
Chi_P10_1	8	340970	153
Chi_P10_1	8	340970	275
Chi_P10_1	8	340970	89
Chi_P10_1	8	340970	108
Chi_P10_1	8	340970	93
Chi_P10_1	8	340970	52
Chi_P10_1	8	340970	63
Chi_P10_1	8	340970	184
Chi_P10_1	8	340970	68
Chi_P10_1	8	340970	132
Chi_P10_1	8	340970	151
Chi_P10_1	8	340970	110
Chi_P10_1	8	340970	111
Chi_P10_1	8	340970	88
Chi_P10_1	8	340970	97
Chi_P10_1	8	340970	88
Chi_P10_1	8	340970	163
Chi_P10_1	8	340970	70
Chi_P10_1	8	340970	105
Chi_P10_1	8	340970	159
Chi_P10_1	8	340970	20
Chi_P10_1	8	340970	132
Chi_P10_1	8	340970	88
Chi_P10_1	8	340970	109
Chi_P10_1	8	340970	152
Chi_P10_1	8	340970	128
Chi_P10_1	8	340970	83
Chi_P10_1	8	340970	179
Chi_P10_1	8	340970	84
Chi_P10_1	8	340970	100
Chi_P10_1	8	340970	90
Chi_P10_1	8	340970	49
Chi_P10_1	8	340970	81
Chi_P10_1	8	340970	72
Chi_P10_1	8	340970	80
Chi_P10_1	8	340970	91
Chi_P10_1	8	340970	73
Chi_P10_1	8	340970	115
Chi_P10_1	8	340970	191
Chi_P10_1	8	340970	212
Chi_P10_1	8	340970	118
Chi_P10_1	8	340970	137
Chi_P10_1	8	340970	140
Chi_P10_1	8	340970	83
Chi_P10_1	8	340970	25
Chi_P10_1	8	340970	21
Chi_P10_1	8	340970	53
Chi_P10_1	8	340970	58
Chi_P10_1	8	340970	124
Chi_P10_1	8	340970	96
Chi_P10_1	8	340970	106
Chi_P10_1	8	340970	10
Chi_P10_1	8	340970	73
Chi_P10_1	8	340970	109
Chi_P10_1	8	340970	32
Chi_P10_1	8	340970	94
Chi_P10_1	8	340970	130
Chi_P10_1	8	340970	119
Chi_P10_1	8	340970	200
Chi_P10_1	8	340970	128
Chi_P10_1	8	340970	102
Chi_P10_1	8	340970	473
Chi_P10_1	8	340970	60
Chi_P10_1	8	340970	212
Chi_P10_1	8	340970	79
Chi_P10_1	8	340970	77
Chi_P10_1	8	340970	118
Chi_P10_1	8	340970	66
Chi_P10_1	8	340970	187
Chi_P10_1	8	340970	79
Chi_P10_1	8	340970	112
Chi_P10_1	8	340970	83
Chi_P10_1	8	340970	228
Chi_P10_1	8	340970	19
Chi_P10_1	8	340970	186
Chi_P10_1	8	340970	163
Chi_P10_1	8	340970	170
Chi_P10_1	9	350702	259
Chi_P10_1	9	350702	52
Chi_P10_1	9	350702	108
Chi_P10_1	9	350702	224
Chi_P10_1	9	350702	61
Chi_P10_1	9	350702	64
Chi_P10_1	9	350702	86
Chi_P10_1	9	350702	60
Chi_P10_1	9	350702	56
Chi_P10_1	9	350702	78
Chi_P10_1	9	350702	97
Chi_P10_1	9	350702	73
Chi_P10_1	9	350702	125
Chi_P10_1	9	350702	92
Chi_P10_1	9	350702	100
Chi_P10_1	9	350702	110
Chi_P10_1	9	350702	91
Chi_P10_1	9	350702	223
Chi_P10_1	9	350702	159
Chi_P10_1	9	350702	45
Chi_P10_1	9	350702	111
Chi_P10_1	9	350702	99
Chi_P10_1	9	350702	114
Chi_P10_1	9	350702	96
Chi_P10_1	9	350702	116
Chi_P10_1	9	350702	215
Chi_P10_1	9	350702	80
Chi_P10_1	9	350702	115
Chi_P10_1	9	350702	30
Chi_P10_1	9	350702	82
Chi_P10_1	9	350702	121
Chi_P10_1	9	350702	48
Chi_P10_1	9	350702	123
Chi_P10_1	9	350702	98
Chi_P10_1	9	350702	103
Chi_P10_1	9	350702	91
Chi_P10_1	9	350702	211
Chi_P10_1	9	350702	119
Chi_P10_1	9	350702	205
Chi_P10_1	9	350702	79
Chi_P10_1	9	350702	53
Chi_P10_1	9	350702	56
Chi_P10_1	9	350702	136
Chi_P10_1	9	350702	59
Chi_P10_1	9	350702	104
Chi_P10_1	9	350702	148
Chi_P10_1	9	350702	143
Chi_P10_1	9	350702	69
Chi_P10_1	9	350702	105
Chi_P10_1	9	350702	216
Chi_P10_1	9	350702	62
Chi_P10_1	9	350702	101
Chi_P10_1	9	350702	114
Chi_P10_1	9	350702	109
Chi_P10_1	9	350702	120
Chi_P10_1	9	350702	114
Chi_P10_1	9	350702	205
Chi_P10_1	9	350702	75
Chi_P10_1	9	350702	135
Chi_P10_1	9	350702	61
Chi_P10_1	9	350702	131
Chi_P10_1	9	350702	135
Chi_P10_1	9	350702	113
Chi_P10_1	9	350702	113
Chi_P10_1	9	350702	156
Chi_P10_1	9	350702	110
Chi_P10_1	9	350702	127
Chi_P10_1	9	350702	97
Chi_P10_1	9	350702	123
Chi_P10_1	9	350702	91
Chi_P10_1	9	350702	121
Chi_P10_1	9	350702	149
Chi_P10_1	9	350702	99
Chi_P10_1	9	350702	126
Chi_P10_1	9	350702	64
Chi_P10_1	9	350702	107
Chi_P10_1	9	350702	147
Chi_P10_1	9	350702	98
Chi_P10_1	9	350702	94
Chi_P10_1	9	350702	157
Chi_P10_1	9	350702	58
Chi_P10_1	9	350702	92
Chi_P10_1	9	350702	103
Chi_P10_1	9	350702	150
Chi_P10_1	9	350702	151
Chi_P10_1	9	350702	76
Chi_P10_1	9	350702	29
Chi_P10_1	9	350702	34
Chi_P10_1	9	350702	27
Chi_P10_1	9	350702	107
Chi_P10_1	9	350702	78
Chi_P10_1	9	350702	64
Chi_P10_1	9	350702	154
Chi_P10_1	9	350702	67
Chi_P10_1	9	350702	87
Chi_P10_1	9	350702	76
Chi_P10_1	9	350702	155
Chi_P10_1	9	350702	158
Chi_P10_1	9	350702	100
Chi_P10_1	9	350702	50
Chi_P10_1	9	350702	85
Chi_P10_1	9	350702	154
Chi_P10_1	9	350702	15
Chi_P10_1	9	350702	76
Chi_P10_1	9	350702	136
Chi_P10_1	9	350702	190
Chi_P10_1	9	350702	80
Chi_P10_1	9	350702	96
Chi_P10_1	9	350702	161
Chi_P10_1	9	350702	37
Chi_P10_1	9	350702	89
Chi_P10_1	9	350702	185
Chi_P10_1	9	350702	120
Chi_P10_1	9	350702	72
Chi_P10_1	9	350702	60
Chi_P10_1	9	350702	106
Chi_P10_1	9	350702	160
Chi_P10_1	9	350702	108
Chi_P10_1	9	350702	75
Chi_P10_1	9	350702	118
Chi_P10_1	9	350702	90
Chi_P10_1	9	350702	106
Chi_P10_1	9	350702	121
Chi_P10_1	9	350702	117
Chi_P10_1	9	350702	131
Chi_P10_1	9	350702	109
Chi_P10_1	9	350702	113
Chi_P10_1	9	350702	154
Chi_P10_1	9	350702	201
Chi_P10_1	9	350702	55
Chi_P10_1	9	350702	129
Chi_P10_1	9	350702	40
Chi_P10_1	9	350702	149
Chi_P10_1	9	350702	122
Chi_P10_1	9	350702	75
Chi_P10_1	9	350702	79
Chi_P10_1	9	350702	87
Chi_P10_1	9	350702	86
Chi_P10_1	9	350702	102
Chi_P10_1	9	350702	270
Chi_P10_1	9	350702	137
Chi_P10_1	9	350702	117
Chi_P10_1	9	350702	118
Chi_P10_1	9	350702	109
Chi_P10_1	9	350702	133
Chi_P10_1	9	350702	22
Chi_P10_1	9	350702	192
Chi_P10_1	9	350702	195
Chi_P10_1	9	350702	87
Chi_P10_1	10	369348	161
Chi_P10_1	10	369348	66
Chi_P10_1	10	369348	18
Chi_P10_1	10	369348	82
Chi_P10_1	10	369348	94
Chi_P10_1	10	369348	49
Chi_P10_1	10	369348	53
Chi_P10_1	10	369348	107
Chi_P10_1	10	369348	119
Chi_P10_1	10	369348	185
Chi_P10_1	10	369348	104
Chi_P10_1	10	369348	107
Chi_P10_1	10	369348	146
Chi_P10_1	10	369348	89
Chi_P10_1	10	369348	102
Chi_P10_1	10	369348	81
Chi_P10_1	10	369348	159
Chi_P10_1	10	369348	49
Chi_P10_1	10	369348	124
Chi_P10_1	10	369348	100
Chi_P10_1	10	369348	80
Chi_P10_1	10	369348	105
Chi_P10_1	10	369348	93
Chi_P10_1	10	369348	114
Chi_P10_1	10	369348	109
Chi_P10_1	10	369348	130
Chi_P10_1	10	369348	52
Chi_P10_1	10	369348	124
Chi_P10_1	10	369348	394
Chi_P10_1	10	369348	102
Chi_P10_1	10	369348	137
Chi_P10_1	10	369348	103
Chi_P10_1	10	369348	83
Chi_P10_1	10	369348	134
Chi_P10_1	10	369348	105
Chi_P10_1	10	369348	282
Chi_P10_1	10	369348	92
Chi_P10_1	10	369348	165
Chi_P10_1	10	369348	85
Chi_P10_1	10	369348	66
Chi_P10_1	10	369348	99
Chi_P10_1	10	369348	121
Chi_P10_1	10	369348	104
Chi_P10_1	10	369348	101
Chi_P10_1	10	369348	135
Chi_P10_1	10	369348	118
Chi_P10_1	10	369348	85
Chi_P10_1	10	369348	75
Chi_P10_1	10	369348	122
Chi_P10_1	10	369348	148
Chi_P10_1	10	369348	193
Chi_P10_1	10	369348	117
Chi_P10_1	10	369348	97
Chi_P10_1	10	369348	103
Chi_P10_1	10	369348	77
Chi_P10_1	10	369348	186
Chi_P10_1	10	369348	87
Chi_P10_1	10	369348	52
Chi_P10_1	10	369348	57
Chi_P10_1	10	369348	137
Chi_P10_1	10	369348	137
Chi_P10_1	10	369348	27
Chi_P10_1	10	369348	129
Chi_P10_1	10	369348	136
Chi_P10_1	10	369348	152
Chi_P10_1	10	369348	111
Chi_P10_1	10	369348	92
Chi_P10_1	10	369348	114
Chi_P10_1	10	369348	100
Chi_P10_1	10	369348	134
Chi_P10_1	10	369348	25
Chi_P10_1	10	369348	94
Chi_P10_1	10	369348	277
Chi_P10_1	10	369348	87
Chi_P10_1	10	369348	139
Chi_P10_1	10	369348	76
Chi_P10_1	10	369348	128
Chi_P10_1	10	369348	125
Chi_P10_1	10	369348	176
Chi_P10_1	10	369348	158
Chi_P10_1	10	369348	128
Chi_P10_1	10	369348	103
Chi_P10_1	10	369348	148
Chi_P10_1	10	369348	61
Chi_P10_1	10	369348	179
Chi_P10_1	10	369348	119
Chi_P10_1	10	369348	120
Chi_P10_1	10	369348	183
Chi_P10_1	10	369348	121
Chi_P10_1	10	369348	121
Chi_P10_1	10	369348	241
Chi_P10_1	10	369348	164
Chi_P10_1	10	369348	160
Chi_P10_1	10	369348	163
Chi_P10_1	10	369348	147
Chi_P10_1	10	369348	100
Chi_P10_1	10	369348	255
Chi_P10_1	10	369348	121
Chi_P10_1	10	369348	128
Chi_P10_1	10	369348	73
Chi_P10_1	10	369348	109
Chi_P10_1	10	369348	238
Chi_P10_1	10	369348	110
Chi_P10_1	10	369348	329
Chi_P10_1	10	369348	300
Chi_P10_1	10	369348	154
Chi_P10_1	10	369348	257
Chi_P10_1	10	369348	73
Chi_P10_1	11	247713	81
Chi_P10_1	11	247713	38
Chi_P10_1	11	247713	106
Chi_P10_1	11	247713	20
Chi_P10_1	11	247713	84
Chi_P10_1	11	247713	118
Chi_P10_1	11	247713	10
Chi_P10_1	11	247713	114
Chi_P10_1	11	247713	108
Chi_P10_1	11	247713	174
Chi_P10_1	11	247713	66
Chi_P10_1	11	247713	118
Chi_P10_1	11	247713	159
Chi_P10_1	11	247713	92
Chi_P10_1	11	247713	112
Chi_P10_1	11	247713	128
Chi_P10_1	11	247713	54
Chi_P10_1	11	247713	109
Chi_P10_1	11	247713	64
Chi_P10_1	11	247713	148
Chi_P10_1	11	247713	106
Chi_P10_1	11	247713	129
Chi_P10_1	11	247713	107
Chi_P10_1	11	247713	104
Chi_P10_1	11	247713	208
Chi_P10_1	11	247713	127
Chi_P10_1	11	247713	162
Chi_P10_1	11	247713	205
Chi_P10_1	11	247713	85
Chi_P10_1	11	247713	100
Chi_P10_1	11	247713	139
Chi_P10_1	11	247713	109
Chi_P10_1	11	247713	111
Chi_P10_1	11	247713	213
Chi_P10_1	11	247713	142
Chi_P10_1	11	247713	85
Chi_P10_1	11	247713	263
Chi_P10_1	11	247713	131
Chi_P10_1	11	247713	133
Chi_P10_1	11	247713	115
Chi_P10_1	11	247713	149
Chi_P10_1	11	247713	152
Chi_P10_1	11	247713	235
Chi_P10_1	11	247713	109
Chi_P10_1	11	247713	135
Chi_P10_1	11	247713	153
Chi_P10_1	11	247713	87
Chi_P10_1	11	247713	120
Chi_P10_1	11	247713	148
Chi_P10_1	11	247713	98
Chi_P10_1	11	247713	130
Chi_P10_1	11	247713	141
Chi_P10_1	11	247713	135
Chi_P10_1	11	247713	79
Chi_P10_1	11	247713	215
Chi_P10_1	11	247713	77
Chi_P10_1	11	247713	149
Chi_P10_1	11	247713	131
Chi_P10_1	11	247713	298
Chi_P10_1	11	247713	108
Chi_P10_1	11	247713	115
Chi_P10_1	11	247713	261
Chi_P10_1	11	247713	124
Chi_P10_1	11	247713	127
Chi_P10_1	11	247713	89
Chi_P10_1	11	247713	149
Chi_P10_1	11	247713	154
Chi_P10_1	11	247713	215
Chi_P10_1	11	247713	369
Chi_P10_1	11	247713	287
Chi_P10_1	11	247713	231
Chi_P10_1	11	247713	82
Chi_P10_1	11	247713	223
Chi_P10_1	11	247713	105
Chi_P10_1	11	247713	158
Chi_P10_1	11	247713	114
Chi_P10_1	11	247713	103
Chi_P10_1	11	247713	327
Chi_P10_1	11	247713	101
Chi_P10_1	11	247713	129
Chi_P10_1	11	247713	99
Chi_P10_1	11	247713	103
Chi_P10_1	11	247713	174
Chi_P10_1	11	247713	109
Chi_P10_1	11	247713	102
Chi_P10_1	11	247713	149
Chi_P10_1	11	247713	276
Chi_P10_1	11	247713	166
Chi_P10_1	11	247713	102
Chi_P10_1	11	247713	90
Chi_P10_1	11	247713	284
Chi_P10_1	11	247713	300
Chi_P10_1	11	247713	76
Chi_P10_1	11	247713	288
Chi_P10_1	11	247713	144
Chi_P10_1	11	247713	128
Chi_P10_1	11	247713	278
Chi_P10_1	11	247713	143
Chi_P10_1	11	247713	156
Chi_P10_1	11	247713	107
Chi_P10_1	11	247713	404
Chi_P10_1	11	247713	314
Chi_P10_1	11	247713	135
Chi_P10_1	11	247713	157
Chi_P10_1	11	247713	39
Chi_P10_1	11	247713	172
Chi_P10_1	11	247713	197
Chi_P10_1	11	247713	79
Chi_P10_1	11	247713	130
Chi_P10_1	11	247713	352
Chi_P10_1	11	247713	247
Chi_P10_1	11	247713	20
Chi_P10_1	12	326646	86
Chi_P10_1	12	326646	74
Chi_P10_1	12	326646	54
Chi_P10_1	12	326646	69
Chi_P10_1	12	326646	58
Chi_P10_1	12	326646	74
Chi_P10_1	12	326646	67
Chi_P10_1	12	326646	61
Chi_P10_1	12	326646	71
Chi_P10_1	12	326646	48
Chi_P10_1	12	326646	47
Chi_P10_1	12	326646	91
Chi_P10_1	12	326646	77
Chi_P10_1	12	326646	66
Chi_P10_1	12	326646	61
Chi_P10_1	12	326646	78
Chi_P10_1	12	326646	191
Chi_P10_1	12	326646	126
Chi_P10_1	12	326646	75
Chi_P10_1	12	326646	34
Chi_P10_1	12	326646	65
Chi_P10_1	12	326646	50
Chi_P10_1	12	326646	57
Chi_P10_1	12	326646	104
Chi_P10_1	12	326646	117
Chi_P10_1	12	326646	158
Chi_P10_1	12	326646	74
Chi_P10_1	12	326646	68
Chi_P10_1	12	326646	49
Chi_P10_1	12	326646	77
Chi_P10_1	12	326646	89
Chi_P10_1	12	326646	183
Chi_P10_1	12	326646	105
Chi_P10_1	12	326646	131
Chi_P10_1	12	326646	77
Chi_P10_1	12	326646	120
Chi_P10_1	12	326646	83
Chi_P10_1	12	326646	77
Chi_P10_1	12	326646	36
Chi_P10_1	12	326646	83
Chi_P10_1	12	326646	63
Chi_P10_1	12	326646	97
Chi_P10_1	12	326646	127
Chi_P10_1	12	326646	186
Chi_P10_1	12	326646	97
Chi_P10_1	12	326646	75
Chi_P10_1	12	326646	89
Chi_P10_1	12	326646	103
Chi_P10_1	12	326646	100
Chi_P10_1	12	326646	298
Chi_P10_1	12	326646	57
Chi_P10_1	12	326646	149
Chi_P10_1	12	326646	109
Chi_P10_1	12	326646	60
Chi_P10_1	12	326646	66
Chi_P10_1	12	326646	91
Chi_P10_1	12	326646	130
Chi_P10_1	12	326646	158
Chi_P10_1	12	326646	118
Chi_P10_1	12	326646	75
Chi_P10_1	12	326646	36
Chi_P10_1	12	326646	34
Chi_P10_1	12	326646	101
Chi_P10_1	12	326646	26
Chi_P10_1	12	326646	93
Chi_P10_1	12	326646	118
Chi_P10_1	12	326646	84
Chi_P10_1	12	326646	60
Chi_P10_1	12	326646	146
Chi_P10_1	12	326646	78
Chi_P10_1	12	326646	132
Chi_P10_1	12	326646	27
Chi_P10_1	12	326646	72
Chi_P10_1	12	326646	72
Chi_P10_1	12	326646	51
Chi_P10_1	12	326646	108
Chi_P10_1	12	326646	109
Chi_P10_1	12	326646	63
Chi_P10_1	12	326646	14
Chi_P10_1	12	326646	79
Chi_P10_1	12	326646	160
Chi_P10_1	12	326646	64
Chi_P10_1	12	326646	89
Chi_P10_1	12	326646	91
Chi_P10_1	12	326646	159
Chi_P10_1	12	326646	87
Chi_P10_1	12	326646	100
Chi_P10_1	12	326646	107
Chi_P10_1	12	326646	40
Chi_P10_1	12	326646	54
Chi_P10_1	12	326646	85
Chi_P10_1	12	326646	179
Chi_P10_1	12	326646	38
Chi_P10_1	12	326646	93
Chi_P10_1	12	326646	286
Chi_P10_1	12	326646	33
Chi_P10_1	12	326646	69
Chi_P10_1	12	326646	32
Chi_P10_1	12	326646	114
Chi_P10_1	12	326646	188
Chi_P10_1	12	326646	66
Chi_P10_1	12	326646	88
Chi_P10_1	12	326646	48
Chi_P10_1	12	326646	108
Chi_P10_1	12	326646	128
Chi_P10_1	12	326646	108
Chi_P10_1	12	326646	72
Chi_P10_1	12	326646	97
Chi_P10_1	12	326646	87
Chi_P10_1	12	326646	80
Chi_P10_1	12	326646	124
Chi_P10_1	12	326646	144
Chi_P10_1	12	326646	91
Chi_P10_1	12	326646	319
Chi_P10_1	12	326646	85
Chi_P10_1	12	326646	106
Chi_P10_1	12	326646	94
Chi_P10_1	12	326646	80
Chi_P10_1	12	326646	116
Chi_P10_1	12	326646	122
Chi_P10_1	12	326646	122
Chi_P10_1	12	326646	112
Chi_P10_1	12	326646	48
Chi_P10_1	12	326646	86
Chi_P10_1	12	326646	90
Chi_P10_1	12	326646	149
Chi_P10_1	12	326646	82
Chi_P10_1	12	326646	138
Chi_P10_1	12	326646	99
Chi_P10_1	12	326646	112
Chi_P10_1	12	326646	114
Chi_P10_1	12	326646	82
Chi_P10_1	12	326646	169
Chi_P10_1	12	326646	157
Chi_P10_1	12	326646	130
Chi_P10_1	12	326646	97
Chi_P10_1	12	326646	136
Chi_P10_1	12	326646	119
Chi_P10_1	12	326646	71
Chi_P10_1	12	326646	238
Chi_P10_1	12	326646	76
Chi_P10_1	12	326646	97
Chi_P10_1	12	326646	153
Chi_P10_1	12	326646	94
Chi_P10_1	12	326646	143
Chi_P10_1	12	326646	135
Chi_P10_1	12	326646	94
Chi_P10_1	12	326646	214
Chi_P10_1	12	326646	119
Chi_P10_1	12	326646	115
Chi_P10_1	12	326646	70
Chi_P10_1	12	326646	68
Chi_P10_1	12	326646	67
Chi_P10_1	12	326646	104
Chi_P10_1	12	326646	84
Chi_P10_1	12	326646	98
Chi_P10_1	12	326646	85
Chi_P10_1	12	326646	173
Chi_P10_1	12	326646	73
Chi_P10_1	12	326646	194
Chi_P10_1	12	326646	99
Chi_P10_1	12	326646	110
Chi_P10_1	12	326646	90
Chi_P10_1	12	326646	73
Chi_P10_1	12	326646	97
Chi_P10_1	12	326646	159
Chi_P10_1	12	326646	93
Chi_P10_1	12	326646	69
Chi_P10_1	12	326646	179
Chi_P10_1	12	326646	170
Chi_P10_1	12	326646	84
Chi_P10_1	12	326646	140
Chi_P10_1	12	326646	76
Chi_P10_1	12	326646	95
Chi_P10_1	12	326646	82
Chi_P10_1	12	326646	74
Chi_P10_1	12	326646	44
Chi_P10_1	12	326646	174
Chi_P10_1	12	326646	75
Chi_P10_1	12	326646	120
Chi_P10_1	12	326646	125
Chi_P10_1	12	326646	21
Chi_P10_1	12	326646	153
Chi_P10_1	12	326646	58
Chi_P10_1	12	326646	47
Chi_P10_1	13	262978	240
Chi_P10_1	13	262978	87
Chi_P10_1	13	262978	118
Chi_P10_1	13	262978	104
Chi_P10_1	13	262978	92
Chi_P10_1	13	262978	192
Chi_P10_1	13	262978	106
Chi_P10_1	13	262978	219
Chi_P10_1	13	262978	76
Chi_P10_1	13	262978	90
Chi_P10_1	13	262978	127
Chi_P10_1	13	262978	114
Chi_P10_1	13	262978	74
Chi_P10_1	13	262978	77
Chi_P10_1	13	262978	77
Chi_P10_1	13	262978	159
Chi_P10_1	13	262978	134
Chi_P10_1	13	262978	102
Chi_P10_1	13	262978	243
Chi_P10_1	13	262978	86
Chi_P10_1	13	262978	128
Chi_P10_1	13	262978	145
Chi_P10_1	13	262978	243
Chi_P10_1	13	262978	143
Chi_P10_1	13	262978	269
Chi_P10_1	13	262978	259
Chi_P10_1	13	262978	213
Chi_P10_1	13	262978	130
Chi_P10_1	13	262978	103
Chi_P10_1	13	262978	187
Chi_P10_1	13	262978	145
Chi_P10_1	13	262978	114
Chi_P10_1	13	262978	192
Chi_P10_1	13	262978	122
Chi_P10_1	13	262978	240
Chi_P10_1	13	262978	209
Chi_P10_1	13	262978	182
Chi_P10_1	13	262978	286
Chi_P10_1	13	262978	103
Chi_P10_1	13	262978	194
Chi_P10_1	13	262978	214
Chi_P10_1	13	262978	139
Chi_P10_1	13	262978	174
Chi_P10_1	13	262978	75
Chi_P10_1	13	262978	109
Chi_P10_1	13	262978	137
Chi_P10_1	13	262978	313
Chi_P10_1	13	262978	72
Chi_P10_1	13	262978	108
Chi_P10_1	13	262978	125
Chi_P10_1	13	262978	94
Chi_P10_1	13	262978	275
Chi_P10_1	13	262978	106
Chi_P10_1	13	262978	104
Chi_P10_1	13	262978	113
Chi_P10_1	13	262978	336
Chi_P10_1	13	262978	194
Chi_P10_1	13	262978	254
Chi_P10_1	13	262978	116
Chi_P10_1	13	262978	602
Chi_P10_1	13	262978	164
Chi_P10_1	13	262978	123
Chi_P10_1	13	262978	115
Chi_P10_1	13	262978	204
Chi_P10_1	13	262978	109
Chi_P10_1	13	262978	43
Chi_P10_1	13	262978	70
Chi_P10_1	13	262978	126
Chi_P10_1	13	262978	208
Chi_P10_1	13	262978	195
Chi_P10_1	13	262978	129
Chi_P10_1	13	262978	125
Chi_P10_1	13	262978	93
Chi_P10_1	13	262978	80
Chi_P10_1	13	262978	260
Chi_P10_1	13	262978	155
Chi_P10_1	13	262978	123
Chi_P10_1	13	262978	189
Chi_P10_1	13	262978	123
Chi_P10_1	13	262978	147
Chi_P10_1	13	262978	96
Chi_P10_1	13	262978	152
Chi_P10_1	13	262978	206
Chi_P10_1	13	262978	112
Chi_P10_1	13	262978	152
Chi_P10_1	13	262978	107
Chi_P10_1	13	262978	168
Chi_P10_1	13	262978	204
Chi_P10_1	13	262978	147
Chi_P10_1	13	262978	142
Chi_P10_1	13	262978	199
Chi_P10_1	13	262978	109
Chi_P10_1	13	262978	86
Chi_P10_1	13	262978	95
Chi_P10_1	13	262978	130
Chi_P10_1	13	262978	103
Chi_P10_1	13	262978	82
Chi_P10_1	13	262978	242
Chi_P10_1	13	262978	88
Chi_P10_1	13	262978	209
Chi_P10_1	13	262978	175
Chi_P10_1	13	262978	119
Chi_P10_1	13	262978	68
Chi_P10_1	13	262978	132
Chi_P10_1	13	262978	75
Chi_P10_1	13	262978	193
Chi_P10_1	13	262978	188
Chi_P10_1	13	262978	87
Chi_P10_1	13	262978	130
Chi_P10_1	13	262978	132
Chi_P10_1	13	262978	94
Chi_P10_1	13	262978	74
Chi_P10_1	13	262978	116
Chi_P10_1	13	262978	111
Chi_P10_1	13	262978	70
Chi_P10_1	13	262978	195
Chi_P10_1	13	262978	93
Chi_P10_1	13	262978	94
Chi_P10_1	13	262978	185
Chi_P10_1	13	262978	328
Chi_P10_1	13	262978	126
Chi_P10_1	13	262978	173
Chi_P10_1	13	262978	180
Chi_P10_1	13	262978	134
Chi_P10_1	13	262978	121
Chi_P10_1	13	262978	181
Chi_P10_1	13	262978	195
Chi_P10_1	13	262978	269
Chi_P10_1	13	262978	313
Chi_P10_1	13	262978	133
Chi_P10_1	13	262978	252
Chi_P10_1	13	262978	86
Chi_P10_1	13	262978	68
Chi_P10_1	13	262978	77
Chi_P10_1	13	262978	106
Chi_P10_1	13	262978	187
Chi_P10_1	13	262978	103
Chi_P10_1	13	262978	447
Chi_P10_1	13	262978	869
Chi_P10_1	13	262978	108
Chi_P10_1	13	262978	21
Chi_P10_1	13	262978	78
Chi_P10_1	13	262978	166
Chi_P10_1	13	262978	422
Chi_P10_1	14	243175	177
Chi_P10_1	14	243175	175
Chi_P10_1	14	243175	306
Chi_P10_1	14	243175	157
Chi_P10_1	14	243175	88
Chi_P10_1	14	243175	141
Chi_P10_1	14	243175	103
Chi_P10_1	14	243175	117
Chi_P10_1	14	243175	176
Chi_P10_1	14	243175	115
Chi_P10_1	14	243175	250
Chi_P10_1	14	243175	263
Chi_P10_1	14	243175	183
Chi_P10_1	14	243175	175
Chi_P10_1	14	243175	108
Chi_P10_1	14	243175	203
Chi_P10_1	14	243175	313
Chi_P10_1	14	243175	132
Chi_P10_1	14	243175	155
Chi_P10_1	14	243175	190
Chi_P10_1	14	243175	292
Chi_P10_1	14	243175	143
Chi_P10_1	14	243175	121
Chi_P10_1	14	243175	113
Chi_P10_1	14	243175	168
Chi_P10_1	14	243175	138
Chi_P10_1	14	243175	236
Chi_P10_1	14	243175	77
Chi_P10_1	14	243175	127
Chi_P10_1	14	243175	92
Chi_P10_1	14	243175	114
Chi_P10_1	14	243175	112
Chi_P10_1	14	243175	74
Chi_P10_1	14	243175	186
Chi_P10_1	14	243175	322
Chi_P10_1	14	243175	126
Chi_P10_1	14	243175	97
Chi_P10_1	14	243175	150
Chi_P10_1	14	243175	178
Chi_P10_1	14	243175	166
Chi_P10_1	14	243175	134
Chi_P10_1	14	243175	115
Chi_P10_1	14	243175	264
Chi_P10_1	14	243175	132
Chi_P10_1	14	243175	126
Chi_P10_1	14	243175	162
Chi_P10_1	14	243175	101
Chi_P10_1	14	243175	95
Chi_P10_1	14	243175	94
Chi_P10_1	14	243175	158
Chi_P10_1	14	243175	58
Chi_P10_1	14	243175	193
Chi_P10_1	14	243175	54
Chi_P10_1	14	243175	127
Chi_P10_1	14	243175	167
Chi_P10_1	14	243175	229
Chi_P10_1	14	243175	129
Chi_P10_1	14	243175	217
Chi_P10_1	14	243175	166
Chi_P10_1	14	243175	162
Chi_P10_1	14	243175	83
Chi_P10_1	14	243175	124
Chi_P10_1	14	243175	129
Chi_P10_1	14	243175	153
Chi_P10_1	14	243175	160
Chi_P10_1	14	243175	104
Chi_P10_1	14	243175	181
Chi_P10_1	14	243175	100
Chi_P10_1	14	243175	108
Chi_P10_1	14	243175	164
Chi_P10_1	14	243175	114
Chi_P10_1	14	243175	33
Chi_P10_1	14	243175	25
Chi_P10_1	14	243175	35
Chi_P10_1	14	243175	102
Chi_P10_1	14	243175	129
Chi_P10_1	14	243175	58
Chi_P10_1	14	243175	84
Chi_P10_1	14	243175	33
Chi_P10_1	14	243175	117
Chi_P10_1	14	243175	76
Chi_P10_1	14	243175	91
Chi_P10_1	14	243175	31
Chi_P10_1	14	243175	75
Chi_P10_1	14	243175	72
Chi_P10_1	14	243175	65
Chi_P10_1	14	243175	77
Chi_P10_1	14	243175	106
Chi_P10_1	14	243175	68
Chi_P10_1	14	243175	63
Chi_P10_1	14	243175	77
Chi_P10_1	14	243175	164
Chi_P10_1	14	243175	205
Chi_P10_1	15	223565	70
Chi_P10_1	15	223565	104
Chi_P10_1	15	223565	81
Chi_P10_1	15	223565	41
Chi_P10_1	15	223565	79
Chi_P10_1	15	223565	37
Chi_P10_1	15	223565	11
Chi_P10_1	15	223565	14
Chi_P10_1	15	223565	29
Chi_P10_1	15	223565	19
Chi_P10_1	15	223565	29
Chi_P10_1	15	223565	19
Chi_P10_1	15	223565	40
Chi_P10_1	15	223565	78
Chi_P10_1	15	223565	80
Chi_P10_1	15	223565	83
Chi_P10_1	15	223565	153
Chi_P10_1	15	223565	78
Chi_P10_1	15	223565	155
Chi_P10_1	15	223565	62
Chi_P10_1	15	223565	46
Chi_P10_1	15	223565	97
Chi_P10_1	15	223565	133
Chi_P10_1	15	223565	83
Chi_P10_1	15	223565	17
Chi_P10_1	15	223565	41
Chi_P10_1	15	223565	158
Chi_P10_1	15	223565	147
Chi_P10_1	15	223565	97
Chi_P10_1	15	223565	37
Chi_P10_1	15	223565	66
Chi_P10_1	15	223565	30
Chi_P10_1	15	223565	58
Chi_P10_1	15	223565	92
Chi_P10_1	15	223565	149
Chi_P10_1	15	223565	66
Chi_P10_1	15	223565	38
Chi_P10_1	15	223565	68
Chi_P10_1	15	223565	43
Chi_P10_1	15	223565	10
Chi_P10_1	15	223565	51
Chi_P10_1	15	223565	88
Chi_P10_1	15	223565	77
Chi_P10_1	15	223565	80
Chi_P10_1	15	223565	71
Chi_P10_1	15	223565	82
Chi_P10_1	15	223565	39
Chi_P10_1	15	223565	107
Chi_P10_1	15	223565	29
Chi_P10_1	15	223565	84
Chi_P10_1	15	223565	50
Chi_P10_1	15	223565	37
Chi_P10_1	15	223565	38
Chi_P10_1	15	223565	12
Chi_P10_1	15	223565	45
Chi_P10_1	15	223565	76
Chi_P10_1	15	223565	99
Chi_P10_1	15	223565	57
Chi_P10_1	15	223565	86
Chi_P10_1	15	223565	30
Chi_P10_1	15	223565	58
Chi_P10_1	15	223565	108
Chi_P10_1	15	223565	84
Chi_P10_1	15	223565	64
Chi_P10_1	15	223565	31
Chi_P10_1	15	223565	140
Chi_P10_1	15	223565	78
Chi_P10_1	15	223565	50
Chi_P10_1	15	223565	67
Chi_P10_1	15	223565	108
Chi_P10_1	15	223565	119
Chi_P10_1	15	223565	39
Chi_P10_1	15	223565	16
Chi_P10_1	15	223565	209
Chi_P10_1	15	223565	127
Chi_P10_1	15	223565	59
Chi_P10_1	15	223565	64
Chi_P10_1	15	223565	87
Chi_P10_1	15	223565	138
Chi_P10_1	15	223565	127
Chi_P10_1	15	223565	88
Chi_P10_1	15	223565	179
Chi_P10_1	15	223565	83
Chi_P10_1	15	223565	236
Chi_P10_1	15	223565	117
Chi_P10_1	15	223565	272
Chi_P10_1	15	223565	147
Chi_P10_1	15	223565	114
Chi_P10_1	15	223565	109
Chi_P10_1	15	223565	98
Chi_P10_1	15	223565	314
Chi_P10_1	15	223565	87
Chi_P10_1	15	223565	166
Chi_P10_1	15	223565	185
Chi_P10_1	15	223565	112
Chi_P10_1	16	152675	58
Chi_P10_1	16	152675	41
Chi_P10_1	16	152675	53
Chi_P10_1	16	152675	30
Chi_P10_1	16	152675	28
Chi_P10_1	16	152675	23
Chi_P10_1	16	152675	88
Chi_P10_1	16	152675	69
Chi_P10_1	16	152675	134
Chi_P10_1	16	152675	113
Chi_P10_1	16	152675	148
Chi_P10_1	16	152675	104
Chi_P10_1	16	152675	113
Chi_P10_1	16	152675	275
Chi_P10_1	16	152675	74
Chi_P10_1	16	152675	158
Chi_P10_1	16	152675	136
Chi_P10_1	16	152675	298
Chi_P10_1	16	152675	124
Chi_P10_1	16	152675	119
Chi_P10_1	16	152675	135
Chi_P10_1	16	152675	102
Chi_P10_1	16	152675	112
Chi_P10_1	16	152675	122
Chi_P10_1	16	152675	76
Chi_P10_1	16	152675	210
Chi_P10_1	16	152675	116
Chi_P10_1	16	152675	78
Chi_P10_1	16	152675	133
Chi_P10_1	16	152675	77
Chi_P10_1	16	152675	75
Chi_P10_1	16	152675	130
Chi_P10_1	16	152675	115
Chi_P10_1	16	152675	89
Chi_P10_1	16	152675	124
Chi_P10_1	16	152675	91
Chi_P10_1	16	152675	88
Chi_P10_1	16	152675	221
Chi_P10_1	16	152675	169
Chi_P10_1	16	152675	69
Chi_P10_1	16	152675	166
Chi_P10_1	16	152675	129
Chi_P10_1	16	152675	162
Chi_P10_1	16	152675	114
Chi_P10_1	16	152675	158
Chi_P10_1	16	152675	108
Chi_P10_1	16	152675	126
Chi_P10_1	16	152675	64
Chi_P10_1	16	152675	85
Chi_P10_1	16	152675	118
Chi_P10_1	16	152675	94
Chi_P10_1	16	152675	37
Chi_P10_1	16	152675	41
Chi_P10_1	16	152675	90
Chi_P10_1	16	152675	90
Chi_P10_1	16	152675	67
Chi_P10_1	16	152675	15
Chi_P10_1	16	152675	123
Chi_P10_1	16	152675	167
Chi_P10_1	16	152675	121
Chi_P10_1	16	152675	149
Chi_P10_1	16	152675	134
Chi_P10_1	16	152675	78
Chi_P10_1	16	152675	96
Chi_P10_1	16	152675	200
Chi_P10_1	17	275045	222
Chi_P10_1	17	275045	124
Chi_P10_1	17	275045	157
Chi_P10_1	17	275045	126
Chi_P10_1	17	275045	88
Chi_P10_1	17	275045	138
Chi_P10_1	17	275045	112
Chi_P10_1	17	275045	194
Chi_P10_1	17	275045	129
Chi_P10_1	17	275045	188
Chi_P10_1	17	275045	162
Chi_P10_1	17	275045	144
Chi_P10_1	17	275045	157
Chi_P10_1	17	275045	143
Chi_P10_1	17	275045	205
Chi_P10_1	17	275045	145
Chi_P10_1	17	275045	167
Chi_P10_1	17	275045	169
Chi_P10_1	17	275045	88
Chi_P10_1	17	275045	104
Chi_P10_1	17	275045	145
Chi_P10_1	17	275045	59
Chi_P10_1	17	275045	114
Chi_P10_1	17	275045	158
Chi_P10_1	17	275045	86
Chi_P10_1	17	275045	101
Chi_P10_1	17	275045	198
Chi_P10_1	17	275045	115
Chi_P10_1	17	275045	69
Chi_P10_1	17	275045	135
Chi_P10_1	17	275045	120
Chi_P10_1	17	275045	243
Chi_P10_1	17	275045	74
Chi_P10_1	17	275045	83
Chi_P10_1	17	275045	112
Chi_P10_1	17	275045	180
Chi_P10_1	17	275045	83
Chi_P10_1	17	275045	108
Chi_P10_1	17	275045	286
Chi_P10_1	17	275045	217
Chi_P10_1	17	275045	174
Chi_P10_1	17	275045	137
Chi_P10_1	17	275045	156
Chi_P10_1	17	275045	146
Chi_P10_1	17	275045	106
Chi_P10_1	17	275045	182
Chi_P10_1	17	275045	88
Chi_P10_1	17	275045	145
Chi_P10_1	17	275045	206
Chi_P10_1	17	275045	100
Chi_P10_1	17	275045	103
Chi_P10_1	17	275045	82
Chi_P10_1	17	275045	18
Chi_P10_1	17	275045	77
Chi_P10_1	17	275045	118
Chi_P10_1	17	275045	74
Chi_P10_1	17	275045	116
Chi_P10_1	17	275045	65
Chi_P10_1	17	275045	127
Chi_P10_1	17	275045	168
Chi_P10_1	17	275045	209
Chi_P10_1	17	275045	165
Chi_P10_1	17	275045	107
Chi_P10_1	17	275045	184
Chi_P10_1	17	275045	128
Chi_P10_1	17	275045	161
Chi_P10_1	17	275045	270
Chi_P10_1	17	275045	119
Chi_P10_1	17	275045	171
Chi_P10_1	17	275045	145
Chi_P10_1	17	275045	269
Chi_P10_1	17	275045	135
Chi_P10_1	17	275045	125
Chi_P10_1	17	275045	220
Chi_P10_1	17	275045	112
Chi_P10_1	17	275045	189
Chi_P10_1	17	275045	34
Chi_P10_1	17	275045	195
Chi_P10_1	17	275045	100
Chi_P10_1	17	275045	238
Chi_P10_1	17	275045	81
Chi_P10_1	17	275045	247
Chi_P10_1	17	275045	169
Chi_P10_1	17	275045	93
Chi_P10_1	17	275045	96
Chi_P10_1	17	275045	96
Chi_P10_1	17	275045	494
Chi_P10_1	17	275045	217
Chi_P10_1	17	275045	116
Chi_P10_1	17	275045	194
Chi_P10_1	17	275045	124
Chi_P10_1	17	275045	108
Chi_P10_1	17	275045	136
Chi_P10_1	17	275045	151
Chi_P10_1	17	275045	183
Chi_P10_1	17	275045	187
Chi_P10_1	17	275045	94
Chi_P10_1	17	275045	287
Chi_P10_1	17	275045	252
Chi_P10_1	17	275045	335
Chi_P10_1	17	275045	102
Chi_P10_1	17	275045	144
Chi_P10_1	17	275045	68
Chi_P10_1	17	275045	144
Chi_P10_1	17	275045	153
Chi_P10_1	17	275045	44
Chi_P10_1	17	275045	49
Chi_P10_1	17	275045	122
Chi_P10_1	17	275045	156
Chi_P10_1	17	275045	69
Chi_P10_1	18	253410	50
Chi_P10_1	18	253410	250
Chi_P10_1	18	253410	107
Chi_P10_1	18	253410	84
Chi_P10_1	18	253410	83
Chi_P10_1	18	253410	123
Chi_P10_1	18	253410	146
Chi_P10_1	18	253410	85
Chi_P10_1	18	253410	127
Chi_P10_1	18	253410	115
Chi_P10_1	18	253410	75
Chi_P10_1	18	253410	86
Chi_P10_1	18	253410	198
Chi_P10_1	18	253410	110
Chi_P10_1	18	253410	197
Chi_P10_1	18	253410	140
Chi_P10_1	18	253410	86
Chi_P10_1	18	253410	88
Chi_P10_1	18	253410	91
Chi_P10_1	18	253410	121
Chi_P10_1	18	253410	111
Chi_P10_1	18	253410	115
Chi_P10_1	18	253410	126
Chi_P10_1	18	253410	138
Chi_P10_1	18	253410	143
Chi_P10_1	18	253410	164
Chi_P10_1	18	253410	142
Chi_P10_1	18	253410	197
Chi_P10_1	18	253410	160
Chi_P10_1	18	253410	164
Chi_P10_1	18	253410	137
Chi_P10_1	18	253410	113
Chi_P10_1	18	253410	166
Chi_P10_1	18	253410	113
Chi_P10_1	18	253410	133
Chi_P10_1	18	253410	116
Chi_P10_1	18	253410	106
Chi_P10_1	18	253410	103
Chi_P10_1	18	253410	89
Chi_P10_1	18	253410	112
Chi_P10_1	18	253410	141
Chi_P10_1	18	253410	131
Chi_P10_1	18	253410	101
Chi_P10_1	18	253410	36
Chi_P10_1	18	253410	103
Chi_P10_1	18	253410	98
Chi_P10_1	18	253410	143
Chi_P10_1	18	253410	172
Chi_P10_1	18	253410	72
Chi_P10_1	18	253410	96
Chi_P10_1	18	253410	115
Chi_P10_1	18	253410	92
Chi_P10_1	18	253410	66
Chi_P10_1	18	253410	125
Chi_P10_1	18	253410	95
Chi_P10_1	18	253410	56
Chi_P10_1	18	253410	161
Chi_P10_1	18	253410	104
Chi_P10_1	18	253410	84
Chi_P10_1	18	253410	193
Chi_P10_1	18	253410	81
Chi_P10_1	18	253410	88
Chi_P10_1	18	253410	103
Chi_P10_1	18	253410	164
Chi_P10_1	18	253410	103
Chi_P10_1	18	253410	93
Chi_P10_1	18	253410	93
Chi_P10_1	18	253410	129
Chi_P10_1	18	253410	81
Chi_P10_1	18	253410	52
Chi_P10_1	18	253410	70
Chi_P10_1	18	253410	92
Chi_P10_1	18	253410	23
Chi_P10_1	18	253410	81
Chi_P10_1	18	253410	124
Chi_P10_1	18	253410	65
Chi_P10_1	18	253410	94
Chi_P10_1	18	253410	72
Chi_P10_1	18	253410	91
Chi_P10_1	18	253410	70
Chi_P10_1	18	253410	97
Chi_P10_1	18	253410	196
Chi_P10_1	18	253410	101
Chi_P10_1	18	253410	59
Chi_P10_1	18	253410	238
Chi_P10_1	18	253410	183
Chi_P10_1	18	253410	81
Chi_P10_1	18	253410	142
Chi_P10_1	18	253410	143
Chi_P10_1	18	253410	133
Chi_P10_1	19	325903	43
Chi_P10_1	19	325903	55
Chi_P10_1	19	325903	192
Chi_P10_1	19	325903	99
Chi_P10_1	19	325903	156
Chi_P10_1	19	325903	123
Chi_P10_1	19	325903	114
Chi_P10_1	19	325903	247
Chi_P10_1	19	325903	82
Chi_P10_1	19	325903	203
Chi_P10_1	19	325903	132
Chi_P10_1	19	325903	181
Chi_P10_1	19	325903	118
Chi_P10_1	19	325903	113
Chi_P10_1	19	325903	119
Chi_P10_1	19	325903	163
Chi_P10_1	19	325903	108
Chi_P10_1	19	325903	114
Chi_P10_1	19	325903	113
Chi_P10_1	19	325903	286
Chi_P10_1	19	325903	171
Chi_P10_1	19	325903	102
Chi_P10_1	19	325903	137
Chi_P10_1	19	325903	205
Chi_P10_1	19	325903	212
Chi_P10_1	19	325903	138
Chi_P10_1	19	325903	279
Chi_P10_1	19	325903	90
Chi_P10_1	19	325903	90
Chi_P10_1	19	325903	112
Chi_P10_1	19	325903	255
Chi_P10_1	19	325903	173
Chi_P10_1	19	325903	93
Chi_P10_1	19	325903	289
Chi_P10_1	19	325903	86
Chi_P10_1	19	325903	135
Chi_P10_1	19	325903	132
Chi_P10_1	19	325903	185
Chi_P10_1	19	325903	168
Chi_P10_1	19	325903	109
Chi_P10_1	19	325903	107
Chi_P10_1	19	325903	234
Chi_P10_1	19	325903	301
Chi_P10_1	19	325903	226
Chi_P10_1	19	325903	136
Chi_P10_1	19	325903	101
Chi_P10_1	19	325903	246
Chi_P10_1	19	325903	424
Chi_P10_1	19	325903	328
Chi_P10_1	19	325903	196
Chi_P10_1	19	325903	123
Chi_P10_1	19	325903	78
Chi_P10_1	19	325903	69
Chi_P10_1	19	325903	104
Chi_P10_1	19	325903	128
Chi_P10_1	19	325903	88
Chi_P10_1	19	325903	173
Chi_P10_1	19	325903	454
Chi_P10_1	19	325903	94
Chi_P10_1	19	325903	26
Chi_P10_1	19	325903	80
Chi_P10_1	19	325903	180
Chi_P10_1	19	325903	240
Chi_P10_1	19	325903	132
Chi_P10_1	19	325903	342
Chi_P10_1	19	325903	68
Chi_P10_1	19	325903	114
Chi_P10_1	19	325903	78
Chi_P10_1	19	325903	83
Chi_P10_1	19	325903	136
Chi_P10_1	19	325903	189
Chi_P10_1	19	325903	116
Chi_P10_1	19	325903	101
Chi_P10_1	19	325903	178
Chi_P10_1	19	325903	120
Chi_P10_1	19	325903	161
Chi_P10_1	19	325903	164
Chi_P10_1	19	325903	107
Chi_P10_1	19	325903	148
Chi_P10_1	19	325903	186
Chi_P10_1	19	325903	77
Chi_P10_1	19	325903	509
Chi_P10_1	19	325903	107
Chi_P10_1	19	325903	115
Chi_P10_1	19	325903	143
Chi_P10_1	19	325903	214
Chi_P10_1	19	325903	87
Chi_P10_1	19	325903	99
Chi_P10_1	19	325903	132
Chi_P10_1	19	325903	112
Chi_P10_1	19	325903	51
Chi_P10_1	19	325903	66
Chi_P10_1	19	325903	112
Chi_P10_1	19	325903	110
Chi_P10_1	19	325903	72
Chi_P10_1	19	325903	418
Chi_P10_1	19	325903	69
Chi_P10_1	19	325903	99
Chi_P10_1	19	325903	86
Chi_P10_1	19	325903	70
Chi_P10_1	19	325903	94
Chi_P10_1	19	325903	101
Chi_P10_1	19	325903	171
Chi_P10_1	19	325903	164
Chi_P10_1	19	325903	485
Chi_P10_1	19	325903	91
Chi_P10_1	19	325903	219
Chi_P10_1	19	325903	109
Chi_P10_1	19	325903	49
Chi_P10_1	19	325903	89
Chi_P10_1	19	325903	111
Chi_P10_1	19	325903	128
Chi_P10_1	19	325903	80
Chi_P10_1	19	325903	421
Chi_P10_1	19	325903	119
Chi_P10_1	19	325903	87
Chi_P10_1	19	325903	90
Chi_P10_1	19	325903	281
Chi_P10_1	19	325903	95
Chi_P10_1	19	325903	84
Chi_P10_1	19	325903	76
Chi_P10_1	19	325903	120
Chi_P10_1	19	325903	168
Chi_P10_1	19	325903	114
Chi_P10_1	19	325903	168
Chi_P10_1	19	325903	137
Chi_P10_1	19	325903	22
Chi_P10_1	19	325903	44
Chi_P10_1	19	325903	128
Chi_P10_1	19	325903	37
Chi_P10_1	19	325903	15
Chi_P10_1	19	325903	105
Chi_P10_1	19	325903	115
Chi_P10_1	19	325903	71
Chi_P10_1	19	325903	59
Chi_P10_1	19	325903	55
Chi_P10_1	19	325903	162
Chi_P10_1	19	325903	104
Chi_P10_1	19	325903	329
Chi_P10_1	19	325903	155
Chi_P10_1	19	325903	77
Chi_P10_1	19	325903	97
Chi_P10_1	19	325903	32
Chi_P10_1	19	325903	123
Chi_P10_1	19	325903	54
Chi_P10_1	19	325903	70
Chi_P10_1	19	325903	118
Chi_P10_1	19	325903	95
Chi_P10_1	19	325903	111
Chi_P10_1	19	325903	44
Chi_P10_1	19	325903	85
Chi_P10_1	19	325903	91
Chi_P10_1	19	325903	76
Chi_P10_1	19	325903	11
Chi_P10_1	19	325903	146
Chi_P10_1	19	325903	39
Chi_P10_1	20	300304	64
Chi_P10_1	20	300304	111
Chi_P10_1	20	300304	98
Chi_P10_1	20	300304	24
Chi_P10_1	20	300304	170
Chi_P10_1	20	300304	41
Chi_P10_1	20	300304	28
Chi_P10_1	20	300304	111
Chi_P10_1	20	300304	221
Chi_P10_1	20	300304	79
Chi_P10_1	20	300304	125
Chi_P10_1	20	300304	177
Chi_P10_1	20	300304	136
Chi_P10_1	20	300304	148
Chi_P10_1	20	300304	195
Chi_P10_1	20	300304	200
Chi_P10_1	20	300304	225
Chi_P10_1	20	300304	54
Chi_P10_1	20	300304	112
Chi_P10_1	20	300304	130
Chi_P10_1	20	300304	137
Chi_P10_1	20	300304	105
Chi_P10_1	20	300304	126
Chi_P10_1	20	300304	105
Chi_P10_1	20	300304	46
Chi_P10_1	20	300304	129
Chi_P10_1	20	300304	151
Chi_P10_1	20	300304	15
Chi_P10_1	20	300304	149
Chi_P10_1	20	300304	15
Chi_P10_1	20	300304	126
Chi_P10_1	20	300304	131
Chi_P10_1	20	300304	83
Chi_P10_1	20	300304	192
Chi_P10_1	20	300304	103
Chi_P10_1	20	300304	37
Chi_P10_1	20	300304	94
Chi_P10_1	20	300304	136
Chi_P10_1	20	300304	46
Chi_P10_1	20	300304	129
Chi_P10_1	20	300304	291
Chi_P10_1	20	300304	59
Chi_P10_1	20	300304	143
Chi_P10_1	20	300304	60
Chi_P10_1	20	300304	104
Chi_P10_1	20	300304	193
Chi_P10_1	20	300304	108
Chi_P10_1	20	300304	99
Chi_P10_1	20	300304	122
Chi_P10_1	20	300304	120
Chi_P10_1	20	300304	85
Chi_P10_1	20	300304	254
Chi_P10_1	20	300304	135
Chi_P10_1	20	300304	136
Chi_P10_1	20	300304	133
Chi_P10_1	20	300304	129
Chi_P10_1	20	300304	149
Chi_P10_1	20	300304	65
Chi_P10_1	20	300304	151
Chi_P10_1	20	300304	84
Chi_P10_1	20	300304	198
Chi_P10_1	20	300304	110
Chi_P10_1	20	300304	85
Chi_P10_1	20	300304	121
Chi_P10_1	20	300304	266
Chi_P10_1	20	300304	89
Chi_P10_1	20	300304	136
Chi_P10_1	20	300304	810
Chi_P10_1	20	300304	173
Chi_P10_1	20	300304	153
Chi_P10_1	20	300304	248
Chi_P10_1	20	300304	173
Chi_P10_1	20	300304	17
Chi_P10_1	20	300304	169
Chi_P10_1	20	300304	160
Chi_P10_1	20	300304	110
Chi_P10_1	20	300304	42
Chi_P10_1	20	300304	202
Chi_P10_1	20	300304	146
Chi_P10_1	20	300304	82
Chi_P10_1	20	300304	126
Chi_P10_1	20	300304	159
Chi_P10_1	20	300304	126
Chi_P10_1	20	300304	163
Chi_P10_1	20	300304	290
Chi_P10_1	20	300304	62
Chi_P10_1	20	300304	19
Chi_P10_1	20	300304	48
Chi_P10_1	21	351058	32
Chi_P10_1	21	351058	42
Chi_P10_1	21	351058	145
Chi_P10_1	21	351058	48
Chi_P10_1	21	351058	74
Chi_P10_1	21	351058	41
Chi_P10_1	21	351058	61
Chi_P10_1	21	351058	31
Chi_P10_1	21	351058	58
Chi_P10_1	21	351058	126
Chi_P10_1	21	351058	70
Chi_P10_1	21	351058	284
Chi_P10_1	21	351058	126
Chi_P10_1	21	351058	86
Chi_P10_1	21	351058	103
Chi_P10_1	21	351058	133
Chi_P10_1	21	351058	111
Chi_P10_1	21	351058	127
Chi_P10_1	21	351058	17
Chi_P10_1	21	351058	278
Chi_P10_1	21	351058	68
Chi_P10_1	21	351058	129
Chi_P10_1	21	351058	119
Chi_P10_1	21	351058	273
Chi_P10_1	21	351058	182
Chi_P10_1	21	351058	184
Chi_P10_1	21	351058	123
Chi_P10_1	21	351058	62
Chi_P10_1	21	351058	148
Chi_P10_1	21	351058	149
Chi_P10_1	21	351058	104
Chi_P10_1	21	351058	97
Chi_P10_1	21	351058	104
Chi_P10_1	21	351058	122
Chi_P10_1	21	351058	367
Chi_P10_1	21	351058	102
Chi_P10_1	21	351058	89
Chi_P10_1	21	351058	148
Chi_P10_1	21	351058	129
Chi_P10_1	21	351058	119
Chi_P10_1	21	351058	98
Chi_P10_1	21	351058	108
Chi_P10_1	21	351058	122
Chi_P10_1	21	351058	155
Chi_P10_1	21	351058	156
Chi_P10_1	21	351058	168
Chi_P10_1	21	351058	65
Chi_P10_1	21	351058	138
Chi_P10_1	21	351058	206
Chi_P10_1	21	351058	106
Chi_P10_1	21	351058	101
Chi_P10_1	21	351058	94
Chi_P10_1	21	351058	265
Chi_P10_1	21	351058	131
Chi_P10_1	21	351058	126
Chi_P10_1	21	351058	105
Chi_P10_1	21	351058	126
Chi_P10_1	21	351058	162
Chi_P10_1	21	351058	139
Chi_P10_1	21	351058	138
Chi_P10_1	21	351058	146
Chi_P10_1	21	351058	128
Chi_P10_1	21	351058	122
Chi_P10_1	21	351058	138
Chi_P10_1	21	351058	96
Chi_P10_1	21	351058	90
Chi_P10_1	21	351058	126
Chi_P10_1	21	351058	197
Chi_P10_1	21	351058	71
Chi_P10_1	21	351058	232
Chi_P10_1	21	351058	99
Chi_P10_1	21	351058	85
Chi_P10_1	21	351058	116
Chi_P10_1	21	351058	69
Chi_P10_1	21	351058	65
Chi_P10_1	21	351058	103
Chi_P10_1	21	351058	85
Chi_P10_1	21	351058	159
Chi_P10_1	21	351058	102
Chi_P10_1	21	351058	92
Chi_P10_1	21	351058	97
Chi_P10_1	21	351058	147
Chi_P10_1	21	351058	104
Chi_P10_1	21	351058	130
Chi_P10_1	21	351058	122
Chi_P10_1	21	351058	114
Chi_P10_1	21	351058	75
Chi_P10_1	21	351058	170
Chi_P10_1	21	351058	95
Chi_P10_1	21	351058	94
Chi_P10_1	21	351058	99
Chi_P10_1	21	351058	238
Chi_P10_1	21	351058	110
Chi_P10_1	21	351058	113
Chi_P10_1	21	351058	196
Chi_P10_1	21	351058	164
Chi_P10_1	21	351058	151
Chi_P10_1	21	351058	201
Chi_P10_1	21	351058	176
Chi_P10_1	21	351058	144
Chi_P10_1	21	351058	23
Chi_P10_1	22	297842	155
Chi_P10_1	22	297842	83
Chi_P10_1	22	297842	122
Chi_P10_1	22	297842	45
Chi_P10_1	22	297842	171
Chi_P10_1	22	297842	147
Chi_P10_1	22	297842	241
Chi_P10_1	22	297842	75
Chi_P10_1	22	297842	70
Chi_P10_1	22	297842	147
Chi_P10_1	22	297842	73
Chi_P10_1	22	297842	81
Chi_P10_1	22	297842	109
Chi_P10_1	22	297842	99
Chi_P10_1	22	297842	73
Chi_P10_1	22	297842	126
Chi_P10_1	22	297842	110
Chi_P10_1	22	297842	162
Chi_P10_1	22	297842	85
Chi_P10_1	22	297842	215
Chi_P10_1	22	297842	119
Chi_P10_1	22	297842	111
Chi_P10_1	22	297842	88
Chi_P10_1	22	297842	135
Chi_P10_1	22	297842	62
Chi_P10_1	22	297842	185
Chi_P10_1	22	297842	343
Chi_P10_1	22	297842	56
Chi_P10_1	22	297842	66
Chi_P10_1	22	297842	140
Chi_P10_1	22	297842	82
Chi_P10_1	22	297842	140
Chi_P10_1	22	297842	74
Chi_P10_1	22	297842	156
Chi_P10_1	22	297842	240
Chi_P10_1	22	297842	61
Chi_P10_1	22	297842	152
Chi_P10_1	22	297842	109
Chi_P10_1	22	297842	64
Chi_P10_1	22	297842	120
Chi_P10_1	22	297842	135
Chi_P10_1	22	297842	284
Chi_P10_1	22	297842	78
Chi_P10_1	22	297842	81
Chi_P10_1	22	297842	35
Chi_P10_1	22	297842	131
Chi_P10_1	22	297842	68
Chi_P10_1	22	297842	98
Chi_P10_1	22	297842	29
Chi_P10_1	22	297842	128
Chi_P10_1	22	297842	65
Chi_P10_1	22	297842	51
Chi_P10_1	22	297842	95
Chi_P10_1	22	297842	94
Chi_P10_1	22	297842	36
Chi_P10_1	22	297842	67
Chi_P10_1	22	297842	317
Chi_P10_1	22	297842	49
Chi_P10_1	22	297842	82
Chi_P10_1	22	297842	13
Chi_P10_1	22	297842	18
Chi_P10_1	22	297842	124
Chi_P10_1	22	297842	278
Chi_P10_1	22	297842	58
Chi_P10_1	22	297842	74
Chi_P10_1	22	297842	95
Chi_P10_1	22	297842	80
Chi_P10_1	22	297842	236
Chi_P10_1	22	297842	48
Chi_P10_1	22	297842	112
Chi_P10_1	22	297842	164
Chi_P10_1	22	297842	145
Chi_P10_1	22	297842	51
Chi_P10_1	22	297842	49
Chi_P10_1	22	297842	91
Chi_P10_1	22	297842	77
Chi_P10_1	22	297842	105
Chi_P10_1	22	297842	57
Chi_P10_1	22	297842	21
Chi_P10_1	22	297842	52
Chi_P10_1	22	297842	51
Chi_P10_1	22	297842	56
Chi_P10_1	22	297842	77
Chi_P10_1	22	297842	25
Chi_P10_1	22	297842	110
Chi_P10_1	22	297842	49
Chi_P10_1	22	297842	114
Chi_P10_1	22	297842	88
Chi_P10_1	22	297842	62
Chi_P10_1	22	297842	47
Chi_P10_1	22	297842	102
Chi_P10_1	22	297842	41
Chi_P10_1	22	297842	133
Chi_P10_1	22	297842	11
Chi_P10_1	22	297842	112
Chi_P10_1	22	297842	91
Chi_P10_1	22	297842	95
Chi_P10_1	22	297842	92
Chi_P10_1	22	297842	39
Chi_P10_1	22	297842	84
Chi_P10_1	22	297842	66
Chi_P10_1	22	297842	53
Chi_P10_1	22	297842	69
Chi_P10_1	22	297842	27
Chi_P10_1	22	297842	83
Chi_P10_1	22	297842	42
Chi_P10_1	22	297842	43
Chi_P10_1	22	297842	84
Chi_P10_1	22	297842	156
Chi_P10_1	22	297842	42
Chi_P10_1	22	297842	117
Chi_P10_1	22	297842	78
Chi_P10_1	22	297842	39
Chi_P10_1	22	297842	32
Chi_P10_1	22	297842	167
Chi_P10_1	22	297842	206
Chi_P10_1	22	297842	51
Chi_P10_1	22	297842	77
Chi_P10_1	22	297842	81
Chi_P10_1	22	297842	200
Chi_P10_1	22	297842	159
Chi_P10_1	22	297842	206
Chi_P10_1	22	297842	87
Chi_P10_1	22	297842	66
Chi_P10_1	22	297842	50
Chi_P10_1	22	297842	157
Chi_P10_1	22	297842	65
Chi_P10_1	22	297842	92
Chi_P10_1	22	297842	74
Chi_P10_1	22	297842	112
Chi_P10_1	22	297842	131
Chi_P10_1	22	297842	43
Chi_P10_1	22	297842	117
Chi_P10_1	22	297842	53
Chi_P10_1	22	297842	54
Chi_P10_1	22	297842	114
Chi_P10_1	22	297842	145
Chi_P10_1	22	297842	75
Chi_P10_1	22	297842	68
Chi_P10_1	22	297842	61
Chi_P10_1	22	297842	81
Chi_P10_1	22	297842	198
Chi_P10_1	22	297842	40
Chi_P10_1	22	297842	130
Chi_P10_1	22	297842	117
Chi_P10_1	22	297842	145
Chi_P10_1	22	297842	172
Chi_P10_1	22	297842	168
Chi_P10_1	22	297842	43
Chi_P10_1	22	297842	165
Chi_P10_1	22	297842	136
Chi_P10_1	22	297842	83
Chi_P10_1	22	297842	10
Chi_P10_1	22	297842	68
Chi_P10_1	22	297842	187
Chi_P10_1	22	297842	251
Chi_P10_1	22	297842	356
Chi_P10_1	22	297842	82
Chi_P10_1	22	297842	139
Chi_P10_1	22	297842	130
Chi_P10_1	22	297842	332
Chi_P10_1	22	297842	88
Chi_P10_1	22	297842	102
Chi_P10_1	22	297842	110
Chi_P10_1	22	297842	295
Chi_P10_1	22	297842	179
Chi_P10_1	22	297842	124
Chi_P10_1	22	297842	170
Chi_P10_1	22	297842	151
Chi_P10_1	22	297842	246
Chi_P10_1	22	297842	174
Chi_P10_1	22	297842	136
Chi_P10_1	23	147928	132
Chi_P10_1	23	147928	50
Chi_P10_1	23	147928	51
Chi_P10_1	23	147928	68
Chi_P10_1	23	147928	82
Chi_P10_1	23	147928	101
Chi_P10_1	23	147928	55
Chi_P10_1	23	147928	117
Chi_P10_1	23	147928	84
Chi_P10_1	23	147928	165
Chi_P10_1	23	147928	87
Chi_P10_1	23	147928	107
Chi_P10_1	23	147928	83
Chi_P10_1	23	147928	206
Chi_P10_1	23	147928	96
Chi_P10_1	23	147928	89
Chi_P10_1	23	147928	94
Chi_P10_1	23	147928	82
Chi_P10_1	23	147928	89
Chi_P10_1	23	147928	37
Chi_P10_1	23	147928	70
Chi_P10_1	23	147928	88
Chi_P10_1	23	147928	146
Chi_P10_1	23	147928	87
Chi_P10_1	23	147928	95
Chi_P10_1	23	147928	132
Chi_P10_1	23	147928	124
Chi_P10_1	23	147928	117
Chi_P10_1	23	147928	73
Chi_P10_1	23	147928	110
Chi_P10_1	23	147928	179
Chi_P10_1	23	147928	80
Chi_P10_1	23	147928	89
Chi_P10_1	23	147928	103
Chi_P10_1	23	147928	143
Chi_P10_1	23	147928	16
Chi_P10_1	23	147928	54
Chi_P10_1	23	147928	116
