fichier	leaf	surfaceLeaf	surfaceLesion
Chi_P07_1	1	339982	85
Chi_P07_1	1	339982	102
Chi_P07_1	1	339982	82
Chi_P07_1	1	339982	95
Chi_P07_1	1	339982	224
Chi_P07_1	1	339982	132
Chi_P07_1	1	339982	90
Chi_P07_1	1	339982	122
Chi_P07_1	1	339982	96
Chi_P07_1	1	339982	139
Chi_P07_1	1	339982	59
Chi_P07_1	1	339982	20
Chi_P07_1	1	339982	113
Chi_P07_1	1	339982	103
Chi_P07_1	1	339982	108
Chi_P07_1	1	339982	119
Chi_P07_1	1	339982	44
Chi_P07_1	1	339982	70
Chi_P07_1	1	339982	99
Chi_P07_1	1	339982	104
Chi_P07_1	1	339982	96
Chi_P07_1	1	339982	109
Chi_P07_1	1	339982	77
Chi_P07_1	1	339982	100
Chi_P07_1	1	339982	81
Chi_P07_1	1	339982	111
Chi_P07_1	1	339982	92
Chi_P07_1	1	339982	40
Chi_P07_1	1	339982	59
Chi_P07_1	1	339982	207
Chi_P07_1	1	339982	84
Chi_P07_1	1	339982	65
Chi_P07_1	1	339982	102
Chi_P07_1	1	339982	67
Chi_P07_1	1	339982	84
Chi_P07_1	1	339982	93
Chi_P07_1	1	339982	117
Chi_P07_1	1	339982	84
Chi_P07_1	1	339982	109
Chi_P07_1	1	339982	126
Chi_P07_1	1	339982	156
Chi_P07_1	1	339982	150
Chi_P07_1	1	339982	131
Chi_P07_1	1	339982	115
Chi_P07_1	1	339982	186
Chi_P07_1	1	339982	144
Chi_P07_1	1	339982	114
Chi_P07_1	1	339982	45
Chi_P07_1	1	339982	85
Chi_P07_1	1	339982	156
Chi_P07_1	1	339982	159
Chi_P07_1	1	339982	134
Chi_P07_1	1	339982	132
Chi_P07_1	1	339982	84
Chi_P07_1	1	339982	82
Chi_P07_1	1	339982	171
Chi_P07_1	1	339982	99
Chi_P07_1	1	339982	99
Chi_P07_1	1	339982	194
Chi_P07_1	1	339982	70
Chi_P07_1	1	339982	79
Chi_P07_1	1	339982	102
Chi_P07_1	1	339982	102
Chi_P07_1	1	339982	232
Chi_P07_1	1	339982	288
Chi_P07_1	1	339982	82
Chi_P07_1	1	339982	86
Chi_P07_1	1	339982	152
Chi_P07_1	1	339982	179
Chi_P07_1	1	339982	119
Chi_P07_1	1	339982	138
Chi_P07_1	1	339982	122
Chi_P07_1	1	339982	124
Chi_P07_1	1	339982	53
Chi_P07_1	1	339982	137
Chi_P07_1	1	339982	266
Chi_P07_1	1	339982	135
Chi_P07_1	1	339982	76
Chi_P07_1	1	339982	104
Chi_P07_1	1	339982	27
Chi_P07_1	1	339982	950
Chi_P07_1	1	339982	79
Chi_P07_1	1	339982	101
Chi_P07_1	1	339982	178
Chi_P07_1	1	339982	111
Chi_P07_1	1	339982	232
Chi_P07_1	1	339982	80
Chi_P07_1	1	339982	131
Chi_P07_1	1	339982	74
Chi_P07_1	1	339982	106
Chi_P07_1	1	339982	74
Chi_P07_1	1	339982	66
Chi_P07_1	1	339982	93
Chi_P07_1	1	339982	180
Chi_P07_1	1	339982	81
Chi_P07_1	1	339982	87
Chi_P07_1	1	339982	122
Chi_P07_1	1	339982	172
Chi_P07_1	1	339982	134
Chi_P07_1	1	339982	122
Chi_P07_1	1	339982	119
Chi_P07_1	1	339982	93
Chi_P07_1	1	339982	275
Chi_P07_1	1	339982	98
Chi_P07_1	1	339982	96
Chi_P07_1	1	339982	130
Chi_P07_1	1	339982	143
Chi_P07_1	1	339982	162
Chi_P07_1	1	339982	109
Chi_P07_1	1	339982	527
Chi_P07_1	1	339982	182
Chi_P07_1	1	339982	199
Chi_P07_1	1	339982	104
Chi_P07_1	1	339982	185
Chi_P07_1	1	339982	33
Chi_P07_1	1	339982	144
Chi_P07_1	1	339982	116
Chi_P07_1	2	269323	143
Chi_P07_1	2	269323	117
Chi_P07_1	2	269323	183
Chi_P07_1	2	269323	319
Chi_P07_1	2	269323	115
Chi_P07_1	2	269323	134
Chi_P07_1	2	269323	190
Chi_P07_1	2	269323	206
Chi_P07_1	2	269323	198
Chi_P07_1	2	269323	115
Chi_P07_1	2	269323	52
Chi_P07_1	2	269323	152
Chi_P07_1	2	269323	121
Chi_P07_1	2	269323	139
Chi_P07_1	2	269323	142
Chi_P07_1	2	269323	164
Chi_P07_1	2	269323	127
Chi_P07_1	2	269323	118
Chi_P07_1	2	269323	139
Chi_P07_1	2	269323	54
Chi_P07_1	2	269323	60
Chi_P07_1	2	269323	260
Chi_P07_1	2	269323	134
Chi_P07_1	2	269323	121
Chi_P07_1	2	269323	198
Chi_P07_1	2	269323	84
Chi_P07_1	2	269323	226
Chi_P07_1	2	269323	92
Chi_P07_1	2	269323	118
Chi_P07_1	2	269323	156
Chi_P07_1	2	269323	95
Chi_P07_1	2	269323	114
Chi_P07_1	2	269323	231
Chi_P07_1	2	269323	93
Chi_P07_1	2	269323	155
Chi_P07_1	2	269323	135
Chi_P07_1	2	269323	112
Chi_P07_1	2	269323	77
Chi_P07_1	2	269323	93
Chi_P07_1	2	269323	114
Chi_P07_1	2	269323	137
Chi_P07_1	2	269323	106
Chi_P07_1	2	269323	191
Chi_P07_1	2	269323	366
Chi_P07_1	2	269323	100
Chi_P07_1	2	269323	241
Chi_P07_1	2	269323	408
Chi_P07_1	2	269323	169
Chi_P07_1	2	269323	122
Chi_P07_1	2	269323	94
Chi_P07_1	2	269323	123
Chi_P07_1	2	269323	148
Chi_P07_1	2	269323	92
Chi_P07_1	2	269323	161
Chi_P07_1	2	269323	136
Chi_P07_1	2	269323	215
Chi_P07_1	2	269323	132
Chi_P07_1	2	269323	151
Chi_P07_1	2	269323	82
Chi_P07_1	2	269323	72
Chi_P07_1	2	269323	60
Chi_P07_1	2	269323	199
Chi_P07_1	2	269323	135
Chi_P07_1	2	269323	107
Chi_P07_1	2	269323	212
Chi_P07_1	2	269323	356
Chi_P07_1	2	269323	124
Chi_P07_1	2	269323	144
Chi_P07_1	2	269323	254
Chi_P07_1	2	269323	389
Chi_P07_1	2	269323	122
Chi_P07_1	2	269323	102
Chi_P07_1	2	269323	262
Chi_P07_1	2	269323	130
Chi_P07_1	2	269323	195
Chi_P07_1	2	269323	431
Chi_P07_1	2	269323	432
Chi_P07_1	2	269323	169
Chi_P07_1	2	269323	143
Chi_P07_1	2	269323	18
Chi_P07_1	2	269323	116
Chi_P07_1	2	269323	98
Chi_P07_1	2	269323	169
Chi_P07_1	2	269323	137
Chi_P07_1	2	269323	124
Chi_P07_1	2	269323	110
Chi_P07_1	2	269323	126
Chi_P07_1	2	269323	32
Chi_P07_1	2	269323	82
Chi_P07_1	2	269323	282
Chi_P07_1	2	269323	713
Chi_P07_1	2	269323	71
Chi_P07_1	2	269323	113
Chi_P07_1	2	269323	107
Chi_P07_1	2	269323	154
Chi_P07_1	2	269323	38
Chi_P07_1	2	269323	96
Chi_P07_1	2	269323	61
Chi_P07_1	2	269323	213
Chi_P07_1	2	269323	107
Chi_P07_1	2	269323	171
Chi_P07_1	2	269323	150
Chi_P07_1	2	269323	78
Chi_P07_1	2	269323	184
Chi_P07_1	2	269323	122
Chi_P07_1	2	269323	72
Chi_P07_1	2	269323	111
Chi_P07_1	2	269323	132
Chi_P07_1	2	269323	95
Chi_P07_1	2	269323	105
Chi_P07_1	2	269323	256
Chi_P07_1	2	269323	52
Chi_P07_1	2	269323	72
Chi_P07_1	2	269323	153
Chi_P07_1	2	269323	190
Chi_P07_1	2	269323	145
Chi_P07_1	2	269323	170
Chi_P07_1	2	269323	11
Chi_P07_1	2	269323	109
Chi_P07_1	2	269323	242
Chi_P07_1	2	269323	119
Chi_P07_1	2	269323	88
Chi_P07_1	2	269323	157
Chi_P07_1	2	269323	134
Chi_P07_1	2	269323	86
Chi_P07_1	3	331011	94
Chi_P07_1	3	331011	323
Chi_P07_1	3	331011	70
Chi_P07_1	3	331011	104
Chi_P07_1	3	331011	108
Chi_P07_1	3	331011	109
Chi_P07_1	3	331011	123
Chi_P07_1	3	331011	90
Chi_P07_1	3	331011	202
Chi_P07_1	3	331011	118
Chi_P07_1	3	331011	93
Chi_P07_1	3	331011	113
Chi_P07_1	3	331011	144
Chi_P07_1	3	331011	673
Chi_P07_1	3	331011	110
Chi_P07_1	3	331011	116
Chi_P07_1	3	331011	134
Chi_P07_1	3	331011	73
Chi_P07_1	3	331011	66
Chi_P07_1	3	331011	138
Chi_P07_1	3	331011	80
Chi_P07_1	3	331011	49
Chi_P07_1	3	331011	144
Chi_P07_1	3	331011	52
Chi_P07_1	3	331011	70
Chi_P07_1	3	331011	31
Chi_P07_1	3	331011	159
Chi_P07_1	3	331011	90
Chi_P07_1	3	331011	137
Chi_P07_1	3	331011	93
Chi_P07_1	3	331011	185
Chi_P07_1	3	331011	200
Chi_P07_1	3	331011	147
Chi_P07_1	3	331011	120
Chi_P07_1	3	331011	131
Chi_P07_1	3	331011	177
Chi_P07_1	3	331011	124
Chi_P07_1	3	331011	131
Chi_P07_1	3	331011	110
Chi_P07_1	3	331011	130
Chi_P07_1	3	331011	64
Chi_P07_1	3	331011	131
Chi_P07_1	3	331011	144
Chi_P07_1	3	331011	164
Chi_P07_1	3	331011	132
Chi_P07_1	3	331011	217
Chi_P07_1	3	331011	127
Chi_P07_1	3	331011	138
Chi_P07_1	3	331011	82
Chi_P07_1	3	331011	94
Chi_P07_1	3	331011	50
Chi_P07_1	3	331011	128
Chi_P07_1	3	331011	68
Chi_P07_1	3	331011	190
Chi_P07_1	3	331011	73
Chi_P07_1	3	331011	53
Chi_P07_1	3	331011	107
Chi_P07_1	3	331011	70
Chi_P07_1	3	331011	62
Chi_P07_1	3	331011	87
Chi_P07_1	3	331011	105
Chi_P07_1	3	331011	111
Chi_P07_1	3	331011	106
Chi_P07_1	3	331011	90
Chi_P07_1	3	331011	62
Chi_P07_1	3	331011	126
Chi_P07_1	3	331011	94
Chi_P07_1	3	331011	140
Chi_P07_1	3	331011	74
Chi_P07_1	3	331011	113
Chi_P07_1	3	331011	114
Chi_P07_1	3	331011	111
Chi_P07_1	3	331011	92
Chi_P07_1	3	331011	93
Chi_P07_1	3	331011	100
Chi_P07_1	3	331011	134
Chi_P07_1	3	331011	108
Chi_P07_1	3	331011	113
Chi_P07_1	3	331011	114
Chi_P07_1	3	331011	207
Chi_P07_1	3	331011	103
Chi_P07_1	3	331011	92
Chi_P07_1	3	331011	111
Chi_P07_1	3	331011	100
Chi_P07_1	3	331011	100
Chi_P07_1	3	331011	201
Chi_P07_1	3	331011	71
Chi_P07_1	3	331011	18
Chi_P07_1	3	331011	140
Chi_P07_1	3	331011	201
Chi_P07_1	3	331011	111
Chi_P07_1	3	331011	91
Chi_P07_1	3	331011	116
Chi_P07_1	3	331011	93
Chi_P07_1	3	331011	271
Chi_P07_1	3	331011	91
Chi_P07_1	3	331011	149
Chi_P07_1	3	331011	108
Chi_P07_1	3	331011	132
Chi_P07_1	3	331011	173
Chi_P07_1	3	331011	97
Chi_P07_1	3	331011	96
Chi_P07_1	3	331011	145
Chi_P07_1	3	331011	92
Chi_P07_1	3	331011	181
Chi_P07_1	3	331011	81
Chi_P07_1	3	331011	149
Chi_P07_1	3	331011	26
Chi_P07_1	3	331011	75
Chi_P07_1	3	331011	71
Chi_P07_1	3	331011	122
Chi_P07_1	3	331011	60
Chi_P07_1	3	331011	175
Chi_P07_1	3	331011	76
Chi_P07_1	3	331011	126
Chi_P07_1	3	331011	133
Chi_P07_1	3	331011	104
Chi_P07_1	3	331011	45
Chi_P07_1	3	331011	110
Chi_P07_1	3	331011	62
Chi_P07_1	3	331011	316
Chi_P07_1	3	331011	88
Chi_P07_1	3	331011	91
Chi_P07_1	3	331011	127
Chi_P07_1	3	331011	107
Chi_P07_1	3	331011	96
Chi_P07_1	3	331011	205
Chi_P07_1	3	331011	62
Chi_P07_1	3	331011	108
Chi_P07_1	3	331011	160
Chi_P07_1	3	331011	864
Chi_P07_1	3	331011	114
Chi_P07_1	3	331011	124
Chi_P07_1	3	331011	215
Chi_P07_1	3	331011	158
Chi_P07_1	3	331011	271
Chi_P07_1	3	331011	116
Chi_P07_1	3	331011	176
Chi_P07_1	3	331011	158
Chi_P07_1	3	331011	106
Chi_P07_1	3	331011	207
Chi_P07_1	3	331011	65
Chi_P07_1	3	331011	207
Chi_P07_1	3	331011	98
Chi_P07_1	3	331011	329
Chi_P07_1	3	331011	78
Chi_P07_1	3	331011	81
Chi_P07_1	3	331011	70
Chi_P07_1	3	331011	132
Chi_P07_1	3	331011	102
Chi_P07_1	3	331011	68
Chi_P07_1	3	331011	84
Chi_P07_1	3	331011	12
Chi_P07_1	3	331011	167
Chi_P07_1	3	331011	79
Chi_P07_1	3	331011	101
Chi_P07_1	3	331011	214
Chi_P07_1	3	331011	168
Chi_P07_1	3	331011	107
Chi_P07_1	3	331011	69
Chi_P07_1	3	331011	95
Chi_P07_1	3	331011	106
Chi_P07_1	3	331011	83
Chi_P07_1	3	331011	189
Chi_P07_1	3	331011	71
Chi_P07_1	3	331011	155
Chi_P07_1	3	331011	105
Chi_P07_1	3	331011	95
Chi_P07_1	3	331011	116
Chi_P07_1	3	331011	118
Chi_P07_1	3	331011	185
Chi_P07_1	3	331011	40
Chi_P07_1	3	331011	220
Chi_P07_1	3	331011	13
Chi_P07_1	3	331011	18
Chi_P07_1	3	331011	19
Chi_P07_1	3	331011	89
Chi_P07_1	3	331011	53
Chi_P07_1	3	331011	73
Chi_P07_1	3	331011	72
Chi_P07_1	3	331011	58
Chi_P07_1	3	331011	98
Chi_P07_1	3	331011	57
Chi_P07_1	3	331011	120
Chi_P07_1	3	331011	162
Chi_P07_1	3	331011	101
Chi_P07_1	3	331011	127
Chi_P07_1	3	331011	161
Chi_P07_1	3	331011	83
Chi_P07_1	3	331011	96
Chi_P07_1	3	331011	113
Chi_P07_1	3	331011	177
Chi_P07_1	3	331011	163
Chi_P07_1	3	331011	87
Chi_P07_1	3	331011	158
Chi_P07_1	3	331011	16
Chi_P07_1	4	305794	389
Chi_P07_1	4	305794	119
Chi_P07_1	4	305794	143
Chi_P07_1	4	305794	120
Chi_P07_1	4	305794	185
Chi_P07_1	4	305794	176
Chi_P07_1	4	305794	125
Chi_P07_1	4	305794	277
Chi_P07_1	4	305794	114
Chi_P07_1	4	305794	114
Chi_P07_1	4	305794	156
Chi_P07_1	4	305794	148
Chi_P07_1	4	305794	86
Chi_P07_1	4	305794	138
Chi_P07_1	4	305794	192
Chi_P07_1	4	305794	162
Chi_P07_1	4	305794	134
Chi_P07_1	4	305794	46
Chi_P07_1	4	305794	233
Chi_P07_1	4	305794	80
Chi_P07_1	4	305794	144
Chi_P07_1	4	305794	95
Chi_P07_1	4	305794	273
Chi_P07_1	4	305794	133
Chi_P07_1	4	305794	152
Chi_P07_1	4	305794	118
Chi_P07_1	4	305794	168
Chi_P07_1	4	305794	141
Chi_P07_1	4	305794	109
Chi_P07_1	4	305794	100
Chi_P07_1	4	305794	139
Chi_P07_1	4	305794	187
Chi_P07_1	4	305794	190
Chi_P07_1	4	305794	146
Chi_P07_1	4	305794	98
Chi_P07_1	4	305794	111
Chi_P07_1	4	305794	67
Chi_P07_1	4	305794	104
Chi_P07_1	4	305794	95
Chi_P07_1	4	305794	216
Chi_P07_1	4	305794	121
Chi_P07_1	4	305794	117
Chi_P07_1	4	305794	140
Chi_P07_1	4	305794	98
Chi_P07_1	4	305794	314
Chi_P07_1	4	305794	210
Chi_P07_1	4	305794	166
Chi_P07_1	4	305794	78
Chi_P07_1	4	305794	116
Chi_P07_1	4	305794	119
Chi_P07_1	4	305794	138
Chi_P07_1	4	305794	298
Chi_P07_1	4	305794	90
Chi_P07_1	4	305794	142
Chi_P07_1	4	305794	133
Chi_P07_1	4	305794	535
Chi_P07_1	4	305794	79
Chi_P07_1	4	305794	158
Chi_P07_1	4	305794	104
Chi_P07_1	4	305794	145
Chi_P07_1	4	305794	178
Chi_P07_1	4	305794	110
Chi_P07_1	4	305794	101
Chi_P07_1	4	305794	122
Chi_P07_1	4	305794	127
Chi_P07_1	4	305794	179
Chi_P07_1	4	305794	89
Chi_P07_1	4	305794	90
Chi_P07_1	4	305794	91
Chi_P07_1	4	305794	121
Chi_P07_1	4	305794	236
Chi_P07_1	4	305794	103
Chi_P07_1	4	305794	272
Chi_P07_1	4	305794	155
Chi_P07_1	4	305794	301
Chi_P07_1	4	305794	126
Chi_P07_1	4	305794	149
Chi_P07_1	4	305794	75
Chi_P07_1	4	305794	128
Chi_P07_1	4	305794	186
Chi_P07_1	4	305794	161
Chi_P07_1	4	305794	157
Chi_P07_1	4	305794	201
Chi_P07_1	4	305794	92
Chi_P07_1	4	305794	111
Chi_P07_1	4	305794	162
Chi_P07_1	4	305794	187
Chi_P07_1	4	305794	126
Chi_P07_1	4	305794	145
Chi_P07_1	4	305794	181
Chi_P07_1	4	305794	394
Chi_P07_1	4	305794	121
Chi_P07_1	4	305794	94
Chi_P07_1	4	305794	115
Chi_P07_1	4	305794	151
Chi_P07_1	4	305794	112
Chi_P07_1	4	305794	177
Chi_P07_1	4	305794	362
Chi_P07_1	4	305794	77
Chi_P07_1	4	305794	93
Chi_P07_1	4	305794	106
Chi_P07_1	4	305794	110
Chi_P07_1	4	305794	85
Chi_P07_1	4	305794	157
Chi_P07_1	4	305794	116
Chi_P07_1	4	305794	288
Chi_P07_1	4	305794	413
Chi_P07_1	4	305794	111
Chi_P07_1	4	305794	126
Chi_P07_1	4	305794	183
Chi_P07_1	4	305794	632
Chi_P07_1	4	305794	129
Chi_P07_1	4	305794	157
Chi_P07_1	4	305794	119
Chi_P07_1	4	305794	66
Chi_P07_1	4	305794	130
Chi_P07_1	4	305794	156
Chi_P07_1	4	305794	100
Chi_P07_1	4	305794	12
Chi_P07_1	4	305794	118
Chi_P07_1	4	305794	11
Chi_P07_1	4	305794	116
Chi_P07_1	4	305794	90
Chi_P07_1	4	305794	202
Chi_P07_1	4	305794	143
Chi_P07_1	4	305794	212
Chi_P07_1	4	305794	59
Chi_P07_1	4	305794	110
Chi_P07_1	4	305794	101
Chi_P07_1	4	305794	11
Chi_P07_1	4	305794	77
Chi_P07_1	4	305794	144
Chi_P07_1	4	305794	183
Chi_P07_1	4	305794	67
Chi_P07_1	4	305794	125
Chi_P07_1	4	305794	175
Chi_P07_1	4	305794	34
Chi_P07_1	4	305794	121
Chi_P07_1	4	305794	139
Chi_P07_1	4	305794	335
Chi_P07_1	4	305794	100
Chi_P07_1	4	305794	74
Chi_P07_1	4	305794	26
Chi_P07_1	4	305794	118
Chi_P07_1	4	305794	111
Chi_P07_1	4	305794	155
Chi_P07_1	4	305794	71
Chi_P07_1	4	305794	107
Chi_P07_1	4	305794	119
Chi_P07_1	4	305794	66
Chi_P07_1	4	305794	97
Chi_P07_1	4	305794	454
Chi_P07_1	4	305794	122
Chi_P07_1	4	305794	96
Chi_P07_1	4	305794	76
Chi_P07_1	4	305794	154
Chi_P07_1	4	305794	108
Chi_P07_1	4	305794	102
Chi_P07_1	4	305794	165
Chi_P07_1	5	336612	231
Chi_P07_1	5	336612	153
Chi_P07_1	5	336612	320
Chi_P07_1	5	336612	109
Chi_P07_1	5	336612	92
Chi_P07_1	5	336612	193
Chi_P07_1	5	336612	145
Chi_P07_1	5	336612	282
Chi_P07_1	5	336612	175
Chi_P07_1	5	336612	165
Chi_P07_1	5	336612	201
Chi_P07_1	5	336612	222
Chi_P07_1	5	336612	146
Chi_P07_1	5	336612	181
Chi_P07_1	5	336612	138
Chi_P07_1	5	336612	107
Chi_P07_1	5	336612	174
Chi_P07_1	5	336612	224
Chi_P07_1	5	336612	123
Chi_P07_1	5	336612	248
Chi_P07_1	5	336612	101
Chi_P07_1	5	336612	149
Chi_P07_1	5	336612	136
Chi_P07_1	5	336612	181
Chi_P07_1	5	336612	135
Chi_P07_1	5	336612	149
Chi_P07_1	5	336612	93
Chi_P07_1	5	336612	126
Chi_P07_1	5	336612	158
Chi_P07_1	5	336612	71
Chi_P07_1	5	336612	190
Chi_P07_1	5	336612	119
Chi_P07_1	5	336612	250
Chi_P07_1	5	336612	139
Chi_P07_1	5	336612	168
Chi_P07_1	5	336612	88
Chi_P07_1	5	336612	85
Chi_P07_1	5	336612	105
Chi_P07_1	5	336612	78
Chi_P07_1	5	336612	120
Chi_P07_1	5	336612	139
Chi_P07_1	5	336612	102
Chi_P07_1	5	336612	86
Chi_P07_1	5	336612	269
Chi_P07_1	5	336612	253
Chi_P07_1	5	336612	133
Chi_P07_1	5	336612	70
Chi_P07_1	5	336612	154
Chi_P07_1	5	336612	139
Chi_P07_1	5	336612	39
Chi_P07_1	5	336612	120
Chi_P07_1	5	336612	133
Chi_P07_1	5	336612	95
Chi_P07_1	5	336612	87
Chi_P07_1	5	336612	207
Chi_P07_1	5	336612	108
Chi_P07_1	5	336612	130
Chi_P07_1	5	336612	92
Chi_P07_1	5	336612	121
Chi_P07_1	5	336612	94
Chi_P07_1	5	336612	156
Chi_P07_1	5	336612	91
Chi_P07_1	5	336612	127
Chi_P07_1	5	336612	104
Chi_P07_1	5	336612	94
Chi_P07_1	5	336612	102
Chi_P07_1	5	336612	180
Chi_P07_1	5	336612	73
Chi_P07_1	5	336612	92
Chi_P07_1	5	336612	110
Chi_P07_1	5	336612	80
Chi_P07_1	5	336612	132
Chi_P07_1	5	336612	83
Chi_P07_1	5	336612	371
Chi_P07_1	5	336612	244
Chi_P07_1	5	336612	115
Chi_P07_1	5	336612	115
Chi_P07_1	5	336612	172
Chi_P07_1	5	336612	69
Chi_P07_1	5	336612	102
Chi_P07_1	5	336612	244
Chi_P07_1	5	336612	101
Chi_P07_1	5	336612	94
Chi_P07_1	5	336612	251
Chi_P07_1	5	336612	120
Chi_P07_1	5	336612	98
Chi_P07_1	5	336612	214
Chi_P07_1	5	336612	197
Chi_P07_1	5	336612	116
Chi_P07_1	5	336612	117
Chi_P07_1	5	336612	360
Chi_P07_1	5	336612	343
Chi_P07_1	5	336612	73
Chi_P07_1	5	336612	105
Chi_P07_1	5	336612	81
Chi_P07_1	5	336612	432
Chi_P07_1	5	336612	109
Chi_P07_1	5	336612	126
Chi_P07_1	5	336612	92
Chi_P07_1	5	336612	59
Chi_P07_1	5	336612	140
Chi_P07_1	5	336612	240
Chi_P07_1	5	336612	19
Chi_P07_1	5	336612	83
Chi_P07_1	5	336612	254
Chi_P07_1	5	336612	64
Chi_P07_1	5	336612	11
Chi_P07_1	5	336612	104
Chi_P07_1	5	336612	404
Chi_P07_1	5	336612	70
Chi_P07_1	5	336612	96
Chi_P07_1	5	336612	123
Chi_P07_1	5	336612	15
Chi_P07_1	5	336612	81
Chi_P07_1	5	336612	298
Chi_P07_1	5	336612	104
Chi_P07_1	5	336612	40
Chi_P07_1	5	336612	943
Chi_P07_1	5	336612	346
Chi_P07_1	5	336612	106
Chi_P07_1	5	336612	132
Chi_P07_1	5	336612	111
Chi_P07_1	5	336612	123
Chi_P07_1	5	336612	141
Chi_P07_1	5	336612	199
Chi_P07_1	5	336612	52
Chi_P07_1	5	336612	218
Chi_P07_1	5	336612	133
Chi_P07_1	5	336612	117
Chi_P07_1	5	336612	285
Chi_P07_1	5	336612	31
Chi_P07_1	5	336612	90
Chi_P07_1	5	336612	82
Chi_P07_1	5	336612	79
Chi_P07_1	5	336612	74
Chi_P07_1	5	336612	161
Chi_P07_1	5	336612	65
Chi_P07_1	5	336612	127
Chi_P07_1	5	336612	166
Chi_P07_1	5	336612	98
Chi_P07_1	5	336612	56
Chi_P07_1	5	336612	136
Chi_P07_1	5	336612	142
Chi_P07_1	5	336612	152
Chi_P07_1	5	336612	251
Chi_P07_1	5	336612	225
Chi_P07_1	5	336612	130
Chi_P07_1	5	336612	32
Chi_P07_1	5	336612	146
Chi_P07_1	5	336612	87
Chi_P07_1	5	336612	110
Chi_P07_1	5	336612	118
Chi_P07_1	5	336612	82
Chi_P07_1	5	336612	135
Chi_P07_1	5	336612	96
Chi_P07_1	5	336612	99
Chi_P07_1	5	336612	101
Chi_P07_1	5	336612	141
Chi_P07_1	5	336612	137
Chi_P07_1	5	336612	145
Chi_P07_1	5	336612	57
Chi_P07_1	5	336612	74
Chi_P07_1	5	336612	95
Chi_P07_1	5	336612	107
Chi_P07_1	6	347309	34
Chi_P07_1	6	347309	209
Chi_P07_1	6	347309	139
Chi_P07_1	6	347309	109
Chi_P07_1	6	347309	86
Chi_P07_1	6	347309	120
Chi_P07_1	6	347309	124
Chi_P07_1	6	347309	243
Chi_P07_1	6	347309	363
Chi_P07_1	6	347309	180
Chi_P07_1	6	347309	112
Chi_P07_1	6	347309	191
Chi_P07_1	6	347309	99
Chi_P07_1	6	347309	73
Chi_P07_1	6	347309	246
Chi_P07_1	6	347309	160
Chi_P07_1	6	347309	65
Chi_P07_1	6	347309	161
Chi_P07_1	6	347309	174
Chi_P07_1	6	347309	249
Chi_P07_1	6	347309	175
Chi_P07_1	6	347309	135
Chi_P07_1	6	347309	141
Chi_P07_1	6	347309	213
Chi_P07_1	6	347309	271
Chi_P07_1	6	347309	140
Chi_P07_1	6	347309	212
Chi_P07_1	6	347309	237
Chi_P07_1	6	347309	149
Chi_P07_1	6	347309	101
Chi_P07_1	6	347309	246
Chi_P07_1	6	347309	184
Chi_P07_1	6	347309	129
Chi_P07_1	6	347309	137
Chi_P07_1	6	347309	222
Chi_P07_1	6	347309	338
Chi_P07_1	6	347309	419
Chi_P07_1	6	347309	154
Chi_P07_1	6	347309	122
Chi_P07_1	6	347309	253
Chi_P07_1	6	347309	226
Chi_P07_1	6	347309	87
Chi_P07_1	6	347309	97
Chi_P07_1	6	347309	97
Chi_P07_1	6	347309	346
Chi_P07_1	6	347309	116
Chi_P07_1	6	347309	98
Chi_P07_1	6	347309	239
Chi_P07_1	6	347309	120
Chi_P07_1	6	347309	130
Chi_P07_1	6	347309	123
Chi_P07_1	6	347309	183
Chi_P07_1	6	347309	164
Chi_P07_1	6	347309	222
Chi_P07_1	6	347309	118
Chi_P07_1	6	347309	169
Chi_P07_1	6	347309	102
Chi_P07_1	6	347309	106
Chi_P07_1	6	347309	74
Chi_P07_1	6	347309	154
Chi_P07_1	6	347309	183
Chi_P07_1	6	347309	173
Chi_P07_1	6	347309	104
Chi_P07_1	6	347309	430
Chi_P07_1	6	347309	156
Chi_P07_1	6	347309	140
Chi_P07_1	6	347309	201
Chi_P07_1	6	347309	129
Chi_P07_1	6	347309	110
Chi_P07_1	6	347309	210
Chi_P07_1	6	347309	167
Chi_P07_1	6	347309	506
Chi_P07_1	6	347309	98
Chi_P07_1	6	347309	152
Chi_P07_1	6	347309	156
Chi_P07_1	6	347309	162
Chi_P07_1	6	347309	134
Chi_P07_1	6	347309	65
Chi_P07_1	6	347309	80
Chi_P07_1	6	347309	154
Chi_P07_1	6	347309	462
Chi_P07_1	6	347309	163
Chi_P07_1	6	347309	120
Chi_P07_1	6	347309	87
Chi_P07_1	6	347309	78
Chi_P07_1	6	347309	156
Chi_P07_1	6	347309	188
Chi_P07_1	6	347309	215
Chi_P07_1	6	347309	141
Chi_P07_1	6	347309	201
Chi_P07_1	6	347309	108
Chi_P07_1	6	347309	96
Chi_P07_1	6	347309	93
Chi_P07_1	6	347309	170
Chi_P07_1	6	347309	39
Chi_P07_1	6	347309	118
Chi_P07_1	6	347309	119
Chi_P07_1	6	347309	229
Chi_P07_1	6	347309	118
Chi_P07_1	6	347309	70
Chi_P07_1	6	347309	89
Chi_P07_1	6	347309	91
Chi_P07_1	6	347309	24
Chi_P07_1	6	347309	116
Chi_P07_1	6	347309	291
Chi_P07_1	6	347309	103
Chi_P07_1	6	347309	135
Chi_P07_1	6	347309	175
Chi_P07_1	6	347309	131
Chi_P07_1	6	347309	219
Chi_P07_1	6	347309	161
Chi_P07_1	6	347309	127
Chi_P07_1	6	347309	145
Chi_P07_1	6	347309	180
Chi_P07_1	6	347309	257
Chi_P07_1	6	347309	117
Chi_P07_1	6	347309	202
Chi_P07_1	6	347309	110
Chi_P07_1	6	347309	135
Chi_P07_1	6	347309	123
Chi_P07_1	6	347309	128
Chi_P07_1	6	347309	35
Chi_P07_1	6	347309	153
Chi_P07_1	6	347309	112
Chi_P07_1	6	347309	830
Chi_P07_1	6	347309	143
Chi_P07_1	6	347309	127
Chi_P07_1	6	347309	152
Chi_P07_1	6	347309	115
Chi_P07_1	6	347309	143
Chi_P07_1	6	347309	141
Chi_P07_1	6	347309	252
Chi_P07_1	6	347309	58
Chi_P07_1	6	347309	165
Chi_P07_1	6	347309	87
Chi_P07_1	6	347309	64
Chi_P07_1	6	347309	107
Chi_P07_1	6	347309	203
Chi_P07_1	6	347309	158
Chi_P07_1	6	347309	74
Chi_P07_1	6	347309	814
Chi_P07_1	6	347309	167
Chi_P07_1	6	347309	32
Chi_P07_1	6	347309	129
Chi_P07_1	6	347309	217
Chi_P07_1	6	347309	94
Chi_P07_1	6	347309	97
Chi_P07_1	6	347309	149
Chi_P07_1	6	347309	254
Chi_P07_1	6	347309	147
Chi_P07_1	6	347309	109
Chi_P07_1	6	347309	110
Chi_P07_1	6	347309	130
Chi_P07_1	6	347309	80
Chi_P07_1	6	347309	365
Chi_P07_1	6	347309	163
Chi_P07_1	6	347309	97
Chi_P07_1	6	347309	87
Chi_P07_1	6	347309	281
Chi_P07_1	6	347309	77
Chi_P07_1	6	347309	94
Chi_P07_1	6	347309	120
Chi_P07_1	6	347309	111
Chi_P07_1	6	347309	88
Chi_P07_1	6	347309	299
Chi_P07_1	6	347309	106
Chi_P07_1	6	347309	72
Chi_P07_1	6	347309	75
Chi_P07_1	6	347309	91
Chi_P07_1	6	347309	210
Chi_P07_1	6	347309	84
Chi_P07_1	6	347309	26
Chi_P07_1	6	347309	78
Chi_P07_1	6	347309	30
Chi_P07_1	6	347309	13
Chi_P07_1	7	295214	117
Chi_P07_1	7	295214	117
Chi_P07_1	7	295214	77
Chi_P07_1	7	295214	74
Chi_P07_1	7	295214	63
Chi_P07_1	7	295214	95
Chi_P07_1	7	295214	112
Chi_P07_1	7	295214	71
Chi_P07_1	7	295214	210
Chi_P07_1	7	295214	85
Chi_P07_1	7	295214	59
Chi_P07_1	7	295214	98
Chi_P07_1	7	295214	69
Chi_P07_1	7	295214	119
Chi_P07_1	7	295214	130
Chi_P07_1	7	295214	67
Chi_P07_1	7	295214	90
Chi_P07_1	7	295214	74
Chi_P07_1	7	295214	168
Chi_P07_1	7	295214	54
Chi_P07_1	7	295214	85
Chi_P07_1	7	295214	90
Chi_P07_1	7	295214	49
Chi_P07_1	7	295214	107
Chi_P07_1	7	295214	93
Chi_P07_1	7	295214	213
Chi_P07_1	7	295214	126
Chi_P07_1	7	295214	12
Chi_P07_1	7	295214	142
Chi_P07_1	7	295214	104
Chi_P07_1	7	295214	85
Chi_P07_1	7	295214	87
Chi_P07_1	7	295214	93
Chi_P07_1	7	295214	88
Chi_P07_1	7	295214	72
Chi_P07_1	7	295214	71
Chi_P07_1	7	295214	133
Chi_P07_1	7	295214	56
Chi_P07_1	7	295214	48
Chi_P07_1	7	295214	79
Chi_P07_1	7	295214	141
Chi_P07_1	7	295214	88
Chi_P07_1	7	295214	78
Chi_P07_1	7	295214	59
Chi_P07_1	7	295214	88
Chi_P07_1	7	295214	51
Chi_P07_1	7	295214	75
Chi_P07_1	7	295214	276
Chi_P07_1	7	295214	128
Chi_P07_1	7	295214	124
Chi_P07_1	7	295214	96
Chi_P07_1	7	295214	61
Chi_P07_1	7	295214	191
Chi_P07_1	7	295214	46
Chi_P07_1	7	295214	194
Chi_P07_1	7	295214	88
Chi_P07_1	7	295214	51
Chi_P07_1	7	295214	119
Chi_P07_1	7	295214	77
Chi_P07_1	7	295214	50
Chi_P07_1	7	295214	32
Chi_P07_1	7	295214	108
Chi_P07_1	7	295214	142
Chi_P07_1	7	295214	102
Chi_P07_1	7	295214	72
Chi_P07_1	7	295214	71
Chi_P07_1	7	295214	31
Chi_P07_1	7	295214	80
Chi_P07_1	7	295214	46
Chi_P07_1	7	295214	115
Chi_P07_1	7	295214	64
Chi_P07_1	7	295214	17
Chi_P07_1	7	295214	24
Chi_P07_1	7	295214	64
Chi_P07_1	7	295214	47
Chi_P07_1	7	295214	112
Chi_P07_1	7	295214	66
Chi_P07_1	7	295214	777
Chi_P07_1	7	295214	75
Chi_P07_1	7	295214	163
Chi_P07_1	7	295214	66
Chi_P07_1	7	295214	87
Chi_P07_1	7	295214	115
Chi_P07_1	7	295214	104
Chi_P07_1	7	295214	52
Chi_P07_1	7	295214	80
Chi_P07_1	7	295214	112
Chi_P07_1	7	295214	225
Chi_P07_1	7	295214	92
Chi_P07_1	7	295214	53
Chi_P07_1	7	295214	67
Chi_P07_1	7	295214	80
Chi_P07_1	7	295214	79
Chi_P07_1	7	295214	18
Chi_P07_1	7	295214	56
Chi_P07_1	7	295214	50
Chi_P07_1	7	295214	68
Chi_P07_1	7	295214	98
Chi_P07_1	7	295214	106
Chi_P07_1	7	295214	71
Chi_P07_1	7	295214	158
Chi_P07_1	8	301603	19
Chi_P07_1	8	301603	47
Chi_P07_1	8	301603	92
Chi_P07_1	8	301603	59
Chi_P07_1	8	301603	23
Chi_P07_1	8	301603	128
Chi_P07_1	8	301603	41
Chi_P07_1	8	301603	58
Chi_P07_1	8	301603	74
Chi_P07_1	8	301603	145
Chi_P07_1	8	301603	66
Chi_P07_1	8	301603	103
Chi_P07_1	8	301603	74
Chi_P07_1	8	301603	89
Chi_P07_1	8	301603	67
Chi_P07_1	8	301603	93
Chi_P07_1	8	301603	28
Chi_P07_1	8	301603	62
Chi_P07_1	8	301603	67
Chi_P07_1	8	301603	84
Chi_P07_1	8	301603	31
Chi_P07_1	8	301603	55
Chi_P07_1	8	301603	102
Chi_P07_1	8	301603	51
Chi_P07_1	8	301603	211
Chi_P07_1	8	301603	63
Chi_P07_1	8	301603	96
Chi_P07_1	8	301603	96
Chi_P07_1	8	301603	43
Chi_P07_1	8	301603	111
Chi_P07_1	8	301603	70
Chi_P07_1	8	301603	136
Chi_P07_1	8	301603	78
Chi_P07_1	8	301603	133
Chi_P07_1	8	301603	142
Chi_P07_1	8	301603	257
Chi_P07_1	8	301603	158
Chi_P07_1	8	301603	75
Chi_P07_1	8	301603	131
Chi_P07_1	8	301603	94
Chi_P07_1	8	301603	145
Chi_P07_1	8	301603	69
Chi_P07_1	8	301603	85
Chi_P07_1	8	301603	89
Chi_P07_1	8	301603	57
Chi_P07_1	8	301603	90
Chi_P07_1	8	301603	100
Chi_P07_1	8	301603	114
Chi_P07_1	8	301603	67
Chi_P07_1	8	301603	230
Chi_P07_1	8	301603	128
Chi_P07_1	8	301603	142
Chi_P07_1	8	301603	67
Chi_P07_1	8	301603	131
Chi_P07_1	8	301603	118
Chi_P07_1	8	301603	129
Chi_P07_1	8	301603	95
Chi_P07_1	8	301603	57
Chi_P07_1	8	301603	118
Chi_P07_1	8	301603	70
Chi_P07_1	8	301603	115
Chi_P07_1	8	301603	123
Chi_P07_1	8	301603	64
Chi_P07_1	8	301603	250
Chi_P07_1	8	301603	105
Chi_P07_1	8	301603	109
Chi_P07_1	8	301603	87
Chi_P07_1	8	301603	133
Chi_P07_1	8	301603	101
Chi_P07_1	8	301603	94
Chi_P07_1	8	301603	111
Chi_P07_1	8	301603	143
Chi_P07_1	8	301603	149
Chi_P07_1	8	301603	128
Chi_P07_1	8	301603	513
Chi_P07_1	8	301603	213
Chi_P07_1	8	301603	102
Chi_P07_1	8	301603	36
Chi_P07_1	8	301603	127
Chi_P07_1	8	301603	112
Chi_P07_1	8	301603	85
Chi_P07_1	8	301603	185
Chi_P07_1	8	301603	147
Chi_P07_1	8	301603	36
Chi_P07_1	8	301603	99
Chi_P07_1	8	301603	64
Chi_P07_1	8	301603	88
Chi_P07_1	8	301603	77
Chi_P07_1	8	301603	98
Chi_P07_1	8	301603	114
Chi_P07_1	8	301603	157
Chi_P07_1	8	301603	70
Chi_P07_1	8	301603	32
Chi_P07_1	9	296038	86
Chi_P07_1	9	296038	127
Chi_P07_1	9	296038	154
Chi_P07_1	9	296038	157
Chi_P07_1	9	296038	129
Chi_P07_1	9	296038	142
Chi_P07_1	9	296038	119
Chi_P07_1	9	296038	277
Chi_P07_1	9	296038	77
Chi_P07_1	9	296038	112
Chi_P07_1	9	296038	70
Chi_P07_1	9	296038	165
Chi_P07_1	9	296038	96
Chi_P07_1	9	296038	98
Chi_P07_1	9	296038	100
Chi_P07_1	9	296038	69
Chi_P07_1	9	296038	144
Chi_P07_1	9	296038	82
Chi_P07_1	9	296038	163
Chi_P07_1	9	296038	79
Chi_P07_1	9	296038	58
Chi_P07_1	9	296038	138
Chi_P07_1	9	296038	43
Chi_P07_1	9	296038	118
Chi_P07_1	9	296038	198
Chi_P07_1	9	296038	108
Chi_P07_1	9	296038	102
Chi_P07_1	9	296038	122
Chi_P07_1	9	296038	101
Chi_P07_1	9	296038	43
Chi_P07_1	9	296038	225
Chi_P07_1	9	296038	92
Chi_P07_1	9	296038	54
Chi_P07_1	9	296038	155
Chi_P07_1	9	296038	118
Chi_P07_1	9	296038	80
Chi_P07_1	9	296038	275
Chi_P07_1	9	296038	329
Chi_P07_1	9	296038	115
Chi_P07_1	9	296038	257
Chi_P07_1	9	296038	145
Chi_P07_1	9	296038	121
Chi_P07_1	9	296038	75
Chi_P07_1	9	296038	73
Chi_P07_1	9	296038	139
Chi_P07_1	9	296038	189
Chi_P07_1	9	296038	97
Chi_P07_1	9	296038	140
Chi_P07_1	9	296038	140
Chi_P07_1	9	296038	107
Chi_P07_1	9	296038	52
Chi_P07_1	9	296038	143
Chi_P07_1	9	296038	87
Chi_P07_1	9	296038	130
Chi_P07_1	9	296038	136
Chi_P07_1	9	296038	73
Chi_P07_1	9	296038	171
Chi_P07_1	9	296038	161
Chi_P07_1	9	296038	62
Chi_P07_1	9	296038	92
Chi_P07_1	9	296038	134
Chi_P07_1	9	296038	100
Chi_P07_1	9	296038	73
Chi_P07_1	9	296038	57
Chi_P07_1	9	296038	333
Chi_P07_1	9	296038	219
Chi_P07_1	9	296038	109
Chi_P07_1	9	296038	104
Chi_P07_1	9	296038	99
Chi_P07_1	9	296038	127
Chi_P07_1	9	296038	105
Chi_P07_1	9	296038	130
Chi_P07_1	9	296038	106
Chi_P07_1	9	296038	52
Chi_P07_1	9	296038	128
Chi_P07_1	9	296038	103
Chi_P07_1	9	296038	131
Chi_P07_1	9	296038	93
Chi_P07_1	9	296038	208
Chi_P07_1	9	296038	124
Chi_P07_1	9	296038	123
Chi_P07_1	9	296038	113
Chi_P07_1	9	296038	56
Chi_P07_1	9	296038	1007
Chi_P07_1	9	296038	108
Chi_P07_1	9	296038	115
Chi_P07_1	9	296038	79
Chi_P07_1	9	296038	76
Chi_P07_1	9	296038	107
Chi_P07_1	9	296038	35
Chi_P07_1	9	296038	82
Chi_P07_1	9	296038	282
Chi_P07_1	9	296038	59
Chi_P07_1	9	296038	82
Chi_P07_1	9	296038	101
Chi_P07_1	9	296038	139
Chi_P07_1	9	296038	55
Chi_P07_1	9	296038	55
Chi_P07_1	9	296038	177
Chi_P07_1	9	296038	122
Chi_P07_1	9	296038	106
Chi_P07_1	9	296038	107
Chi_P07_1	9	296038	77
Chi_P07_1	9	296038	61
Chi_P07_1	9	296038	117
Chi_P07_1	9	296038	74
Chi_P07_1	9	296038	119
Chi_P07_1	9	296038	124
Chi_P07_1	9	296038	80
Chi_P07_1	9	296038	46
Chi_P07_1	9	296038	105
Chi_P07_1	9	296038	62
Chi_P07_1	9	296038	78
Chi_P07_1	9	296038	125
Chi_P07_1	9	296038	91
Chi_P07_1	9	296038	67
Chi_P07_1	9	296038	92
Chi_P07_1	10	304901	54
Chi_P07_1	10	304901	62
Chi_P07_1	10	304901	86
Chi_P07_1	10	304901	62
Chi_P07_1	10	304901	107
Chi_P07_1	10	304901	101
Chi_P07_1	10	304901	137
Chi_P07_1	10	304901	95
Chi_P07_1	10	304901	63
Chi_P07_1	10	304901	122
Chi_P07_1	10	304901	161
Chi_P07_1	10	304901	134
Chi_P07_1	10	304901	50
Chi_P07_1	10	304901	100
Chi_P07_1	10	304901	118
Chi_P07_1	10	304901	125
Chi_P07_1	10	304901	92
Chi_P07_1	10	304901	181
Chi_P07_1	10	304901	36
Chi_P07_1	10	304901	99
Chi_P07_1	10	304901	73
Chi_P07_1	10	304901	86
Chi_P07_1	10	304901	95
Chi_P07_1	10	304901	88
Chi_P07_1	10	304901	118
Chi_P07_1	10	304901	99
Chi_P07_1	10	304901	136
Chi_P07_1	10	304901	115
Chi_P07_1	10	304901	134
Chi_P07_1	10	304901	30
Chi_P07_1	10	304901	116
Chi_P07_1	10	304901	65
Chi_P07_1	10	304901	121
Chi_P07_1	10	304901	117
Chi_P07_1	10	304901	119
Chi_P07_1	10	304901	59
Chi_P07_1	10	304901	31
Chi_P07_1	10	304901	41
Chi_P07_1	10	304901	107
Chi_P07_1	10	304901	85
Chi_P07_1	10	304901	100
Chi_P07_1	10	304901	80
Chi_P07_1	10	304901	104
Chi_P07_1	10	304901	33
Chi_P07_1	10	304901	97
Chi_P07_1	10	304901	58
Chi_P07_1	10	304901	63
Chi_P07_1	10	304901	136
Chi_P07_1	10	304901	166
Chi_P07_1	10	304901	90
Chi_P07_1	10	304901	61
Chi_P07_1	10	304901	86
Chi_P07_1	10	304901	100
Chi_P07_1	10	304901	104
Chi_P07_1	10	304901	84
Chi_P07_1	10	304901	87
Chi_P07_1	10	304901	113
Chi_P07_1	10	304901	65
Chi_P07_1	10	304901	103
Chi_P07_1	10	304901	92
Chi_P07_1	10	304901	125
Chi_P07_1	10	304901	605
Chi_P07_1	10	304901	78
Chi_P07_1	10	304901	54
Chi_P07_1	10	304901	78
Chi_P07_1	10	304901	29
Chi_P07_1	10	304901	76
Chi_P07_1	10	304901	73
Chi_P07_1	10	304901	99
Chi_P07_1	10	304901	39
Chi_P07_1	10	304901	155
Chi_P07_1	10	304901	155
Chi_P07_1	10	304901	90
Chi_P07_1	10	304901	96
Chi_P07_1	10	304901	30
Chi_P07_1	10	304901	103
Chi_P07_1	10	304901	88
Chi_P07_1	10	304901	39
Chi_P07_1	10	304901	61
Chi_P07_1	10	304901	132
Chi_P07_1	10	304901	144
Chi_P07_1	10	304901	106
Chi_P07_1	10	304901	75
Chi_P07_1	10	304901	51
Chi_P07_1	10	304901	88
Chi_P07_1	10	304901	118
Chi_P07_1	10	304901	90
Chi_P07_1	11	272962	111
Chi_P07_1	11	272962	79
Chi_P07_1	11	272962	67
Chi_P07_1	11	272962	12
Chi_P07_1	11	272962	157
Chi_P07_1	11	272962	93
Chi_P07_1	11	272962	123
Chi_P07_1	11	272962	113
Chi_P07_1	11	272962	87
Chi_P07_1	11	272962	128
Chi_P07_1	11	272962	84
Chi_P07_1	11	272962	106
Chi_P07_1	11	272962	52
Chi_P07_1	11	272962	115
Chi_P07_1	11	272962	52
Chi_P07_1	11	272962	23
Chi_P07_1	11	272962	89
Chi_P07_1	11	272962	266
Chi_P07_1	11	272962	173
Chi_P07_1	11	272962	109
Chi_P07_1	11	272962	94
Chi_P07_1	11	272962	121
Chi_P07_1	11	272962	91
Chi_P07_1	11	272962	99
Chi_P07_1	11	272962	101
Chi_P07_1	11	272962	43
Chi_P07_1	11	272962	90
Chi_P07_1	11	272962	90
Chi_P07_1	11	272962	52
Chi_P07_1	11	272962	49
Chi_P07_1	11	272962	114
Chi_P07_1	11	272962	73
Chi_P07_1	11	272962	215
Chi_P07_1	11	272962	140
Chi_P07_1	11	272962	102
Chi_P07_1	11	272962	123
Chi_P07_1	11	272962	91
Chi_P07_1	11	272962	111
Chi_P07_1	11	272962	204
Chi_P07_1	11	272962	139
Chi_P07_1	11	272962	125
Chi_P07_1	11	272962	145
Chi_P07_1	11	272962	182
Chi_P07_1	11	272962	55
Chi_P07_1	11	272962	129
Chi_P07_1	11	272962	159
Chi_P07_1	11	272962	213
Chi_P07_1	11	272962	101
Chi_P07_1	11	272962	175
Chi_P07_1	11	272962	103
Chi_P07_1	11	272962	140
Chi_P07_1	11	272962	124
Chi_P07_1	11	272962	100
Chi_P07_1	11	272962	88
Chi_P07_1	11	272962	111
Chi_P07_1	11	272962	42
Chi_P07_1	11	272962	96
Chi_P07_1	11	272962	112
Chi_P07_1	11	272962	136
Chi_P07_1	11	272962	34
Chi_P07_1	11	272962	77
Chi_P07_1	11	272962	18
Chi_P07_1	11	272962	106
Chi_P07_1	11	272962	127
Chi_P07_1	11	272962	219
Chi_P07_1	11	272962	102
Chi_P07_1	11	272962	98
Chi_P07_1	11	272962	80
Chi_P07_1	11	272962	121
Chi_P07_1	11	272962	145
Chi_P07_1	11	272962	37
Chi_P07_1	11	272962	460
Chi_P07_1	11	272962	187
Chi_P07_1	11	272962	69
Chi_P07_1	11	272962	92
Chi_P07_1	11	272962	71
Chi_P07_1	11	272962	207
Chi_P07_1	11	272962	134
Chi_P07_1	11	272962	29
Chi_P07_1	11	272962	104
Chi_P07_1	11	272962	105
Chi_P07_1	11	272962	104
Chi_P07_1	11	272962	213
Chi_P07_1	11	272962	140
Chi_P07_1	11	272962	112
Chi_P07_1	11	272962	94
Chi_P07_1	11	272962	73
Chi_P07_1	11	272962	112
Chi_P07_1	11	272962	124
Chi_P07_1	11	272962	201
Chi_P07_1	11	272962	150
Chi_P07_1	11	272962	103
Chi_P07_1	11	272962	151
Chi_P07_1	11	272962	93
Chi_P07_1	11	272962	113
Chi_P07_1	11	272962	119
Chi_P07_1	11	272962	103
Chi_P07_1	11	272962	259
Chi_P07_1	11	272962	350
Chi_P07_1	11	272962	169
Chi_P07_1	11	272962	91
Chi_P07_1	12	311726	63
Chi_P07_1	12	311726	79
Chi_P07_1	12	311726	64
Chi_P07_1	12	311726	18
Chi_P07_1	12	311726	190
Chi_P07_1	12	311726	41
Chi_P07_1	12	311726	148
Chi_P07_1	12	311726	173
Chi_P07_1	12	311726	115
Chi_P07_1	12	311726	24
Chi_P07_1	12	311726	100
Chi_P07_1	12	311726	81
Chi_P07_1	12	311726	72
Chi_P07_1	12	311726	80
Chi_P07_1	12	311726	72
Chi_P07_1	12	311726	87
Chi_P07_1	12	311726	55
Chi_P07_1	12	311726	87
Chi_P07_1	12	311726	139
Chi_P07_1	12	311726	116
Chi_P07_1	12	311726	49
Chi_P07_1	12	311726	102
Chi_P07_1	12	311726	70
Chi_P07_1	12	311726	117
Chi_P07_1	12	311726	118
Chi_P07_1	12	311726	110
Chi_P07_1	12	311726	156
Chi_P07_1	12	311726	96
Chi_P07_1	12	311726	73
Chi_P07_1	12	311726	164
Chi_P07_1	12	311726	69
Chi_P07_1	12	311726	92
Chi_P07_1	12	311726	103
Chi_P07_1	12	311726	76
Chi_P07_1	12	311726	120
Chi_P07_1	12	311726	222
Chi_P07_1	12	311726	113
Chi_P07_1	12	311726	82
Chi_P07_1	12	311726	164
Chi_P07_1	12	311726	88
Chi_P07_1	12	311726	91
Chi_P07_1	12	311726	180
Chi_P07_1	12	311726	26
Chi_P07_1	12	311726	216
Chi_P07_1	12	311726	104
Chi_P07_1	12	311726	149
Chi_P07_1	12	311726	223
Chi_P07_1	12	311726	153
Chi_P07_1	12	311726	143
Chi_P07_1	12	311726	171
Chi_P07_1	12	311726	50
Chi_P07_1	12	311726	129
Chi_P07_1	12	311726	85
Chi_P07_1	12	311726	51
Chi_P07_1	12	311726	97
Chi_P07_1	12	311726	94
Chi_P07_1	12	311726	112
Chi_P07_1	12	311726	58
Chi_P07_1	12	311726	64
Chi_P07_1	12	311726	90
Chi_P07_1	12	311726	68
Chi_P07_1	12	311726	114
Chi_P07_1	12	311726	70
Chi_P07_1	12	311726	39
Chi_P07_1	12	311726	323
Chi_P07_1	12	311726	116
Chi_P07_1	12	311726	113
Chi_P07_1	12	311726	92
Chi_P07_1	12	311726	134
Chi_P07_1	12	311726	942
Chi_P07_1	12	311726	337
Chi_P07_1	12	311726	101
Chi_P07_1	12	311726	122
Chi_P07_1	12	311726	105
Chi_P07_1	12	311726	162
Chi_P07_1	12	311726	74
Chi_P07_1	12	311726	354
Chi_P07_1	12	311726	33
Chi_P07_1	12	311726	194
Chi_P07_1	12	311726	97
Chi_P07_1	12	311726	129
Chi_P07_1	12	311726	122
Chi_P07_1	12	311726	19
Chi_P07_1	12	311726	84
Chi_P07_1	12	311726	50
Chi_P07_1	12	311726	88
Chi_P07_1	12	311726	285
Chi_P07_1	12	311726	69
Chi_P07_1	12	311726	86
Chi_P07_1	12	311726	166
Chi_P07_1	12	311726	118
Chi_P07_1	12	311726	203
Chi_P07_1	12	311726	74
Chi_P07_1	12	311726	35
Chi_P07_1	12	311726	106
Chi_P07_1	12	311726	149
Chi_P07_1	12	311726	48
Chi_P07_1	12	311726	76
Chi_P07_1	12	311726	91
Chi_P07_1	12	311726	142
Chi_P07_1	12	311726	47
Chi_P07_1	12	311726	326
Chi_P07_1	12	311726	49
Chi_P07_1	12	311726	103
Chi_P07_1	12	311726	37
Chi_P07_1	12	311726	17
Chi_P07_1	12	311726	36
Chi_P07_1	12	311726	99
Chi_P07_1	12	311726	79
Chi_P07_1	12	311726	100
Chi_P07_1	12	311726	90
Chi_P07_1	12	311726	43
Chi_P07_1	12	311726	455
Chi_P07_1	12	311726	228
Chi_P07_1	12	311726	42
Chi_P07_1	12	311726	119
Chi_P07_1	12	311726	116
Chi_P07_1	12	311726	36
Chi_P07_1	13	282290	139
Chi_P07_1	13	282290	156
Chi_P07_1	13	282290	98
Chi_P07_1	13	282290	123
Chi_P07_1	13	282290	120
Chi_P07_1	13	282290	161
Chi_P07_1	13	282290	118
Chi_P07_1	13	282290	171
Chi_P07_1	13	282290	119
Chi_P07_1	13	282290	154
Chi_P07_1	13	282290	198
Chi_P07_1	13	282290	123
Chi_P07_1	13	282290	89
Chi_P07_1	13	282290	150
Chi_P07_1	13	282290	81
Chi_P07_1	13	282290	59
Chi_P07_1	13	282290	84
Chi_P07_1	13	282290	153
Chi_P07_1	13	282290	165
Chi_P07_1	13	282290	105
Chi_P07_1	13	282290	152
Chi_P07_1	13	282290	220
Chi_P07_1	13	282290	225
Chi_P07_1	13	282290	245
Chi_P07_1	13	282290	133
Chi_P07_1	13	282290	121
Chi_P07_1	13	282290	217
Chi_P07_1	13	282290	191
Chi_P07_1	13	282290	195
Chi_P07_1	13	282290	98
Chi_P07_1	13	282290	152
Chi_P07_1	13	282290	133
Chi_P07_1	13	282290	224
Chi_P07_1	13	282290	158
Chi_P07_1	13	282290	127
Chi_P07_1	13	282290	164
Chi_P07_1	13	282290	146
Chi_P07_1	13	282290	132
Chi_P07_1	13	282290	234
Chi_P07_1	13	282290	122
Chi_P07_1	13	282290	205
Chi_P07_1	13	282290	229
Chi_P07_1	13	282290	111
Chi_P07_1	13	282290	142
Chi_P07_1	13	282290	325
Chi_P07_1	13	282290	125
Chi_P07_1	13	282290	108
Chi_P07_1	13	282290	391
Chi_P07_1	13	282290	108
Chi_P07_1	13	282290	118
Chi_P07_1	13	282290	184
Chi_P07_1	13	282290	152
Chi_P07_1	13	282290	170
Chi_P07_1	13	282290	210
Chi_P07_1	13	282290	107
Chi_P07_1	13	282290	175
Chi_P07_1	13	282290	369
Chi_P07_1	13	282290	144
Chi_P07_1	13	282290	263
Chi_P07_1	13	282290	173
Chi_P07_1	13	282290	242
Chi_P07_1	13	282290	135
Chi_P07_1	13	282290	124
Chi_P07_1	13	282290	554
Chi_P07_1	13	282290	196
Chi_P07_1	13	282290	51
Chi_P07_1	13	282290	55
Chi_P07_1	13	282290	40
Chi_P07_1	13	282290	67
Chi_P07_1	13	282290	229
Chi_P07_1	13	282290	181
Chi_P07_1	13	282290	146
Chi_P07_1	13	282290	157
Chi_P07_1	13	282290	254
Chi_P07_1	13	282290	123
Chi_P07_1	13	282290	106
Chi_P07_1	13	282290	71
Chi_P07_1	13	282290	102
Chi_P07_1	13	282290	982
Chi_P07_1	13	282290	161
Chi_P07_1	13	282290	126
Chi_P07_1	13	282290	114
Chi_P07_1	13	282290	213
Chi_P07_1	13	282290	153
Chi_P07_1	13	282290	581
Chi_P07_1	13	282290	143
Chi_P07_1	13	282290	171
Chi_P07_1	13	282290	511
Chi_P07_1	13	282290	127
Chi_P07_1	13	282290	155
Chi_P07_1	13	282290	92
Chi_P07_1	13	282290	106
Chi_P07_1	13	282290	39
Chi_P07_1	13	282290	164
Chi_P07_1	13	282290	30
Chi_P07_1	13	282290	188
Chi_P07_1	13	282290	131
Chi_P07_1	13	282290	115
Chi_P07_1	13	282290	160
Chi_P07_1	13	282290	221
Chi_P07_1	13	282290	362
Chi_P07_1	13	282290	154
Chi_P07_1	13	282290	202
Chi_P07_1	13	282290	169
Chi_P07_1	13	282290	103
Chi_P07_1	13	282290	186
Chi_P07_1	13	282290	225
Chi_P07_1	13	282290	74
Chi_P07_1	13	282290	99
Chi_P07_1	13	282290	136
Chi_P07_1	13	282290	160
Chi_P07_1	13	282290	25
Chi_P07_1	13	282290	217
Chi_P07_1	13	282290	170
Chi_P07_1	13	282290	231
Chi_P07_1	13	282290	166
Chi_P07_1	13	282290	72
Chi_P07_1	13	282290	440
Chi_P07_1	13	282290	134
Chi_P07_1	13	282290	31
Chi_P07_1	13	282290	189
Chi_P07_1	13	282290	135
Chi_P07_1	13	282290	50
Chi_P07_1	14	345008	48
Chi_P07_1	14	345008	118
Chi_P07_1	14	345008	73
Chi_P07_1	14	345008	165
Chi_P07_1	14	345008	174
Chi_P07_1	14	345008	107
Chi_P07_1	14	345008	144
Chi_P07_1	14	345008	258
Chi_P07_1	14	345008	102
Chi_P07_1	14	345008	123
Chi_P07_1	14	345008	116
Chi_P07_1	14	345008	147
Chi_P07_1	14	345008	77
Chi_P07_1	14	345008	91
Chi_P07_1	14	345008	129
Chi_P07_1	14	345008	108
Chi_P07_1	14	345008	101
Chi_P07_1	14	345008	114
Chi_P07_1	14	345008	154
Chi_P07_1	14	345008	140
Chi_P07_1	14	345008	74
Chi_P07_1	14	345008	84
Chi_P07_1	14	345008	231
Chi_P07_1	14	345008	125
Chi_P07_1	14	345008	196
Chi_P07_1	14	345008	67
Chi_P07_1	14	345008	80
Chi_P07_1	14	345008	73
Chi_P07_1	14	345008	178
Chi_P07_1	14	345008	143
Chi_P07_1	14	345008	125
Chi_P07_1	14	345008	97
Chi_P07_1	14	345008	179
Chi_P07_1	14	345008	338
Chi_P07_1	14	345008	92
Chi_P07_1	14	345008	95
Chi_P07_1	14	345008	163
Chi_P07_1	14	345008	172
Chi_P07_1	14	345008	56
Chi_P07_1	14	345008	182
Chi_P07_1	14	345008	151
Chi_P07_1	14	345008	131
Chi_P07_1	14	345008	121
Chi_P07_1	14	345008	90
Chi_P07_1	14	345008	50
Chi_P07_1	14	345008	83
Chi_P07_1	14	345008	145
Chi_P07_1	14	345008	330
Chi_P07_1	14	345008	91
Chi_P07_1	14	345008	154
Chi_P07_1	14	345008	112
Chi_P07_1	14	345008	181
Chi_P07_1	14	345008	130
Chi_P07_1	14	345008	300
Chi_P07_1	14	345008	251
Chi_P07_1	14	345008	125
Chi_P07_1	14	345008	83
Chi_P07_1	14	345008	194
Chi_P07_1	14	345008	105
Chi_P07_1	14	345008	117
Chi_P07_1	14	345008	202
Chi_P07_1	14	345008	230
Chi_P07_1	14	345008	40
Chi_P07_1	14	345008	149
Chi_P07_1	14	345008	187
Chi_P07_1	14	345008	56
Chi_P07_1	14	345008	147
Chi_P07_1	14	345008	239
Chi_P07_1	14	345008	161
Chi_P07_1	14	345008	93
Chi_P07_1	14	345008	264
Chi_P07_1	14	345008	160
Chi_P07_1	14	345008	114
Chi_P07_1	14	345008	119
Chi_P07_1	14	345008	67
Chi_P07_1	14	345008	119
Chi_P07_1	14	345008	82
Chi_P07_1	14	345008	153
Chi_P07_1	14	345008	99
Chi_P07_1	14	345008	67
Chi_P07_1	14	345008	100
Chi_P07_1	14	345008	115
Chi_P07_1	14	345008	66
Chi_P07_1	14	345008	250
Chi_P07_1	14	345008	218
Chi_P07_1	14	345008	130
Chi_P07_1	14	345008	51
Chi_P07_1	14	345008	152
Chi_P07_1	14	345008	160
Chi_P07_1	14	345008	144
Chi_P07_1	14	345008	135
Chi_P07_1	14	345008	16
Chi_P07_1	14	345008	295
Chi_P07_1	14	345008	195
Chi_P07_1	14	345008	94
Chi_P07_1	14	345008	133
Chi_P07_1	14	345008	125
Chi_P07_1	14	345008	328
Chi_P07_1	14	345008	91
Chi_P07_1	14	345008	84
Chi_P07_1	14	345008	210
Chi_P07_1	14	345008	90
Chi_P07_1	14	345008	108
Chi_P07_1	14	345008	155
Chi_P07_1	14	345008	132
Chi_P07_1	14	345008	127
Chi_P07_1	14	345008	103
Chi_P07_1	14	345008	100
Chi_P07_1	14	345008	99
Chi_P07_1	14	345008	120
Chi_P07_1	14	345008	151
Chi_P07_1	14	345008	28
Chi_P07_1	14	345008	235
Chi_P07_1	14	345008	64
Chi_P07_1	14	345008	134
Chi_P07_1	14	345008	719
Chi_P07_1	14	345008	199
Chi_P07_1	14	345008	139
Chi_P07_1	14	345008	130
Chi_P07_1	14	345008	184
Chi_P07_1	14	345008	139
Chi_P07_1	14	345008	189
Chi_P07_1	14	345008	144
Chi_P07_1	14	345008	101
Chi_P07_1	14	345008	88
Chi_P07_1	14	345008	211
Chi_P07_1	14	345008	115
Chi_P07_1	14	345008	125
Chi_P07_1	14	345008	149
Chi_P07_1	14	345008	18
Chi_P07_1	14	345008	67
Chi_P07_1	14	345008	169
Chi_P07_1	14	345008	20
Chi_P07_1	14	345008	24
Chi_P07_1	14	345008	85
Chi_P07_1	14	345008	106
Chi_P07_1	14	345008	35
Chi_P07_1	14	345008	149
Chi_P07_1	14	345008	236
Chi_P07_1	14	345008	142
Chi_P07_1	14	345008	180
Chi_P07_1	14	345008	198
Chi_P07_1	14	345008	129
Chi_P07_1	14	345008	180
Chi_P07_1	14	345008	253
Chi_P07_1	14	345008	100
Chi_P07_1	14	345008	110
Chi_P07_1	14	345008	88
Chi_P07_1	14	345008	119
Chi_P07_1	14	345008	154
Chi_P07_1	14	345008	246
Chi_P07_1	14	345008	60
Chi_P07_1	14	345008	156
Chi_P07_1	14	345008	41
Chi_P07_1	14	345008	151
Chi_P07_1	14	345008	251
Chi_P07_1	14	345008	32
Chi_P07_1	14	345008	63
Chi_P07_1	14	345008	98
Chi_P07_1	14	345008	122
Chi_P07_1	14	345008	83
Chi_P07_1	14	345008	154
Chi_P07_1	14	345008	164
Chi_P07_1	14	345008	102
Chi_P07_1	14	345008	166
Chi_P07_1	15	284097	266
Chi_P07_1	15	284097	85
Chi_P07_1	15	284097	141
Chi_P07_1	15	284097	71
Chi_P07_1	15	284097	144
Chi_P07_1	15	284097	45
Chi_P07_1	15	284097	215
Chi_P07_1	15	284097	63
Chi_P07_1	15	284097	49
Chi_P07_1	15	284097	85
Chi_P07_1	15	284097	61
Chi_P07_1	15	284097	88
Chi_P07_1	15	284097	38
Chi_P07_1	15	284097	189
Chi_P07_1	15	284097	181
Chi_P07_1	15	284097	269
Chi_P07_1	15	284097	164
Chi_P07_1	15	284097	33
Chi_P07_1	15	284097	95
Chi_P07_1	15	284097	127
Chi_P07_1	15	284097	226
Chi_P07_1	15	284097	163
Chi_P07_1	15	284097	91
Chi_P07_1	15	284097	111
Chi_P07_1	15	284097	136
Chi_P07_1	15	284097	260
Chi_P07_1	15	284097	131
Chi_P07_1	15	284097	101
Chi_P07_1	15	284097	126
Chi_P07_1	15	284097	86
Chi_P07_1	15	284097	322
Chi_P07_1	15	284097	171
Chi_P07_1	15	284097	100
Chi_P07_1	15	284097	106
Chi_P07_1	15	284097	83
Chi_P07_1	15	284097	157
Chi_P07_1	15	284097	125
Chi_P07_1	15	284097	123
Chi_P07_1	15	284097	154
Chi_P07_1	15	284097	139
Chi_P07_1	15	284097	75
Chi_P07_1	15	284097	208
Chi_P07_1	15	284097	255
Chi_P07_1	15	284097	98
Chi_P07_1	15	284097	229
Chi_P07_1	15	284097	245
Chi_P07_1	15	284097	179
Chi_P07_1	15	284097	145
Chi_P07_1	15	284097	196
Chi_P07_1	15	284097	60
Chi_P07_1	15	284097	129
Chi_P07_1	15	284097	110
Chi_P07_1	15	284097	309
Chi_P07_1	15	284097	496
Chi_P07_1	15	284097	200
Chi_P07_1	15	284097	165
Chi_P07_1	15	284097	337
Chi_P07_1	15	284097	122
Chi_P07_1	15	284097	178
Chi_P07_1	15	284097	78
Chi_P07_1	15	284097	243
Chi_P07_1	15	284097	303
Chi_P07_1	15	284097	129
Chi_P07_1	15	284097	116
Chi_P07_1	15	284097	134
Chi_P07_1	15	284097	204
Chi_P07_1	15	284097	118
Chi_P07_1	15	284097	127
Chi_P07_1	15	284097	154
Chi_P07_1	15	284097	165
Chi_P07_1	15	284097	139
Chi_P07_1	15	284097	197
Chi_P07_1	15	284097	165
Chi_P07_1	15	284097	206
Chi_P07_1	15	284097	168
Chi_P07_1	15	284097	102
Chi_P07_1	15	284097	85
Chi_P07_1	15	284097	42
Chi_P07_1	15	284097	147
Chi_P07_1	15	284097	145
Chi_P07_1	15	284097	192
Chi_P07_1	15	284097	216
Chi_P07_1	15	284097	163
Chi_P07_1	15	284097	122
Chi_P07_1	15	284097	169
Chi_P07_1	15	284097	170
Chi_P07_1	15	284097	194
Chi_P07_1	15	284097	226
Chi_P07_1	15	284097	134
Chi_P07_1	15	284097	614
Chi_P07_1	15	284097	110
Chi_P07_1	15	284097	158
Chi_P07_1	15	284097	153
Chi_P07_1	15	284097	102
Chi_P07_1	15	284097	118
Chi_P07_1	15	284097	91
Chi_P07_1	15	284097	114
Chi_P07_1	15	284097	130
Chi_P07_1	15	284097	232
Chi_P07_1	15	284097	113
Chi_P07_1	15	284097	156
Chi_P07_1	15	284097	69
Chi_P07_1	15	284097	33
Chi_P07_1	15	284097	225
Chi_P07_1	15	284097	82
Chi_P07_1	15	284097	93
Chi_P07_1	15	284097	109
Chi_P07_1	15	284097	92
Chi_P07_1	15	284097	111
Chi_P07_1	15	284097	107
Chi_P07_1	15	284097	162
Chi_P07_1	15	284097	152
Chi_P07_1	15	284097	215
Chi_P07_1	15	284097	587
Chi_P07_1	15	284097	129
Chi_P07_1	15	284097	267
Chi_P07_1	15	284097	23
Chi_P07_1	15	284097	167
Chi_P07_1	15	284097	211
Chi_P07_1	15	284097	102
Chi_P07_1	15	284097	48
Chi_P07_1	15	284097	33
Chi_P07_1	15	284097	115
Chi_P07_1	16	312850	226
Chi_P07_1	16	312850	152
Chi_P07_1	16	312850	243
Chi_P07_1	16	312850	183
Chi_P07_1	16	312850	127
Chi_P07_1	16	312850	134
Chi_P07_1	16	312850	186
Chi_P07_1	16	312850	39
Chi_P07_1	16	312850	113
Chi_P07_1	16	312850	115
Chi_P07_1	16	312850	151
Chi_P07_1	16	312850	90
Chi_P07_1	16	312850	247
Chi_P07_1	16	312850	418
Chi_P07_1	16	312850	106
Chi_P07_1	16	312850	119
Chi_P07_1	16	312850	171
Chi_P07_1	16	312850	87
Chi_P07_1	16	312850	169
Chi_P07_1	16	312850	290
Chi_P07_1	16	312850	124
Chi_P07_1	16	312850	203
Chi_P07_1	16	312850	134
Chi_P07_1	16	312850	111
Chi_P07_1	16	312850	292
Chi_P07_1	16	312850	98
Chi_P07_1	16	312850	209
Chi_P07_1	16	312850	148
Chi_P07_1	16	312850	214
Chi_P07_1	16	312850	162
Chi_P07_1	16	312850	202
Chi_P07_1	16	312850	193
Chi_P07_1	16	312850	134
Chi_P07_1	16	312850	141
Chi_P07_1	16	312850	92
Chi_P07_1	16	312850	146
Chi_P07_1	16	312850	580
Chi_P07_1	16	312850	128
Chi_P07_1	16	312850	14
Chi_P07_1	16	312850	128
Chi_P07_1	16	312850	81
Chi_P07_1	16	312850	442
Chi_P07_1	16	312850	80
Chi_P07_1	16	312850	71
Chi_P07_1	16	312850	195
Chi_P07_1	16	312850	101
Chi_P07_1	16	312850	70
Chi_P07_1	16	312850	125
Chi_P07_1	16	312850	199
Chi_P07_1	16	312850	297
Chi_P07_1	16	312850	125
Chi_P07_1	16	312850	188
Chi_P07_1	16	312850	140
Chi_P07_1	16	312850	242
Chi_P07_1	16	312850	124
Chi_P07_1	16	312850	67
Chi_P07_1	16	312850	82
Chi_P07_1	16	312850	129
Chi_P07_1	16	312850	130
Chi_P07_1	16	312850	197
Chi_P07_1	16	312850	93
Chi_P07_1	16	312850	267
Chi_P07_1	16	312850	166
Chi_P07_1	16	312850	123
Chi_P07_1	16	312850	209
Chi_P07_1	16	312850	109
Chi_P07_1	16	312850	159
Chi_P07_1	16	312850	161
Chi_P07_1	16	312850	245
Chi_P07_1	16	312850	85
Chi_P07_1	16	312850	91
Chi_P07_1	16	312850	281
Chi_P07_1	16	312850	65
Chi_P07_1	16	312850	64
Chi_P07_1	16	312850	89
Chi_P07_1	16	312850	285
Chi_P07_1	16	312850	326
Chi_P07_1	16	312850	125
Chi_P07_1	16	312850	344
Chi_P07_1	16	312850	180
Chi_P07_1	16	312850	100
Chi_P07_1	16	312850	88
Chi_P07_1	16	312850	63
Chi_P07_1	16	312850	150
Chi_P07_1	16	312850	77
Chi_P07_1	16	312850	149
Chi_P07_1	16	312850	100
Chi_P07_1	16	312850	164
Chi_P07_1	16	312850	105
Chi_P07_1	16	312850	86
Chi_P07_1	16	312850	141
Chi_P07_1	16	312850	71
Chi_P07_1	16	312850	145
Chi_P07_1	16	312850	18
Chi_P07_1	16	312850	60
Chi_P07_1	16	312850	100
Chi_P07_1	16	312850	58
Chi_P07_1	16	312850	155
Chi_P07_1	16	312850	196
Chi_P07_1	16	312850	130
Chi_P07_1	16	312850	192
Chi_P07_1	16	312850	92
Chi_P07_1	16	312850	171
Chi_P07_1	16	312850	61
Chi_P07_1	16	312850	72
Chi_P07_1	16	312850	144
Chi_P07_1	16	312850	114
Chi_P07_1	16	312850	139
Chi_P07_1	16	312850	122
Chi_P07_1	16	312850	89
Chi_P07_1	16	312850	131
Chi_P07_1	16	312850	97
Chi_P07_1	16	312850	95
Chi_P07_1	16	312850	43
Chi_P07_1	16	312850	84
Chi_P07_1	16	312850	306
Chi_P07_1	16	312850	106
Chi_P07_1	16	312850	218
Chi_P07_1	16	312850	550
Chi_P07_1	16	312850	82
Chi_P07_1	16	312850	153
Chi_P07_1	16	312850	92
Chi_P07_1	16	312850	130
Chi_P07_1	16	312850	171
Chi_P07_1	16	312850	84
Chi_P07_1	16	312850	69
Chi_P07_1	16	312850	76
Chi_P07_1	16	312850	148
Chi_P07_1	16	312850	65
Chi_P07_1	16	312850	97
Chi_P07_1	16	312850	130
Chi_P07_1	16	312850	66
Chi_P07_1	16	312850	177
Chi_P07_1	16	312850	75
Chi_P07_1	16	312850	154
Chi_P07_1	16	312850	87
Chi_P07_1	16	312850	125
Chi_P07_1	16	312850	20
Chi_P07_1	16	312850	152
Chi_P07_1	16	312850	71
Chi_P07_1	16	312850	88
Chi_P07_1	16	312850	126
Chi_P07_1	16	312850	105
Chi_P07_1	16	312850	140
Chi_P07_1	16	312850	104
Chi_P07_1	16	312850	78
Chi_P07_1	16	312850	86
Chi_P07_1	16	312850	93
Chi_P07_1	16	312850	97
Chi_P07_1	16	312850	122
Chi_P07_1	16	312850	47
Chi_P07_1	16	312850	170
Chi_P07_1	16	312850	84
Chi_P07_1	16	312850	53
Chi_P07_1	16	312850	115
Chi_P07_1	16	312850	74
Chi_P07_1	16	312850	274
Chi_P07_1	16	312850	100
Chi_P07_1	16	312850	56
Chi_P07_1	16	312850	93
Chi_P07_1	16	312850	135
Chi_P07_1	16	312850	117
Chi_P07_1	16	312850	151
Chi_P07_1	17	350100	62
Chi_P07_1	17	350100	53
Chi_P07_1	17	350100	260
Chi_P07_1	17	350100	20
Chi_P07_1	17	350100	79
Chi_P07_1	17	350100	49
Chi_P07_1	17	350100	94
Chi_P07_1	17	350100	125
Chi_P07_1	17	350100	133
Chi_P07_1	17	350100	68
Chi_P07_1	17	350100	118
Chi_P07_1	17	350100	104
Chi_P07_1	17	350100	81
Chi_P07_1	17	350100	124
Chi_P07_1	17	350100	143
Chi_P07_1	17	350100	72
Chi_P07_1	17	350100	81
Chi_P07_1	17	350100	85
Chi_P07_1	17	350100	99
Chi_P07_1	17	350100	125
Chi_P07_1	17	350100	151
Chi_P07_1	17	350100	138
Chi_P07_1	17	350100	151
Chi_P07_1	17	350100	26
Chi_P07_1	17	350100	38
Chi_P07_1	17	350100	65
Chi_P07_1	17	350100	98
Chi_P07_1	17	350100	67
Chi_P07_1	17	350100	39
Chi_P07_1	17	350100	181
Chi_P07_1	17	350100	111
Chi_P07_1	17	350100	166
Chi_P07_1	17	350100	82
Chi_P07_1	17	350100	130
Chi_P07_1	17	350100	50
Chi_P07_1	17	350100	122
Chi_P07_1	17	350100	105
Chi_P07_1	17	350100	92
Chi_P07_1	17	350100	82
Chi_P07_1	17	350100	74
Chi_P07_1	17	350100	34
Chi_P07_1	17	350100	83
Chi_P07_1	17	350100	54
Chi_P07_1	17	350100	120
Chi_P07_1	17	350100	127
Chi_P07_1	17	350100	83
Chi_P07_1	17	350100	79
Chi_P07_1	17	350100	57
Chi_P07_1	17	350100	141
Chi_P07_1	17	350100	96
Chi_P07_1	17	350100	216
Chi_P07_1	17	350100	26
Chi_P07_1	17	350100	103
Chi_P07_1	17	350100	82
Chi_P07_1	17	350100	51
Chi_P07_1	17	350100	55
Chi_P07_1	17	350100	87
Chi_P07_1	17	350100	107
Chi_P07_1	17	350100	24
Chi_P07_1	17	350100	69
Chi_P07_1	17	350100	144
Chi_P07_1	17	350100	62
Chi_P07_1	17	350100	91
Chi_P07_1	17	350100	111
Chi_P07_1	17	350100	78
Chi_P07_1	17	350100	108
Chi_P07_1	17	350100	130
Chi_P07_1	17	350100	598
Chi_P07_1	17	350100	110
Chi_P07_1	17	350100	108
Chi_P07_1	17	350100	77
Chi_P07_1	17	350100	53
Chi_P07_1	17	350100	27
Chi_P07_1	17	350100	60
Chi_P07_1	17	350100	34
Chi_P07_1	17	350100	117
Chi_P07_1	17	350100	49
Chi_P07_1	17	350100	78
Chi_P07_1	17	350100	51
Chi_P07_1	17	350100	71
Chi_P07_1	17	350100	19
Chi_P07_1	17	350100	91
Chi_P07_1	17	350100	24
Chi_P07_1	17	350100	70
Chi_P07_1	18	317919	47
Chi_P07_1	18	317919	33
Chi_P07_1	18	317919	84
Chi_P07_1	18	317919	73
Chi_P07_1	18	317919	45
Chi_P07_1	18	317919	83
Chi_P07_1	18	317919	71
Chi_P07_1	18	317919	122
Chi_P07_1	18	317919	141
Chi_P07_1	18	317919	179
Chi_P07_1	18	317919	134
Chi_P07_1	18	317919	59
Chi_P07_1	18	317919	145
Chi_P07_1	18	317919	102
Chi_P07_1	18	317919	88
Chi_P07_1	18	317919	153
Chi_P07_1	18	317919	48
Chi_P07_1	18	317919	60
Chi_P07_1	18	317919	102
Chi_P07_1	18	317919	80
Chi_P07_1	18	317919	77
Chi_P07_1	18	317919	108
Chi_P07_1	18	317919	74
Chi_P07_1	18	317919	113
Chi_P07_1	18	317919	104
Chi_P07_1	18	317919	91
Chi_P07_1	18	317919	79
Chi_P07_1	18	317919	76
Chi_P07_1	18	317919	88
Chi_P07_1	18	317919	107
Chi_P07_1	18	317919	103
Chi_P07_1	18	317919	98
Chi_P07_1	18	317919	98
Chi_P07_1	18	317919	91
Chi_P07_1	18	317919	143
Chi_P07_1	18	317919	79
Chi_P07_1	18	317919	57
Chi_P07_1	18	317919	97
Chi_P07_1	18	317919	51
Chi_P07_1	18	317919	147
Chi_P07_1	18	317919	38
Chi_P07_1	18	317919	111
Chi_P07_1	18	317919	339
Chi_P07_1	18	317919	64
Chi_P07_1	18	317919	97
Chi_P07_1	18	317919	61
Chi_P07_1	18	317919	86
Chi_P07_1	18	317919	111
Chi_P07_1	18	317919	122
Chi_P07_1	18	317919	60
Chi_P07_1	18	317919	109
Chi_P07_1	18	317919	43
Chi_P07_1	18	317919	51
Chi_P07_1	18	317919	87
Chi_P07_1	18	317919	156
Chi_P07_1	18	317919	82
Chi_P07_1	18	317919	132
Chi_P07_1	18	317919	102
Chi_P07_1	18	317919	117
Chi_P07_1	18	317919	14
Chi_P07_1	18	317919	107
Chi_P07_1	18	317919	48
Chi_P07_1	18	317919	98
Chi_P07_1	18	317919	50
Chi_P07_1	18	317919	90
Chi_P07_1	18	317919	123
Chi_P07_1	18	317919	49
Chi_P07_1	18	317919	111
Chi_P07_1	18	317919	114
Chi_P07_1	18	317919	112
Chi_P07_1	18	317919	193
Chi_P07_1	18	317919	113
Chi_P07_1	18	317919	64
Chi_P07_1	18	317919	33
Chi_P07_1	18	317919	166
Chi_P07_1	18	317919	84
Chi_P07_1	18	317919	339
Chi_P07_1	18	317919	106
Chi_P07_1	18	317919	66
Chi_P07_1	18	317919	94
Chi_P07_1	18	317919	139
Chi_P07_1	18	317919	83
Chi_P07_1	18	317919	75
Chi_P07_1	18	317919	95
Chi_P07_1	18	317919	89
Chi_P07_1	18	317919	59
Chi_P07_1	18	317919	124
Chi_P07_1	18	317919	638
Chi_P07_1	18	317919	121
Chi_P07_1	18	317919	318
Chi_P07_1	18	317919	132
Chi_P07_1	18	317919	56
Chi_P07_1	18	317919	89
Chi_P07_1	18	317919	72
Chi_P07_1	18	317919	130
Chi_P07_1	18	317919	63
Chi_P07_1	18	317919	112
Chi_P07_1	18	317919	127
Chi_P07_1	18	317919	128
Chi_P07_1	18	317919	98
Chi_P07_1	18	317919	119
Chi_P07_1	18	317919	86
Chi_P07_1	18	317919	125
Chi_P07_1	18	317919	131
Chi_P07_1	18	317919	165
Chi_P07_1	18	317919	23
Chi_P07_1	18	317919	115
Chi_P07_1	18	317919	116
Chi_P07_1	19	347652	18
Chi_P07_1	19	347652	52
Chi_P07_1	19	347652	130
Chi_P07_1	19	347652	90
Chi_P07_1	19	347652	34
Chi_P07_1	19	347652	42
Chi_P07_1	19	347652	102
Chi_P07_1	19	347652	22
Chi_P07_1	19	347652	47
Chi_P07_1	19	347652	50
Chi_P07_1	19	347652	115
Chi_P07_1	19	347652	73
Chi_P07_1	19	347652	172
Chi_P07_1	19	347652	35
Chi_P07_1	19	347652	87
Chi_P07_1	19	347652	71
Chi_P07_1	19	347652	71
Chi_P07_1	19	347652	93
Chi_P07_1	19	347652	123
Chi_P07_1	19	347652	43
Chi_P07_1	19	347652	66
Chi_P07_1	19	347652	66
Chi_P07_1	19	347652	88
Chi_P07_1	19	347652	55
Chi_P07_1	19	347652	53
Chi_P07_1	19	347652	68
Chi_P07_1	19	347652	104
Chi_P07_1	19	347652	31
Chi_P07_1	19	347652	138
Chi_P07_1	19	347652	96
Chi_P07_1	19	347652	109
Chi_P07_1	19	347652	56
Chi_P07_1	19	347652	125
Chi_P07_1	19	347652	176
Chi_P07_1	19	347652	14
Chi_P07_1	19	347652	78
Chi_P07_1	19	347652	105
Chi_P07_1	19	347652	119
Chi_P07_1	19	347652	93
Chi_P07_1	19	347652	32
Chi_P07_1	19	347652	106
Chi_P07_1	19	347652	60
Chi_P07_1	19	347652	59
Chi_P07_1	19	347652	80
Chi_P07_1	19	347652	86
Chi_P07_1	19	347652	42
Chi_P07_1	19	347652	43
Chi_P07_1	19	347652	91
Chi_P07_1	19	347652	34
Chi_P07_1	19	347652	66
Chi_P07_1	19	347652	85
Chi_P07_1	19	347652	115
Chi_P07_1	19	347652	53
Chi_P07_1	19	347652	130
Chi_P07_1	19	347652	129
Chi_P07_1	19	347652	61
Chi_P07_1	19	347652	62
Chi_P07_1	19	347652	70
Chi_P07_1	19	347652	54
Chi_P07_1	19	347652	65
Chi_P07_1	19	347652	56
Chi_P07_1	19	347652	48
Chi_P07_1	19	347652	713
Chi_P07_1	19	347652	118
Chi_P07_1	19	347652	11
Chi_P07_1	19	347652	50
Chi_P07_1	19	347652	64
Chi_P07_1	19	347652	157
Chi_P07_1	19	347652	74
Chi_P07_1	19	347652	11
Chi_P07_1	19	347652	16
Chi_P07_1	19	347652	52
Chi_P07_1	19	347652	54
Chi_P07_1	19	347652	40
Chi_P07_1	19	347652	98
Chi_P07_1	19	347652	61
Chi_P07_1	19	347652	66
Chi_P07_1	19	347652	32
Chi_P07_1	19	347652	36
Chi_P07_1	19	347652	17
Chi_P07_1	19	347652	38
Chi_P07_1	19	347652	76
Chi_P07_1	20	291452	63
Chi_P07_1	20	291452	42
Chi_P07_1	20	291452	93
Chi_P07_1	20	291452	42
Chi_P07_1	20	291452	91
Chi_P07_1	20	291452	52
Chi_P07_1	20	291452	95
Chi_P07_1	20	291452	113
Chi_P07_1	20	291452	61
Chi_P07_1	20	291452	97
Chi_P07_1	20	291452	90
Chi_P07_1	20	291452	69
Chi_P07_1	20	291452	155
Chi_P07_1	20	291452	55
Chi_P07_1	20	291452	55
Chi_P07_1	20	291452	180
Chi_P07_1	20	291452	104
Chi_P07_1	20	291452	97
Chi_P07_1	20	291452	52
Chi_P07_1	20	291452	83
Chi_P07_1	20	291452	87
Chi_P07_1	20	291452	86
Chi_P07_1	20	291452	71
Chi_P07_1	20	291452	122
Chi_P07_1	20	291452	120
Chi_P07_1	20	291452	141
Chi_P07_1	20	291452	89
Chi_P07_1	20	291452	73
Chi_P07_1	20	291452	61
Chi_P07_1	20	291452	75
Chi_P07_1	20	291452	128
Chi_P07_1	20	291452	79
Chi_P07_1	20	291452	56
Chi_P07_1	20	291452	194
Chi_P07_1	20	291452	47
Chi_P07_1	20	291452	79
Chi_P07_1	20	291452	46
Chi_P07_1	20	291452	102
Chi_P07_1	20	291452	109
Chi_P07_1	20	291452	142
Chi_P07_1	20	291452	60
Chi_P07_1	20	291452	177
Chi_P07_1	20	291452	29
Chi_P07_1	20	291452	121
Chi_P07_1	20	291452	94
Chi_P07_1	20	291452	54
Chi_P07_1	20	291452	53
Chi_P07_1	20	291452	99
Chi_P07_1	20	291452	58
Chi_P07_1	20	291452	38
Chi_P07_1	20	291452	73
Chi_P07_1	20	291452	93
Chi_P07_1	20	291452	98
Chi_P07_1	20	291452	77
Chi_P07_1	20	291452	31
Chi_P07_1	20	291452	64
Chi_P07_1	20	291452	52
Chi_P07_1	20	291452	111
Chi_P07_1	20	291452	46
Chi_P07_1	20	291452	81
Chi_P07_1	20	291452	29
Chi_P07_1	20	291452	95
Chi_P07_1	20	291452	118
Chi_P07_1	20	291452	107
Chi_P07_1	20	291452	131
Chi_P07_1	20	291452	96
Chi_P07_1	20	291452	70
Chi_P07_1	20	291452	69
Chi_P07_1	20	291452	60
Chi_P07_1	20	291452	97
Chi_P07_1	20	291452	104
Chi_P07_1	20	291452	101
Chi_P07_1	20	291452	52
Chi_P07_1	20	291452	798
Chi_P07_1	20	291452	53
Chi_P07_1	20	291452	95
Chi_P07_1	20	291452	41
Chi_P07_1	20	291452	54
Chi_P07_1	20	291452	22
Chi_P07_1	20	291452	141
Chi_P07_1	20	291452	62
Chi_P07_1	20	291452	82
Chi_P07_1	20	291452	172
Chi_P07_1	20	291452	143
Chi_P07_1	20	291452	95
Chi_P07_1	20	291452	88
Chi_P07_1	20	291452	92
Chi_P07_1	20	291452	37
Chi_P07_1	20	291452	76
Chi_P07_1	20	291452	73
Chi_P07_1	20	291452	51
Chi_P07_1	20	291452	119
Chi_P07_1	20	291452	102
Chi_P07_1	20	291452	192
Chi_P07_1	21	342345	30
Chi_P07_1	21	342345	85
Chi_P07_1	21	342345	147
Chi_P07_1	21	342345	115
Chi_P07_1	21	342345	190
Chi_P07_1	21	342345	32
Chi_P07_1	21	342345	41
Chi_P07_1	21	342345	80
Chi_P07_1	21	342345	72
Chi_P07_1	21	342345	61
Chi_P07_1	21	342345	124
Chi_P07_1	21	342345	48
Chi_P07_1	21	342345	59
Chi_P07_1	21	342345	169
Chi_P07_1	21	342345	70
Chi_P07_1	21	342345	121
Chi_P07_1	21	342345	218
Chi_P07_1	21	342345	58
Chi_P07_1	21	342345	93
Chi_P07_1	21	342345	86
Chi_P07_1	21	342345	87
Chi_P07_1	21	342345	110
Chi_P07_1	21	342345	85
Chi_P07_1	21	342345	48
Chi_P07_1	21	342345	78
Chi_P07_1	21	342345	109
Chi_P07_1	21	342345	46
Chi_P07_1	21	342345	66
Chi_P07_1	21	342345	124
Chi_P07_1	21	342345	270
Chi_P07_1	21	342345	85
Chi_P07_1	21	342345	65
Chi_P07_1	21	342345	43
Chi_P07_1	21	342345	77
Chi_P07_1	21	342345	113
Chi_P07_1	21	342345	31
Chi_P07_1	21	342345	294
Chi_P07_1	21	342345	119
Chi_P07_1	21	342345	108
Chi_P07_1	21	342345	160
Chi_P07_1	21	342345	75
Chi_P07_1	21	342345	19
Chi_P07_1	21	342345	229
Chi_P07_1	21	342345	105
Chi_P07_1	21	342345	86
Chi_P07_1	21	342345	92
Chi_P07_1	21	342345	126
Chi_P07_1	21	342345	60
Chi_P07_1	21	342345	75
Chi_P07_1	21	342345	77
Chi_P07_1	21	342345	78
Chi_P07_1	21	342345	93
Chi_P07_1	21	342345	59
Chi_P07_1	21	342345	151
Chi_P07_1	21	342345	98
Chi_P07_1	21	342345	99
Chi_P07_1	21	342345	70
Chi_P07_1	21	342345	44
Chi_P07_1	21	342345	83
Chi_P07_1	21	342345	217
Chi_P07_1	21	342345	185
Chi_P07_1	21	342345	136
Chi_P07_1	21	342345	37
Chi_P07_1	21	342345	123
Chi_P07_1	21	342345	150
Chi_P07_1	21	342345	68
Chi_P07_1	21	342345	111
Chi_P07_1	21	342345	115
Chi_P07_1	21	342345	105
Chi_P07_1	21	342345	92
Chi_P07_1	21	342345	75
Chi_P07_1	21	342345	129
Chi_P07_1	21	342345	58
Chi_P07_1	21	342345	53
Chi_P07_1	21	342345	52
Chi_P07_1	21	342345	17
Chi_P07_1	21	342345	498
Chi_P07_1	21	342345	97
Chi_P07_1	21	342345	109
Chi_P07_1	21	342345	79
Chi_P07_1	21	342345	130
Chi_P07_1	21	342345	65
Chi_P07_1	21	342345	145
Chi_P07_1	21	342345	149
Chi_P07_1	21	342345	108
Chi_P07_1	21	342345	103
Chi_P07_1	21	342345	29
Chi_P07_1	21	342345	74
Chi_P07_1	21	342345	41
Chi_P07_1	21	342345	48
Chi_P07_1	21	342345	118
Chi_P07_1	21	342345	57
Chi_P07_1	21	342345	41
Chi_P07_1	21	342345	89
Chi_P07_1	21	342345	128
Chi_P07_1	21	342345	118
Chi_P07_1	21	342345	87
Chi_P07_1	21	342345	129
Chi_P07_1	21	342345	48
Chi_P07_1	21	342345	95
Chi_P07_1	21	342345	40
Chi_P07_1	21	342345	44
