fichier	leaf	surfaceLeaf	surfaceLesion
Chi_P11_2	1	263112	59
Chi_P11_2	1	263112	110
Chi_P11_2	1	263112	96
Chi_P11_2	1	263112	153
Chi_P11_2	1	263112	121
Chi_P11_2	1	263112	156
Chi_P11_2	1	263112	260
Chi_P11_2	1	263112	139
Chi_P11_2	1	263112	335
Chi_P11_2	1	263112	98
Chi_P11_2	1	263112	95
Chi_P11_2	1	263112	195
Chi_P11_2	1	263112	116
Chi_P11_2	1	263112	122
Chi_P11_2	1	263112	196
Chi_P11_2	1	263112	158
Chi_P11_2	1	263112	180
Chi_P11_2	1	263112	115
Chi_P11_2	1	263112	275
Chi_P11_2	1	263112	97
Chi_P11_2	1	263112	116
Chi_P11_2	1	263112	136
Chi_P11_2	1	263112	87
Chi_P11_2	1	263112	116
Chi_P11_2	1	263112	153
Chi_P11_2	1	263112	116
Chi_P11_2	1	263112	189
Chi_P11_2	1	263112	37
Chi_P11_2	1	263112	207
Chi_P11_2	1	263112	93
Chi_P11_2	1	263112	155
Chi_P11_2	1	263112	137
Chi_P11_2	1	263112	282
Chi_P11_2	1	263112	106
Chi_P11_2	1	263112	134
Chi_P11_2	1	263112	369
Chi_P11_2	1	263112	79
Chi_P11_2	1	263112	165
Chi_P11_2	1	263112	176
Chi_P11_2	1	263112	159
Chi_P11_2	1	263112	153
Chi_P11_2	1	263112	135
Chi_P11_2	1	263112	134
Chi_P11_2	1	263112	214
Chi_P11_2	1	263112	161
Chi_P11_2	1	263112	111
Chi_P11_2	1	263112	141
Chi_P11_2	1	263112	117
Chi_P11_2	1	263112	164
Chi_P11_2	1	263112	95
Chi_P11_2	1	263112	424
Chi_P11_2	1	263112	296
Chi_P11_2	1	263112	125
Chi_P11_2	1	263112	203
Chi_P11_2	1	263112	143
Chi_P11_2	1	263112	212
Chi_P11_2	1	263112	97
Chi_P11_2	1	263112	205
Chi_P11_2	1	263112	134
Chi_P11_2	1	263112	171
Chi_P11_2	1	263112	262
Chi_P11_2	1	263112	103
Chi_P11_2	1	263112	153
Chi_P11_2	1	263112	127
Chi_P11_2	1	263112	95
Chi_P11_2	1	263112	125
Chi_P11_2	1	263112	101
Chi_P11_2	1	263112	119
Chi_P11_2	1	263112	160
Chi_P11_2	1	263112	67
Chi_P11_2	1	263112	96
Chi_P11_2	1	263112	120
Chi_P11_2	1	263112	249
Chi_P11_2	1	263112	87
Chi_P11_2	1	263112	131
Chi_P11_2	1	263112	73
Chi_P11_2	1	263112	68
Chi_P11_2	1	263112	135
Chi_P11_2	1	263112	69
Chi_P11_2	1	263112	81
Chi_P11_2	1	263112	77
Chi_P11_2	1	263112	109
Chi_P11_2	1	263112	97
Chi_P11_2	1	263112	194
Chi_P11_2	1	263112	55
Chi_P11_2	1	263112	121
Chi_P11_2	1	263112	126
Chi_P11_2	1	263112	168
Chi_P11_2	1	263112	102
Chi_P11_2	1	263112	187
Chi_P11_2	1	263112	204
Chi_P11_2	1	263112	55
Chi_P11_2	1	263112	74
Chi_P11_2	1	263112	36
Chi_P11_2	2	213560	83
Chi_P11_2	2	213560	54
Chi_P11_2	2	213560	229
Chi_P11_2	2	213560	110
Chi_P11_2	2	213560	98
Chi_P11_2	2	213560	105
Chi_P11_2	2	213560	134
Chi_P11_2	2	213560	157
Chi_P11_2	2	213560	123
Chi_P11_2	2	213560	73
Chi_P11_2	2	213560	127
Chi_P11_2	2	213560	205
Chi_P11_2	2	213560	135
Chi_P11_2	2	213560	118
Chi_P11_2	2	213560	102
Chi_P11_2	2	213560	116
Chi_P11_2	2	213560	129
Chi_P11_2	2	213560	183
Chi_P11_2	2	213560	195
Chi_P11_2	2	213560	178
Chi_P11_2	2	213560	161
Chi_P11_2	2	213560	219
Chi_P11_2	2	213560	92
Chi_P11_2	2	213560	88
Chi_P11_2	2	213560	91
Chi_P11_2	2	213560	192
Chi_P11_2	2	213560	208
Chi_P11_2	2	213560	117
Chi_P11_2	2	213560	188
Chi_P11_2	2	213560	132
Chi_P11_2	2	213560	357
Chi_P11_2	2	213560	99
Chi_P11_2	2	213560	180
Chi_P11_2	2	213560	40
Chi_P11_2	2	213560	120
Chi_P11_2	2	213560	226
Chi_P11_2	2	213560	83
Chi_P11_2	2	213560	231
Chi_P11_2	2	213560	252
Chi_P11_2	2	213560	82
Chi_P11_2	2	213560	167
Chi_P11_2	2	213560	138
Chi_P11_2	2	213560	96
Chi_P11_2	2	213560	150
Chi_P11_2	2	213560	162
Chi_P11_2	2	213560	185
Chi_P11_2	2	213560	43
Chi_P11_2	2	213560	95
Chi_P11_2	2	213560	118
Chi_P11_2	2	213560	135
Chi_P11_2	2	213560	127
Chi_P11_2	2	213560	163
Chi_P11_2	2	213560	252
Chi_P11_2	2	213560	148
Chi_P11_2	2	213560	421
Chi_P11_2	2	213560	140
Chi_P11_2	2	213560	135
Chi_P11_2	2	213560	82
Chi_P11_2	2	213560	129
Chi_P11_2	2	213560	101
Chi_P11_2	2	213560	182
Chi_P11_2	2	213560	208
Chi_P11_2	2	213560	79
Chi_P11_2	3	309785	112
Chi_P11_2	3	309785	130
Chi_P11_2	3	309785	94
Chi_P11_2	3	309785	202
Chi_P11_2	3	309785	156
Chi_P11_2	3	309785	28
Chi_P11_2	3	309785	298
Chi_P11_2	3	309785	176
Chi_P11_2	3	309785	115
Chi_P11_2	3	309785	141
Chi_P11_2	3	309785	27
Chi_P11_2	3	309785	112
Chi_P11_2	3	309785	161
Chi_P11_2	3	309785	114
Chi_P11_2	3	309785	87
Chi_P11_2	3	309785	87
Chi_P11_2	3	309785	117
Chi_P11_2	3	309785	115
Chi_P11_2	3	309785	92
Chi_P11_2	3	309785	174
Chi_P11_2	3	309785	69
Chi_P11_2	3	309785	112
Chi_P11_2	3	309785	118
Chi_P11_2	3	309785	187
Chi_P11_2	3	309785	146
Chi_P11_2	3	309785	60
Chi_P11_2	3	309785	82
Chi_P11_2	3	309785	280
Chi_P11_2	3	309785	95
Chi_P11_2	3	309785	89
Chi_P11_2	3	309785	130
Chi_P11_2	3	309785	104
Chi_P11_2	3	309785	143
Chi_P11_2	3	309785	167
Chi_P11_2	3	309785	204
Chi_P11_2	3	309785	222
Chi_P11_2	3	309785	95
Chi_P11_2	3	309785	134
Chi_P11_2	3	309785	143
Chi_P11_2	3	309785	118
Chi_P11_2	3	309785	126
Chi_P11_2	3	309785	255
Chi_P11_2	3	309785	104
Chi_P11_2	3	309785	373
Chi_P11_2	3	309785	140
Chi_P11_2	3	309785	138
Chi_P11_2	3	309785	125
Chi_P11_2	3	309785	162
Chi_P11_2	3	309785	109
Chi_P11_2	3	309785	166
Chi_P11_2	3	309785	95
Chi_P11_2	3	309785	217
Chi_P11_2	3	309785	120
Chi_P11_2	3	309785	114
Chi_P11_2	3	309785	159
Chi_P11_2	3	309785	87
Chi_P11_2	3	309785	135
Chi_P11_2	3	309785	242
Chi_P11_2	3	309785	109
Chi_P11_2	3	309785	167
Chi_P11_2	3	309785	222
Chi_P11_2	3	309785	143
Chi_P11_2	3	309785	126
Chi_P11_2	3	309785	156
Chi_P11_2	3	309785	180
Chi_P11_2	3	309785	165
Chi_P11_2	3	309785	172
Chi_P11_2	3	309785	292
Chi_P11_2	3	309785	109
Chi_P11_2	3	309785	98
Chi_P11_2	3	309785	117
Chi_P11_2	3	309785	148
Chi_P11_2	3	309785	91
Chi_P11_2	3	309785	189
Chi_P11_2	3	309785	134
Chi_P11_2	3	309785	83
Chi_P11_2	3	309785	127
Chi_P11_2	3	309785	122
Chi_P11_2	3	309785	239
Chi_P11_2	3	309785	248
Chi_P11_2	3	309785	29
Chi_P11_2	3	309785	143
Chi_P11_2	3	309785	125
Chi_P11_2	3	309785	101
Chi_P11_2	3	309785	217
Chi_P11_2	3	309785	122
Chi_P11_2	3	309785	88
Chi_P11_2	3	309785	114
Chi_P11_2	3	309785	96
Chi_P11_2	3	309785	28
Chi_P11_2	3	309785	127
Chi_P11_2	3	309785	113
Chi_P11_2	3	309785	94
Chi_P11_2	3	309785	145
Chi_P11_2	3	309785	170
Chi_P11_2	3	309785	84
Chi_P11_2	3	309785	126
Chi_P11_2	3	309785	39
Chi_P11_2	3	309785	85
Chi_P11_2	3	309785	168
Chi_P11_2	3	309785	106
Chi_P11_2	3	309785	104
Chi_P11_2	3	309785	236
Chi_P11_2	3	309785	35
Chi_P11_2	3	309785	250
Chi_P11_2	3	309785	233
Chi_P11_2	3	309785	113
Chi_P11_2	3	309785	117
Chi_P11_2	3	309785	61
Chi_P11_2	3	309785	195
Chi_P11_2	3	309785	111
Chi_P11_2	3	309785	101
Chi_P11_2	3	309785	71
Chi_P11_2	3	309785	91
Chi_P11_2	3	309785	132
Chi_P11_2	3	309785	19
Chi_P11_2	3	309785	406
Chi_P11_2	3	309785	145
Chi_P11_2	3	309785	216
Chi_P11_2	3	309785	120
Chi_P11_2	3	309785	89
Chi_P11_2	3	309785	100
Chi_P11_2	3	309785	56
Chi_P11_2	3	309785	148
Chi_P11_2	3	309785	19
Chi_P11_2	3	309785	131
Chi_P11_2	3	309785	75
Chi_P11_2	3	309785	95
Chi_P11_2	3	309785	65
Chi_P11_2	4	250462	191
Chi_P11_2	4	250462	110
Chi_P11_2	4	250462	82
Chi_P11_2	4	250462	89
Chi_P11_2	4	250462	80
Chi_P11_2	4	250462	159
Chi_P11_2	4	250462	77
Chi_P11_2	4	250462	148
Chi_P11_2	4	250462	86
Chi_P11_2	4	250462	145
Chi_P11_2	4	250462	211
Chi_P11_2	4	250462	56
Chi_P11_2	4	250462	143
Chi_P11_2	4	250462	111
Chi_P11_2	4	250462	173
Chi_P11_2	4	250462	129
Chi_P11_2	4	250462	123
Chi_P11_2	4	250462	152
Chi_P11_2	4	250462	134
Chi_P11_2	4	250462	199
Chi_P11_2	4	250462	128
Chi_P11_2	4	250462	122
Chi_P11_2	4	250462	85
Chi_P11_2	4	250462	79
Chi_P11_2	4	250462	119
Chi_P11_2	4	250462	133
Chi_P11_2	4	250462	98
Chi_P11_2	4	250462	112
Chi_P11_2	4	250462	140
Chi_P11_2	4	250462	65
Chi_P11_2	4	250462	71
Chi_P11_2	4	250462	256
Chi_P11_2	4	250462	103
Chi_P11_2	4	250462	253
Chi_P11_2	4	250462	80
Chi_P11_2	4	250462	89
Chi_P11_2	4	250462	120
Chi_P11_2	4	250462	302
Chi_P11_2	4	250462	155
Chi_P11_2	4	250462	105
Chi_P11_2	4	250462	163
Chi_P11_2	4	250462	102
Chi_P11_2	4	250462	96
Chi_P11_2	4	250462	213
Chi_P11_2	4	250462	70
Chi_P11_2	4	250462	215
Chi_P11_2	4	250462	85
Chi_P11_2	4	250462	157
Chi_P11_2	4	250462	142
Chi_P11_2	4	250462	120
Chi_P11_2	4	250462	142
Chi_P11_2	4	250462	134
Chi_P11_2	4	250462	104
Chi_P11_2	4	250462	175
Chi_P11_2	4	250462	110
Chi_P11_2	4	250462	103
Chi_P11_2	4	250462	131
Chi_P11_2	4	250462	146
Chi_P11_2	4	250462	147
Chi_P11_2	4	250462	102
Chi_P11_2	4	250462	73
Chi_P11_2	4	250462	77
Chi_P11_2	4	250462	74
Chi_P11_2	4	250462	110
Chi_P11_2	4	250462	117
Chi_P11_2	4	250462	108
Chi_P11_2	4	250462	88
Chi_P11_2	4	250462	35
Chi_P11_2	4	250462	94
Chi_P11_2	4	250462	180
Chi_P11_2	4	250462	202
Chi_P11_2	4	250462	214
Chi_P11_2	4	250462	116
Chi_P11_2	4	250462	106
Chi_P11_2	4	250462	156
Chi_P11_2	4	250462	220
Chi_P11_2	4	250462	204
Chi_P11_2	4	250462	149
Chi_P11_2	4	250462	129
Chi_P11_2	4	250462	110
Chi_P11_2	4	250462	143
Chi_P11_2	4	250462	189
Chi_P11_2	4	250462	117
Chi_P11_2	4	250462	149
Chi_P11_2	4	250462	181
Chi_P11_2	4	250462	135
Chi_P11_2	4	250462	98
Chi_P11_2	4	250462	128
Chi_P11_2	4	250462	110
Chi_P11_2	4	250462	144
Chi_P11_2	5	288375	115
Chi_P11_2	5	288375	132
Chi_P11_2	5	288375	120
Chi_P11_2	5	288375	141
Chi_P11_2	5	288375	107
Chi_P11_2	5	288375	99
Chi_P11_2	5	288375	138
Chi_P11_2	5	288375	108
Chi_P11_2	5	288375	117
Chi_P11_2	5	288375	121
Chi_P11_2	5	288375	103
Chi_P11_2	5	288375	209
Chi_P11_2	5	288375	100
Chi_P11_2	5	288375	80
Chi_P11_2	5	288375	42
Chi_P11_2	5	288375	155
Chi_P11_2	5	288375	90
Chi_P11_2	5	288375	146
Chi_P11_2	5	288375	108
Chi_P11_2	5	288375	103
Chi_P11_2	5	288375	360
Chi_P11_2	5	288375	98
Chi_P11_2	5	288375	169
Chi_P11_2	5	288375	222
Chi_P11_2	5	288375	115
Chi_P11_2	5	288375	125
Chi_P11_2	5	288375	148
Chi_P11_2	5	288375	112
Chi_P11_2	5	288375	142
Chi_P11_2	5	288375	141
Chi_P11_2	5	288375	129
Chi_P11_2	5	288375	101
Chi_P11_2	5	288375	83
Chi_P11_2	5	288375	149
Chi_P11_2	5	288375	127
Chi_P11_2	5	288375	69
Chi_P11_2	5	288375	151
Chi_P11_2	5	288375	197
Chi_P11_2	5	288375	120
Chi_P11_2	5	288375	162
Chi_P11_2	5	288375	85
Chi_P11_2	5	288375	108
Chi_P11_2	5	288375	126
Chi_P11_2	5	288375	105
Chi_P11_2	5	288375	99
Chi_P11_2	5	288375	117
Chi_P11_2	5	288375	110
Chi_P11_2	5	288375	152
Chi_P11_2	5	288375	110
Chi_P11_2	5	288375	64
Chi_P11_2	5	288375	75
Chi_P11_2	5	288375	90
Chi_P11_2	5	288375	115
Chi_P11_2	5	288375	90
Chi_P11_2	5	288375	48
Chi_P11_2	5	288375	87
Chi_P11_2	5	288375	229
Chi_P11_2	5	288375	126
Chi_P11_2	5	288375	362
Chi_P11_2	5	288375	74
Chi_P11_2	5	288375	108
Chi_P11_2	5	288375	59
Chi_P11_2	5	288375	75
Chi_P11_2	5	288375	80
Chi_P11_2	5	288375	209
Chi_P11_2	5	288375	103
Chi_P11_2	5	288375	175
Chi_P11_2	5	288375	130
Chi_P11_2	5	288375	85
Chi_P11_2	5	288375	224
Chi_P11_2	5	288375	107
Chi_P11_2	5	288375	59
Chi_P11_2	5	288375	81
Chi_P11_2	5	288375	104
Chi_P11_2	5	288375	242
Chi_P11_2	5	288375	47
Chi_P11_2	5	288375	109
Chi_P11_2	5	288375	235
Chi_P11_2	5	288375	28
Chi_P11_2	5	288375	168
Chi_P11_2	5	288375	185
Chi_P11_2	5	288375	297
Chi_P11_2	5	288375	54
Chi_P11_2	5	288375	135
Chi_P11_2	5	288375	196
Chi_P11_2	5	288375	72
Chi_P11_2	5	288375	86
Chi_P11_2	5	288375	148
Chi_P11_2	5	288375	101
Chi_P11_2	5	288375	59
Chi_P11_2	5	288375	122
Chi_P11_2	5	288375	246
Chi_P11_2	5	288375	88
Chi_P11_2	5	288375	19
Chi_P11_2	5	288375	77
Chi_P11_2	5	288375	113
Chi_P11_2	5	288375	116
Chi_P11_2	5	288375	133
Chi_P11_2	5	288375	144
Chi_P11_2	5	288375	51
Chi_P11_2	5	288375	82
Chi_P11_2	5	288375	76
Chi_P11_2	6	291259	43
Chi_P11_2	6	291259	70
Chi_P11_2	6	291259	30
Chi_P11_2	6	291259	81
Chi_P11_2	6	291259	94
Chi_P11_2	6	291259	53
Chi_P11_2	6	291259	82
Chi_P11_2	6	291259	126
Chi_P11_2	6	291259	81
Chi_P11_2	6	291259	306
Chi_P11_2	6	291259	82
Chi_P11_2	6	291259	42
Chi_P11_2	6	291259	74
Chi_P11_2	6	291259	66
Chi_P11_2	6	291259	221
Chi_P11_2	6	291259	85
Chi_P11_2	6	291259	60
Chi_P11_2	6	291259	48
Chi_P11_2	6	291259	113
Chi_P11_2	6	291259	90
Chi_P11_2	6	291259	110
Chi_P11_2	6	291259	40
Chi_P11_2	6	291259	104
Chi_P11_2	6	291259	89
Chi_P11_2	6	291259	40
Chi_P11_2	6	291259	72
Chi_P11_2	6	291259	119
Chi_P11_2	6	291259	24
Chi_P11_2	6	291259	53
Chi_P11_2	6	291259	140
Chi_P11_2	6	291259	72
Chi_P11_2	6	291259	62
Chi_P11_2	6	291259	82
Chi_P11_2	6	291259	85
Chi_P11_2	6	291259	52
Chi_P11_2	6	291259	74
Chi_P11_2	6	291259	116
Chi_P11_2	6	291259	92
Chi_P11_2	6	291259	95
Chi_P11_2	6	291259	145
Chi_P11_2	6	291259	136
Chi_P11_2	6	291259	10
Chi_P11_2	6	291259	107
Chi_P11_2	6	291259	23
Chi_P11_2	6	291259	74
Chi_P11_2	6	291259	114
Chi_P11_2	6	291259	66
Chi_P11_2	6	291259	115
Chi_P11_2	6	291259	121
Chi_P11_2	6	291259	121
Chi_P11_2	6	291259	131
Chi_P11_2	6	291259	141
Chi_P11_2	6	291259	77
Chi_P11_2	6	291259	77
Chi_P11_2	6	291259	96
Chi_P11_2	6	291259	242
Chi_P11_2	6	291259	199
Chi_P11_2	6	291259	111
Chi_P11_2	6	291259	78
Chi_P11_2	6	291259	79
Chi_P11_2	6	291259	117
Chi_P11_2	6	291259	41
Chi_P11_2	6	291259	221
Chi_P11_2	6	291259	80
Chi_P11_2	6	291259	71
Chi_P11_2	6	291259	111
Chi_P11_2	6	291259	50
Chi_P11_2	6	291259	75
Chi_P11_2	6	291259	20
Chi_P11_2	6	291259	177
Chi_P11_2	6	291259	56
Chi_P11_2	7	288339	29
Chi_P11_2	7	288339	130
Chi_P11_2	7	288339	135
Chi_P11_2	7	288339	121
Chi_P11_2	7	288339	115
Chi_P11_2	7	288339	95
Chi_P11_2	7	288339	98
Chi_P11_2	7	288339	80
Chi_P11_2	7	288339	58
Chi_P11_2	7	288339	109
Chi_P11_2	7	288339	54
Chi_P11_2	7	288339	117
Chi_P11_2	7	288339	244
Chi_P11_2	7	288339	84
Chi_P11_2	7	288339	129
Chi_P11_2	7	288339	93
Chi_P11_2	7	288339	152
Chi_P11_2	7	288339	138
Chi_P11_2	7	288339	94
Chi_P11_2	7	288339	98
Chi_P11_2	7	288339	144
Chi_P11_2	7	288339	115
Chi_P11_2	7	288339	107
Chi_P11_2	7	288339	100
Chi_P11_2	7	288339	112
Chi_P11_2	7	288339	93
Chi_P11_2	7	288339	79
Chi_P11_2	7	288339	135
Chi_P11_2	7	288339	84
Chi_P11_2	7	288339	229
Chi_P11_2	7	288339	79
Chi_P11_2	7	288339	153
Chi_P11_2	7	288339	75
Chi_P11_2	7	288339	70
Chi_P11_2	7	288339	45
Chi_P11_2	7	288339	145
Chi_P11_2	7	288339	143
Chi_P11_2	7	288339	99
Chi_P11_2	7	288339	133
Chi_P11_2	7	288339	122
Chi_P11_2	7	288339	131
Chi_P11_2	7	288339	106
Chi_P11_2	7	288339	116
Chi_P11_2	7	288339	116
Chi_P11_2	7	288339	99
Chi_P11_2	7	288339	135
Chi_P11_2	7	288339	138
Chi_P11_2	7	288339	111
Chi_P11_2	7	288339	159
Chi_P11_2	7	288339	40
Chi_P11_2	7	288339	250
Chi_P11_2	7	288339	464
Chi_P11_2	7	288339	110
Chi_P11_2	7	288339	323
Chi_P11_2	7	288339	139
Chi_P11_2	7	288339	114
Chi_P11_2	7	288339	151
Chi_P11_2	7	288339	73
Chi_P11_2	7	288339	76
Chi_P11_2	7	288339	101
Chi_P11_2	7	288339	84
Chi_P11_2	7	288339	100
Chi_P11_2	7	288339	238
Chi_P11_2	7	288339	101
Chi_P11_2	7	288339	147
Chi_P11_2	7	288339	129
Chi_P11_2	7	288339	67
Chi_P11_2	7	288339	88
Chi_P11_2	7	288339	290
Chi_P11_2	7	288339	78
Chi_P11_2	7	288339	104
Chi_P11_2	7	288339	111
Chi_P11_2	7	288339	96
Chi_P11_2	7	288339	86
Chi_P11_2	7	288339	81
Chi_P11_2	7	288339	116
Chi_P11_2	7	288339	123
Chi_P11_2	7	288339	98
Chi_P11_2	7	288339	212
Chi_P11_2	7	288339	234
Chi_P11_2	7	288339	50
Chi_P11_2	7	288339	139
Chi_P11_2	7	288339	121
Chi_P11_2	7	288339	125
Chi_P11_2	7	288339	98
Chi_P11_2	7	288339	124
Chi_P11_2	7	288339	134
Chi_P11_2	7	288339	64
Chi_P11_2	7	288339	183
Chi_P11_2	7	288339	115
Chi_P11_2	7	288339	123
Chi_P11_2	7	288339	98
Chi_P11_2	8	259806	17
Chi_P11_2	8	259806	124
Chi_P11_2	8	259806	110
Chi_P11_2	8	259806	72
Chi_P11_2	8	259806	89
Chi_P11_2	8	259806	115
Chi_P11_2	8	259806	79
Chi_P11_2	8	259806	113
Chi_P11_2	8	259806	182
Chi_P11_2	8	259806	97
Chi_P11_2	8	259806	98
Chi_P11_2	8	259806	104
Chi_P11_2	8	259806	120
Chi_P11_2	8	259806	92
Chi_P11_2	8	259806	107
Chi_P11_2	8	259806	123
Chi_P11_2	8	259806	90
Chi_P11_2	8	259806	141
Chi_P11_2	8	259806	144
Chi_P11_2	8	259806	53
Chi_P11_2	8	259806	115
Chi_P11_2	8	259806	85
Chi_P11_2	8	259806	43
Chi_P11_2	8	259806	84
Chi_P11_2	8	259806	240
Chi_P11_2	8	259806	165
Chi_P11_2	8	259806	65
Chi_P11_2	8	259806	64
Chi_P11_2	8	259806	80
Chi_P11_2	8	259806	75
Chi_P11_2	8	259806	75
Chi_P11_2	8	259806	125
Chi_P11_2	8	259806	151
Chi_P11_2	8	259806	84
Chi_P11_2	8	259806	99
Chi_P11_2	8	259806	92
Chi_P11_2	8	259806	180
Chi_P11_2	8	259806	112
Chi_P11_2	8	259806	232
Chi_P11_2	8	259806	179
Chi_P11_2	8	259806	127
Chi_P11_2	8	259806	91
Chi_P11_2	8	259806	123
Chi_P11_2	8	259806	123
Chi_P11_2	8	259806	111
Chi_P11_2	8	259806	85
Chi_P11_2	8	259806	111
Chi_P11_2	9	250362	105
Chi_P11_2	9	250362	95
Chi_P11_2	9	250362	53
Chi_P11_2	9	250362	12
Chi_P11_2	9	250362	96
Chi_P11_2	9	250362	67
Chi_P11_2	9	250362	124
Chi_P11_2	9	250362	74
Chi_P11_2	9	250362	115
Chi_P11_2	9	250362	148
Chi_P11_2	9	250362	109
Chi_P11_2	9	250362	92
Chi_P11_2	9	250362	218
Chi_P11_2	9	250362	113
Chi_P11_2	9	250362	118
Chi_P11_2	9	250362	111
Chi_P11_2	9	250362	132
Chi_P11_2	9	250362	97
Chi_P11_2	9	250362	81
Chi_P11_2	9	250362	62
Chi_P11_2	9	250362	138
Chi_P11_2	9	250362	126
Chi_P11_2	9	250362	53
Chi_P11_2	9	250362	107
Chi_P11_2	9	250362	13
Chi_P11_2	9	250362	172
Chi_P11_2	9	250362	86
Chi_P11_2	9	250362	76
Chi_P11_2	9	250362	66
Chi_P11_2	9	250362	150
Chi_P11_2	9	250362	66
Chi_P11_2	9	250362	69
Chi_P11_2	9	250362	102
Chi_P11_2	9	250362	112
Chi_P11_2	9	250362	61
Chi_P11_2	9	250362	132
Chi_P11_2	9	250362	37
Chi_P11_2	9	250362	119
Chi_P11_2	9	250362	77
Chi_P11_2	9	250362	42
Chi_P11_2	9	250362	75
Chi_P11_2	9	250362	57
Chi_P11_2	9	250362	78
Chi_P11_2	9	250362	84
Chi_P11_2	9	250362	47
Chi_P11_2	9	250362	181
Chi_P11_2	9	250362	240
Chi_P11_2	9	250362	99
Chi_P11_2	9	250362	118
Chi_P11_2	9	250362	93
Chi_P11_2	9	250362	130
Chi_P11_2	9	250362	124
Chi_P11_2	9	250362	97
Chi_P11_2	9	250362	174
Chi_P11_2	9	250362	172
Chi_P11_2	9	250362	150
Chi_P11_2	9	250362	110
Chi_P11_2	9	250362	137
Chi_P11_2	9	250362	183
Chi_P11_2	9	250362	210
Chi_P11_2	9	250362	69
Chi_P11_2	9	250362	185
Chi_P11_2	9	250362	138
Chi_P11_2	9	250362	133
Chi_P11_2	9	250362	139
Chi_P11_2	9	250362	103
Chi_P11_2	10	232026	117
Chi_P11_2	10	232026	124
Chi_P11_2	10	232026	276
Chi_P11_2	10	232026	113
Chi_P11_2	10	232026	219
Chi_P11_2	10	232026	206
Chi_P11_2	10	232026	87
Chi_P11_2	10	232026	122
Chi_P11_2	10	232026	259
Chi_P11_2	10	232026	101
Chi_P11_2	10	232026	137
Chi_P11_2	10	232026	119
Chi_P11_2	10	232026	177
Chi_P11_2	10	232026	152
Chi_P11_2	10	232026	114
Chi_P11_2	10	232026	157
Chi_P11_2	10	232026	33
Chi_P11_2	10	232026	268
Chi_P11_2	10	232026	103
Chi_P11_2	10	232026	100
Chi_P11_2	10	232026	215
Chi_P11_2	10	232026	163
Chi_P11_2	10	232026	27
Chi_P11_2	10	232026	131
Chi_P11_2	10	232026	116
Chi_P11_2	10	232026	101
Chi_P11_2	10	232026	73
Chi_P11_2	10	232026	96
Chi_P11_2	10	232026	46
Chi_P11_2	10	232026	212
Chi_P11_2	10	232026	122
Chi_P11_2	10	232026	183
Chi_P11_2	10	232026	101
Chi_P11_2	10	232026	219
Chi_P11_2	10	232026	125
Chi_P11_2	10	232026	144
Chi_P11_2	10	232026	115
Chi_P11_2	10	232026	105
Chi_P11_2	10	232026	104
Chi_P11_2	10	232026	142
Chi_P11_2	10	232026	148
Chi_P11_2	10	232026	121
Chi_P11_2	10	232026	192
Chi_P11_2	10	232026	91
Chi_P11_2	10	232026	108
Chi_P11_2	10	232026	122
Chi_P11_2	10	232026	101
Chi_P11_2	10	232026	98
Chi_P11_2	10	232026	67
Chi_P11_2	10	232026	100
Chi_P11_2	10	232026	102
Chi_P11_2	10	232026	115
Chi_P11_2	10	232026	98
Chi_P11_2	10	232026	178
Chi_P11_2	10	232026	131
Chi_P11_2	10	232026	88
Chi_P11_2	10	232026	113
Chi_P11_2	10	232026	37
Chi_P11_2	10	232026	182
Chi_P11_2	10	232026	129
Chi_P11_2	10	232026	131
Chi_P11_2	10	232026	139
Chi_P11_2	10	232026	178
Chi_P11_2	10	232026	103
Chi_P11_2	10	232026	196
Chi_P11_2	10	232026	246
Chi_P11_2	10	232026	136
Chi_P11_2	10	232026	100
Chi_P11_2	10	232026	120
Chi_P11_2	10	232026	157
Chi_P11_2	10	232026	180
Chi_P11_2	10	232026	136
Chi_P11_2	10	232026	81
Chi_P11_2	10	232026	179
Chi_P11_2	10	232026	60
Chi_P11_2	10	232026	199
Chi_P11_2	10	232026	19
Chi_P11_2	10	232026	198
Chi_P11_2	10	232026	105
Chi_P11_2	10	232026	50
Chi_P11_2	10	232026	113
Chi_P11_2	10	232026	73
Chi_P11_2	10	232026	132
Chi_P11_2	11	267680	140
Chi_P11_2	11	267680	100
Chi_P11_2	11	267680	181
Chi_P11_2	11	267680	112
Chi_P11_2	11	267680	49
Chi_P11_2	11	267680	103
Chi_P11_2	11	267680	162
Chi_P11_2	11	267680	55
Chi_P11_2	11	267680	102
Chi_P11_2	11	267680	74
Chi_P11_2	11	267680	83
Chi_P11_2	11	267680	75
Chi_P11_2	11	267680	110
Chi_P11_2	11	267680	104
Chi_P11_2	11	267680	109
Chi_P11_2	11	267680	129
Chi_P11_2	11	267680	98
Chi_P11_2	11	267680	133
Chi_P11_2	11	267680	106
Chi_P11_2	11	267680	123
Chi_P11_2	11	267680	119
Chi_P11_2	11	267680	121
Chi_P11_2	11	267680	155
Chi_P11_2	11	267680	127
Chi_P11_2	11	267680	121
Chi_P11_2	11	267680	71
Chi_P11_2	11	267680	114
Chi_P11_2	11	267680	15
Chi_P11_2	11	267680	71
Chi_P11_2	11	267680	190
Chi_P11_2	11	267680	167
Chi_P11_2	11	267680	112
Chi_P11_2	11	267680	134
Chi_P11_2	11	267680	147
Chi_P11_2	11	267680	135
Chi_P11_2	11	267680	109
Chi_P11_2	11	267680	200
Chi_P11_2	11	267680	139
Chi_P11_2	11	267680	110
Chi_P11_2	11	267680	145
Chi_P11_2	11	267680	145
Chi_P11_2	11	267680	88
Chi_P11_2	11	267680	80
Chi_P11_2	11	267680	73
Chi_P11_2	11	267680	165
Chi_P11_2	11	267680	68
Chi_P11_2	11	267680	149
Chi_P11_2	11	267680	118
Chi_P11_2	11	267680	138
Chi_P11_2	11	267680	53
Chi_P11_2	11	267680	165
Chi_P11_2	11	267680	137
Chi_P11_2	11	267680	231
Chi_P11_2	11	267680	80
Chi_P11_2	11	267680	103
Chi_P11_2	11	267680	139
Chi_P11_2	11	267680	110
Chi_P11_2	11	267680	261
Chi_P11_2	11	267680	107
Chi_P11_2	11	267680	136
Chi_P11_2	11	267680	84
Chi_P11_2	11	267680	133
Chi_P11_2	11	267680	80
Chi_P11_2	11	267680	148
Chi_P11_2	11	267680	131
Chi_P11_2	11	267680	54
Chi_P11_2	11	267680	133
Chi_P11_2	11	267680	98
Chi_P11_2	11	267680	124
Chi_P11_2	11	267680	139
Chi_P11_2	11	267680	162
Chi_P11_2	11	267680	104
Chi_P11_2	11	267680	107
Chi_P11_2	11	267680	107
Chi_P11_2	11	267680	116
Chi_P11_2	11	267680	315
Chi_P11_2	11	267680	86
Chi_P11_2	11	267680	104
Chi_P11_2	11	267680	70
Chi_P11_2	11	267680	69
Chi_P11_2	11	267680	19
Chi_P11_2	11	267680	103
Chi_P11_2	11	267680	119
Chi_P11_2	11	267680	164
Chi_P11_2	11	267680	96
Chi_P11_2	11	267680	81
Chi_P11_2	11	267680	65
Chi_P11_2	11	267680	95
Chi_P11_2	11	267680	117
Chi_P11_2	11	267680	116
Chi_P11_2	11	267680	76
Chi_P11_2	11	267680	180
Chi_P11_2	11	267680	105
Chi_P11_2	11	267680	68
Chi_P11_2	11	267680	98
Chi_P11_2	11	267680	77
Chi_P11_2	11	267680	171
Chi_P11_2	11	267680	174
Chi_P11_2	11	267680	114
Chi_P11_2	11	267680	168
Chi_P11_2	11	267680	79
Chi_P11_2	11	267680	105
Chi_P11_2	11	267680	94
Chi_P11_2	11	267680	199
Chi_P11_2	12	263612	139
Chi_P11_2	12	263612	147
Chi_P11_2	12	263612	359
Chi_P11_2	12	263612	70
Chi_P11_2	12	263612	67
Chi_P11_2	12	263612	212
Chi_P11_2	12	263612	80
Chi_P11_2	12	263612	164
Chi_P11_2	12	263612	93
Chi_P11_2	12	263612	117
Chi_P11_2	12	263612	170
Chi_P11_2	12	263612	148
Chi_P11_2	12	263612	190
Chi_P11_2	12	263612	11
Chi_P11_2	12	263612	11
Chi_P11_2	12	263612	153
Chi_P11_2	12	263612	132
Chi_P11_2	12	263612	73
Chi_P11_2	12	263612	180
Chi_P11_2	12	263612	139
Chi_P11_2	12	263612	218
Chi_P11_2	12	263612	64
Chi_P11_2	12	263612	79
Chi_P11_2	12	263612	106
Chi_P11_2	12	263612	143
Chi_P11_2	12	263612	116
Chi_P11_2	12	263612	208
Chi_P11_2	12	263612	159
Chi_P11_2	12	263612	97
Chi_P11_2	12	263612	110
Chi_P11_2	12	263612	67
Chi_P11_2	12	263612	100
Chi_P11_2	12	263612	49
Chi_P11_2	12	263612	170
Chi_P11_2	12	263612	116
Chi_P11_2	12	263612	121
Chi_P11_2	12	263612	81
Chi_P11_2	12	263612	85
Chi_P11_2	12	263612	45
Chi_P11_2	12	263612	285
Chi_P11_2	12	263612	158
Chi_P11_2	12	263612	149
Chi_P11_2	12	263612	102
Chi_P11_2	12	263612	170
Chi_P11_2	12	263612	66
Chi_P11_2	12	263612	37
Chi_P11_2	12	263612	116
Chi_P11_2	12	263612	120
Chi_P11_2	12	263612	95
Chi_P11_2	12	263612	48
Chi_P11_2	12	263612	92
Chi_P11_2	12	263612	136
Chi_P11_2	12	263612	79
Chi_P11_2	12	263612	109
Chi_P11_2	12	263612	64
Chi_P11_2	12	263612	118
Chi_P11_2	12	263612	94
Chi_P11_2	12	263612	115
Chi_P11_2	12	263612	107
Chi_P11_2	12	263612	93
Chi_P11_2	12	263612	121
Chi_P11_2	12	263612	110
Chi_P11_2	12	263612	175
Chi_P11_2	12	263612	94
Chi_P11_2	12	263612	370
Chi_P11_2	12	263612	96
Chi_P11_2	12	263612	74
Chi_P11_2	12	263612	95
Chi_P11_2	12	263612	58
Chi_P11_2	12	263612	49
Chi_P11_2	12	263612	122
Chi_P11_2	12	263612	88
Chi_P11_2	12	263612	56
Chi_P11_2	12	263612	65
Chi_P11_2	12	263612	105
Chi_P11_2	12	263612	41
Chi_P11_2	12	263612	15
Chi_P11_2	12	263612	14
Chi_P11_2	12	263612	60
Chi_P11_2	12	263612	82
Chi_P11_2	12	263612	53
Chi_P11_2	12	263612	104
Chi_P11_2	12	263612	45
Chi_P11_2	12	263612	77
Chi_P11_2	12	263612	99
Chi_P11_2	13	279764	169
Chi_P11_2	13	279764	242
Chi_P11_2	13	279764	40
Chi_P11_2	13	279764	169
Chi_P11_2	13	279764	148
Chi_P11_2	13	279764	187
Chi_P11_2	13	279764	116
Chi_P11_2	13	279764	197
Chi_P11_2	13	279764	98
Chi_P11_2	13	279764	164
Chi_P11_2	13	279764	98
Chi_P11_2	13	279764	121
Chi_P11_2	13	279764	108
Chi_P11_2	13	279764	131
Chi_P11_2	13	279764	110
Chi_P11_2	13	279764	94
Chi_P11_2	13	279764	265
Chi_P11_2	13	279764	109
Chi_P11_2	13	279764	167
Chi_P11_2	13	279764	154
Chi_P11_2	13	279764	335
Chi_P11_2	13	279764	96
Chi_P11_2	13	279764	147
Chi_P11_2	13	279764	150
Chi_P11_2	13	279764	183
Chi_P11_2	13	279764	133
Chi_P11_2	13	279764	185
Chi_P11_2	13	279764	116
Chi_P11_2	13	279764	213
Chi_P11_2	13	279764	235
Chi_P11_2	13	279764	126
Chi_P11_2	13	279764	204
Chi_P11_2	13	279764	118
Chi_P11_2	13	279764	121
Chi_P11_2	13	279764	199
Chi_P11_2	13	279764	219
Chi_P11_2	13	279764	128
Chi_P11_2	13	279764	113
Chi_P11_2	13	279764	85
Chi_P11_2	13	279764	76
Chi_P11_2	13	279764	45
Chi_P11_2	13	279764	114
Chi_P11_2	13	279764	102
Chi_P11_2	13	279764	34
Chi_P11_2	13	279764	81
Chi_P11_2	13	279764	340
Chi_P11_2	13	279764	101
Chi_P11_2	13	279764	147
Chi_P11_2	13	279764	192
Chi_P11_2	13	279764	233
Chi_P11_2	13	279764	124
Chi_P11_2	13	279764	255
Chi_P11_2	13	279764	100
Chi_P11_2	13	279764	152
Chi_P11_2	13	279764	144
Chi_P11_2	13	279764	521
Chi_P11_2	13	279764	415
Chi_P11_2	13	279764	221
Chi_P11_2	13	279764	193
Chi_P11_2	13	279764	205
Chi_P11_2	13	279764	272
Chi_P11_2	13	279764	62
Chi_P11_2	13	279764	161
Chi_P11_2	13	279764	207
Chi_P11_2	13	279764	213
Chi_P11_2	13	279764	128
Chi_P11_2	13	279764	82
Chi_P11_2	13	279764	137
Chi_P11_2	13	279764	50
Chi_P11_2	13	279764	182
Chi_P11_2	13	279764	117
Chi_P11_2	13	279764	206
Chi_P11_2	13	279764	94
Chi_P11_2	13	279764	167
Chi_P11_2	13	279764	196
Chi_P11_2	13	279764	134
Chi_P11_2	13	279764	132
Chi_P11_2	13	279764	242
Chi_P11_2	13	279764	293
Chi_P11_2	13	279764	141
Chi_P11_2	13	279764	137
Chi_P11_2	13	279764	286
Chi_P11_2	13	279764	169
Chi_P11_2	13	279764	118
Chi_P11_2	13	279764	123
Chi_P11_2	13	279764	203
Chi_P11_2	13	279764	85
Chi_P11_2	13	279764	27
Chi_P11_2	13	279764	192
Chi_P11_2	13	279764	143
Chi_P11_2	13	279764	137
Chi_P11_2	13	279764	120
Chi_P11_2	13	279764	98
Chi_P11_2	13	279764	99
Chi_P11_2	13	279764	240
Chi_P11_2	13	279764	240
Chi_P11_2	13	279764	224
Chi_P11_2	13	279764	89
Chi_P11_2	13	279764	203
Chi_P11_2	13	279764	33
Chi_P11_2	14	229390	81
Chi_P11_2	14	229390	130
Chi_P11_2	14	229390	80
Chi_P11_2	14	229390	125
Chi_P11_2	14	229390	69
Chi_P11_2	14	229390	116
Chi_P11_2	14	229390	117
Chi_P11_2	14	229390	166
Chi_P11_2	14	229390	218
Chi_P11_2	14	229390	109
Chi_P11_2	14	229390	121
Chi_P11_2	14	229390	60
Chi_P11_2	14	229390	79
Chi_P11_2	14	229390	80
Chi_P11_2	14	229390	119
Chi_P11_2	14	229390	164
Chi_P11_2	14	229390	210
Chi_P11_2	14	229390	151
Chi_P11_2	14	229390	122
Chi_P11_2	14	229390	51
Chi_P11_2	14	229390	94
Chi_P11_2	14	229390	109
Chi_P11_2	14	229390	135
Chi_P11_2	14	229390	115
Chi_P11_2	14	229390	192
Chi_P11_2	14	229390	131
Chi_P11_2	14	229390	363
Chi_P11_2	14	229390	132
Chi_P11_2	14	229390	125
Chi_P11_2	14	229390	19
Chi_P11_2	14	229390	209
Chi_P11_2	14	229390	93
Chi_P11_2	14	229390	170
Chi_P11_2	14	229390	97
Chi_P11_2	14	229390	132
Chi_P11_2	14	229390	104
Chi_P11_2	14	229390	51
Chi_P11_2	14	229390	161
Chi_P11_2	14	229390	90
Chi_P11_2	14	229390	167
Chi_P11_2	14	229390	101
Chi_P11_2	14	229390	207
Chi_P11_2	14	229390	153
Chi_P11_2	14	229390	26
Chi_P11_2	14	229390	115
Chi_P11_2	14	229390	203
Chi_P11_2	14	229390	130
Chi_P11_2	14	229390	151
Chi_P11_2	14	229390	186
Chi_P11_2	14	229390	133
Chi_P11_2	14	229390	34
Chi_P11_2	14	229390	111
Chi_P11_2	14	229390	159
Chi_P11_2	14	229390	156
Chi_P11_2	14	229390	111
Chi_P11_2	14	229390	139
Chi_P11_2	14	229390	238
Chi_P11_2	14	229390	174
Chi_P11_2	14	229390	64
Chi_P11_2	14	229390	119
Chi_P11_2	14	229390	120
Chi_P11_2	15	280238	225
Chi_P11_2	15	280238	117
Chi_P11_2	15	280238	124
Chi_P11_2	15	280238	146
Chi_P11_2	15	280238	131
Chi_P11_2	15	280238	111
Chi_P11_2	15	280238	127
Chi_P11_2	15	280238	67
Chi_P11_2	15	280238	108
Chi_P11_2	15	280238	175
Chi_P11_2	15	280238	415
Chi_P11_2	15	280238	163
Chi_P11_2	15	280238	370
Chi_P11_2	15	280238	140
Chi_P11_2	15	280238	39
Chi_P11_2	15	280238	129
Chi_P11_2	15	280238	237
Chi_P11_2	15	280238	132
Chi_P11_2	15	280238	129
Chi_P11_2	15	280238	163
Chi_P11_2	15	280238	107
Chi_P11_2	15	280238	132
Chi_P11_2	15	280238	166
Chi_P11_2	15	280238	169
Chi_P11_2	15	280238	107
Chi_P11_2	15	280238	73
Chi_P11_2	15	280238	183
Chi_P11_2	15	280238	31
Chi_P11_2	15	280238	101
Chi_P11_2	15	280238	107
Chi_P11_2	15	280238	70
Chi_P11_2	15	280238	111
Chi_P11_2	15	280238	116
Chi_P11_2	15	280238	95
Chi_P11_2	15	280238	76
Chi_P11_2	15	280238	38
Chi_P11_2	15	280238	111
Chi_P11_2	15	280238	128
Chi_P11_2	15	280238	116
Chi_P11_2	15	280238	164
Chi_P11_2	15	280238	145
Chi_P11_2	15	280238	139
Chi_P11_2	15	280238	83
Chi_P11_2	15	280238	122
Chi_P11_2	15	280238	41
Chi_P11_2	15	280238	72
Chi_P11_2	15	280238	173
Chi_P11_2	15	280238	59
Chi_P11_2	15	280238	51
Chi_P11_2	15	280238	107
Chi_P11_2	15	280238	213
Chi_P11_2	15	280238	204
Chi_P11_2	15	280238	176
Chi_P11_2	15	280238	105
Chi_P11_2	15	280238	113
Chi_P11_2	15	280238	112
Chi_P11_2	15	280238	73
Chi_P11_2	15	280238	150
Chi_P11_2	15	280238	113
Chi_P11_2	15	280238	257
Chi_P11_2	15	280238	135
Chi_P11_2	15	280238	230
Chi_P11_2	15	280238	217
Chi_P11_2	15	280238	173
Chi_P11_2	15	280238	147
Chi_P11_2	15	280238	135
Chi_P11_2	15	280238	101
Chi_P11_2	15	280238	137
Chi_P11_2	15	280238	120
Chi_P11_2	15	280238	131
Chi_P11_2	15	280238	400
Chi_P11_2	15	280238	115
Chi_P11_2	15	280238	160
Chi_P11_2	15	280238	130
Chi_P11_2	15	280238	177
Chi_P11_2	15	280238	168
Chi_P11_2	16	243072	207
Chi_P11_2	16	243072	235
Chi_P11_2	16	243072	169
Chi_P11_2	16	243072	128
Chi_P11_2	16	243072	181
Chi_P11_2	16	243072	89
Chi_P11_2	16	243072	109
Chi_P11_2	16	243072	85
Chi_P11_2	16	243072	34
Chi_P11_2	16	243072	167
Chi_P11_2	16	243072	77
Chi_P11_2	16	243072	115
Chi_P11_2	16	243072	267
Chi_P11_2	16	243072	21
Chi_P11_2	16	243072	118
Chi_P11_2	16	243072	97
Chi_P11_2	16	243072	112
Chi_P11_2	16	243072	79
Chi_P11_2	16	243072	97
Chi_P11_2	16	243072	79
Chi_P11_2	16	243072	112
Chi_P11_2	16	243072	74
Chi_P11_2	16	243072	137
Chi_P11_2	16	243072	157
Chi_P11_2	16	243072	14
Chi_P11_2	16	243072	101
Chi_P11_2	16	243072	143
Chi_P11_2	16	243072	51
Chi_P11_2	16	243072	86
Chi_P11_2	16	243072	87
Chi_P11_2	16	243072	231
Chi_P11_2	16	243072	171
Chi_P11_2	16	243072	134
Chi_P11_2	16	243072	167
Chi_P11_2	16	243072	169
Chi_P11_2	16	243072	144
Chi_P11_2	16	243072	188
Chi_P11_2	16	243072	106
Chi_P11_2	16	243072	154
Chi_P11_2	16	243072	123
Chi_P11_2	16	243072	59
Chi_P11_2	16	243072	107
Chi_P11_2	16	243072	78
Chi_P11_2	16	243072	166
Chi_P11_2	16	243072	44
Chi_P11_2	16	243072	83
Chi_P11_2	16	243072	214
Chi_P11_2	16	243072	115
Chi_P11_2	16	243072	89
Chi_P11_2	16	243072	74
Chi_P11_2	16	243072	142
Chi_P11_2	16	243072	242
Chi_P11_2	16	243072	91
Chi_P11_2	16	243072	150
Chi_P11_2	16	243072	12
Chi_P11_2	16	243072	106
Chi_P11_2	16	243072	128
Chi_P11_2	16	243072	139
Chi_P11_2	16	243072	172
Chi_P11_2	16	243072	108
Chi_P11_2	16	243072	94
Chi_P11_2	16	243072	129
Chi_P11_2	16	243072	187
Chi_P11_2	16	243072	80
Chi_P11_2	16	243072	174
Chi_P11_2	16	243072	115
Chi_P11_2	16	243072	208
Chi_P11_2	16	243072	145
Chi_P11_2	16	243072	154
Chi_P11_2	16	243072	174
Chi_P11_2	16	243072	81
Chi_P11_2	16	243072	164
Chi_P11_2	16	243072	90
Chi_P11_2	16	243072	133
Chi_P11_2	16	243072	449
Chi_P11_2	16	243072	114
Chi_P11_2	16	243072	82
Chi_P11_2	17	249848	174
Chi_P11_2	17	249848	405
Chi_P11_2	17	249848	111
Chi_P11_2	17	249848	134
Chi_P11_2	17	249848	141
Chi_P11_2	17	249848	127
Chi_P11_2	17	249848	126
Chi_P11_2	17	249848	97
Chi_P11_2	17	249848	116
Chi_P11_2	17	249848	170
Chi_P11_2	17	249848	154
Chi_P11_2	17	249848	210
Chi_P11_2	17	249848	112
Chi_P11_2	17	249848	61
Chi_P11_2	17	249848	194
Chi_P11_2	17	249848	185
Chi_P11_2	17	249848	79
Chi_P11_2	17	249848	214
Chi_P11_2	17	249848	168
Chi_P11_2	17	249848	276
Chi_P11_2	17	249848	210
Chi_P11_2	17	249848	117
Chi_P11_2	17	249848	151
Chi_P11_2	17	249848	206
Chi_P11_2	17	249848	118
Chi_P11_2	17	249848	287
Chi_P11_2	17	249848	223
Chi_P11_2	17	249848	78
Chi_P11_2	17	249848	127
Chi_P11_2	17	249848	150
Chi_P11_2	17	249848	94
Chi_P11_2	17	249848	158
Chi_P11_2	17	249848	94
Chi_P11_2	17	249848	140
Chi_P11_2	17	249848	99
Chi_P11_2	17	249848	156
Chi_P11_2	17	249848	90
Chi_P11_2	17	249848	48
Chi_P11_2	17	249848	86
Chi_P11_2	17	249848	158
Chi_P11_2	17	249848	211
Chi_P11_2	17	249848	92
Chi_P11_2	17	249848	131
Chi_P11_2	17	249848	110
Chi_P11_2	17	249848	77
Chi_P11_2	17	249848	115
Chi_P11_2	17	249848	148
Chi_P11_2	17	249848	160
Chi_P11_2	17	249848	108
Chi_P11_2	17	249848	102
Chi_P11_2	17	249848	387
Chi_P11_2	17	249848	209
Chi_P11_2	17	249848	118
Chi_P11_2	17	249848	171
Chi_P11_2	17	249848	130
Chi_P11_2	17	249848	102
Chi_P11_2	17	249848	133
Chi_P11_2	17	249848	270
Chi_P11_2	17	249848	149
Chi_P11_2	17	249848	17
Chi_P11_2	17	249848	92
Chi_P11_2	17	249848	166
Chi_P11_2	17	249848	163
Chi_P11_2	17	249848	77
Chi_P11_2	17	249848	97
Chi_P11_2	17	249848	133
Chi_P11_2	17	249848	123
Chi_P11_2	17	249848	161
Chi_P11_2	17	249848	216
Chi_P11_2	17	249848	184
Chi_P11_2	17	249848	116
Chi_P11_2	17	249848	123
Chi_P11_2	17	249848	91
Chi_P11_2	17	249848	130
Chi_P11_2	17	249848	137
Chi_P11_2	17	249848	76
Chi_P11_2	17	249848	110
Chi_P11_2	17	249848	79
Chi_P11_2	17	249848	152
Chi_P11_2	17	249848	149
Chi_P11_2	17	249848	88
Chi_P11_2	17	249848	120
Chi_P11_2	17	249848	142
Chi_P11_2	18	249899	37
Chi_P11_2	18	249899	113
Chi_P11_2	18	249899	116
Chi_P11_2	18	249899	68
Chi_P11_2	18	249899	245
Chi_P11_2	18	249899	211
Chi_P11_2	18	249899	118
Chi_P11_2	18	249899	124
Chi_P11_2	18	249899	62
Chi_P11_2	18	249899	169
Chi_P11_2	18	249899	156
Chi_P11_2	18	249899	150
Chi_P11_2	18	249899	93
Chi_P11_2	18	249899	162
Chi_P11_2	18	249899	144
Chi_P11_2	18	249899	157
Chi_P11_2	18	249899	79
Chi_P11_2	18	249899	205
Chi_P11_2	18	249899	77
Chi_P11_2	18	249899	137
Chi_P11_2	18	249899	111
Chi_P11_2	18	249899	453
Chi_P11_2	18	249899	170
Chi_P11_2	18	249899	122
Chi_P11_2	18	249899	147
Chi_P11_2	18	249899	57
Chi_P11_2	18	249899	178
Chi_P11_2	18	249899	167
Chi_P11_2	18	249899	110
Chi_P11_2	18	249899	108
Chi_P11_2	18	249899	120
Chi_P11_2	18	249899	148
Chi_P11_2	18	249899	232
Chi_P11_2	18	249899	353
Chi_P11_2	18	249899	113
Chi_P11_2	18	249899	591
Chi_P11_2	18	249899	126
Chi_P11_2	18	249899	139
Chi_P11_2	18	249899	154
Chi_P11_2	18	249899	91
Chi_P11_2	18	249899	101
Chi_P11_2	18	249899	158
Chi_P11_2	18	249899	91
Chi_P11_2	18	249899	540
Chi_P11_2	18	249899	224
Chi_P11_2	18	249899	183
Chi_P11_2	18	249899	152
Chi_P11_2	18	249899	77
Chi_P11_2	18	249899	102
Chi_P11_2	18	249899	48
Chi_P11_2	18	249899	104
Chi_P11_2	18	249899	244
Chi_P11_2	18	249899	59
Chi_P11_2	18	249899	104
Chi_P11_2	18	249899	148
Chi_P11_2	18	249899	67
Chi_P11_2	18	249899	191
Chi_P11_2	18	249899	231
Chi_P11_2	18	249899	106
Chi_P11_2	18	249899	165
Chi_P11_2	18	249899	109
Chi_P11_2	18	249899	85
Chi_P11_2	18	249899	204
Chi_P11_2	18	249899	119
Chi_P11_2	18	249899	158
Chi_P11_2	18	249899	64
Chi_P11_2	18	249899	524
Chi_P11_2	18	249899	20
Chi_P11_2	18	249899	101
Chi_P11_2	18	249899	307
Chi_P11_2	18	249899	119
Chi_P11_2	18	249899	318
Chi_P11_2	18	249899	87
Chi_P11_2	19	282802	97
Chi_P11_2	19	282802	62
Chi_P11_2	19	282802	57
Chi_P11_2	19	282802	96
Chi_P11_2	19	282802	97
Chi_P11_2	19	282802	178
Chi_P11_2	19	282802	36
Chi_P11_2	19	282802	100
Chi_P11_2	19	282802	93
Chi_P11_2	19	282802	65
Chi_P11_2	19	282802	174
Chi_P11_2	19	282802	83
Chi_P11_2	19	282802	28
Chi_P11_2	19	282802	134
Chi_P11_2	19	282802	71
Chi_P11_2	19	282802	149
Chi_P11_2	19	282802	99
Chi_P11_2	19	282802	66
Chi_P11_2	19	282802	13
Chi_P11_2	19	282802	59
Chi_P11_2	19	282802	66
Chi_P11_2	19	282802	59
Chi_P11_2	19	282802	154
Chi_P11_2	19	282802	165
Chi_P11_2	19	282802	75
Chi_P11_2	19	282802	136
Chi_P11_2	19	282802	51
Chi_P11_2	19	282802	37
Chi_P11_2	19	282802	250
Chi_P11_2	19	282802	110
Chi_P11_2	19	282802	59
Chi_P11_2	19	282802	83
Chi_P11_2	19	282802	146
Chi_P11_2	19	282802	110
Chi_P11_2	19	282802	96
Chi_P11_2	19	282802	99
Chi_P11_2	19	282802	149
Chi_P11_2	19	282802	87
Chi_P11_2	19	282802	115
Chi_P11_2	19	282802	124
Chi_P11_2	19	282802	78
Chi_P11_2	19	282802	107
Chi_P11_2	19	282802	95
Chi_P11_2	19	282802	108
Chi_P11_2	19	282802	170
Chi_P11_2	19	282802	82
Chi_P11_2	19	282802	118
Chi_P11_2	19	282802	156
Chi_P11_2	19	282802	116
Chi_P11_2	19	282802	167
Chi_P11_2	19	282802	30
Chi_P11_2	19	282802	104
Chi_P11_2	19	282802	98
Chi_P11_2	19	282802	21
Chi_P11_2	19	282802	28
Chi_P11_2	19	282802	89
Chi_P11_2	19	282802	19
Chi_P11_2	19	282802	61
Chi_P11_2	19	282802	73
Chi_P11_2	19	282802	178
Chi_P11_2	19	282802	51
Chi_P11_2	19	282802	186
Chi_P11_2	19	282802	111
Chi_P11_2	19	282802	151
Chi_P11_2	19	282802	45
Chi_P11_2	19	282802	123
Chi_P11_2	19	282802	84
Chi_P11_2	19	282802	166
Chi_P11_2	19	282802	41
Chi_P11_2	19	282802	123
Chi_P11_2	20	343140	77
Chi_P11_2	20	343140	105
Chi_P11_2	20	343140	95
Chi_P11_2	20	343140	114
Chi_P11_2	20	343140	78
Chi_P11_2	20	343140	98
Chi_P11_2	20	343140	33
Chi_P11_2	20	343140	104
Chi_P11_2	20	343140	149
Chi_P11_2	20	343140	66
Chi_P11_2	20	343140	164
Chi_P11_2	20	343140	121
Chi_P11_2	20	343140	87
Chi_P11_2	20	343140	37
Chi_P11_2	20	343140	991
Chi_P11_2	20	343140	87
Chi_P11_2	20	343140	34
Chi_P11_2	20	343140	31
Chi_P11_2	20	343140	49
Chi_P11_2	20	343140	106
Chi_P11_2	20	343140	108
Chi_P11_2	20	343140	79
Chi_P11_2	20	343140	89
Chi_P11_2	20	343140	133
Chi_P11_2	20	343140	58
Chi_P11_2	20	343140	146
Chi_P11_2	20	343140	83
Chi_P11_2	20	343140	60
Chi_P11_2	20	343140	136
Chi_P11_2	20	343140	128
Chi_P11_2	20	343140	126
Chi_P11_2	20	343140	86
Chi_P11_2	20	343140	89
Chi_P11_2	20	343140	56
Chi_P11_2	20	343140	56
Chi_P11_2	20	343140	69
Chi_P11_2	20	343140	113
Chi_P11_2	20	343140	72
Chi_P11_2	20	343140	99
Chi_P11_2	20	343140	54
Chi_P11_2	20	343140	115
Chi_P11_2	20	343140	98
Chi_P11_2	20	343140	82
Chi_P11_2	20	343140	122
Chi_P11_2	20	343140	56
Chi_P11_2	20	343140	83
Chi_P11_2	20	343140	101
Chi_P11_2	20	343140	135
Chi_P11_2	20	343140	58
Chi_P11_2	20	343140	56
Chi_P11_2	20	343140	72
Chi_P11_2	20	343140	97
Chi_P11_2	20	343140	131
Chi_P11_2	20	343140	75
Chi_P11_2	20	343140	87
Chi_P11_2	20	343140	90
Chi_P11_2	20	343140	48
Chi_P11_2	20	343140	145
Chi_P11_2	20	343140	37
Chi_P11_2	20	343140	94
Chi_P11_2	20	343140	87
Chi_P11_2	20	343140	37
Chi_P11_2	20	343140	85
Chi_P11_2	20	343140	97
Chi_P11_2	20	343140	96
Chi_P11_2	20	343140	58
Chi_P11_2	20	343140	122
Chi_P11_2	20	343140	43
Chi_P11_2	20	343140	147
Chi_P11_2	20	343140	14
Chi_P11_2	20	343140	83
Chi_P11_2	20	343140	118
Chi_P11_2	21	253325	43
Chi_P11_2	21	253325	97
Chi_P11_2	21	253325	74
Chi_P11_2	21	253325	84
Chi_P11_2	21	253325	131
Chi_P11_2	21	253325	96
Chi_P11_2	21	253325	111
Chi_P11_2	21	253325	40
Chi_P11_2	21	253325	52
Chi_P11_2	21	253325	75
Chi_P11_2	21	253325	134
Chi_P11_2	21	253325	86
Chi_P11_2	21	253325	110
Chi_P11_2	21	253325	128
Chi_P11_2	21	253325	106
Chi_P11_2	21	253325	33
Chi_P11_2	21	253325	28
Chi_P11_2	21	253325	43
Chi_P11_2	21	253325	107
Chi_P11_2	21	253325	106
Chi_P11_2	21	253325	68
Chi_P11_2	21	253325	14
Chi_P11_2	21	253325	73
Chi_P11_2	21	253325	61
Chi_P11_2	21	253325	140
Chi_P11_2	21	253325	45
Chi_P11_2	21	253325	40
Chi_P11_2	21	253325	65
Chi_P11_2	21	253325	42
Chi_P11_2	21	253325	75
Chi_P11_2	21	253325	151
Chi_P11_2	21	253325	128
Chi_P11_2	21	253325	111
Chi_P11_2	21	253325	103
Chi_P11_2	21	253325	86
Chi_P11_2	21	253325	62
Chi_P11_2	21	253325	77
Chi_P11_2	21	253325	42
Chi_P11_2	21	253325	80
Chi_P11_2	21	253325	133
Chi_P11_2	21	253325	174
Chi_P11_2	21	253325	68
Chi_P11_2	21	253325	115
Chi_P11_2	21	253325	71
Chi_P11_2	21	253325	13
Chi_P11_2	21	253325	77
Chi_P11_2	21	253325	44
Chi_P11_2	21	253325	66
Chi_P11_2	21	253325	106
Chi_P11_2	21	253325	84
Chi_P11_2	21	253325	12
Chi_P11_2	21	253325	207
Chi_P11_2	21	253325	78
Chi_P11_2	21	253325	19
Chi_P11_2	21	253325	147
Chi_P11_2	21	253325	59
Chi_P11_2	21	253325	29
Chi_P11_2	21	253325	103
Chi_P11_2	21	253325	107
Chi_P11_2	21	253325	51
Chi_P11_2	21	253325	106
Chi_P11_2	21	253325	63
Chi_P11_2	21	253325	72
Chi_P11_2	21	253325	123
Chi_P11_2	21	253325	101
Chi_P11_2	21	253325	95
Chi_P11_2	21	253325	77
Chi_P11_2	21	253325	44
Chi_P11_2	21	253325	73
Chi_P11_2	21	253325	64
Chi_P11_2	21	253325	72
Chi_P11_2	21	253325	109
Chi_P11_2	21	253325	82
Chi_P11_2	21	253325	102
Chi_P11_2	21	253325	112
Chi_P11_2	21	253325	102
Chi_P11_2	21	253325	61
Chi_P11_2	21	253325	129
Chi_P11_2	22	340480	84
Chi_P11_2	22	340480	104
Chi_P11_2	22	340480	78
Chi_P11_2	22	340480	94
Chi_P11_2	22	340480	73
Chi_P11_2	22	340480	40
Chi_P11_2	22	340480	82
Chi_P11_2	22	340480	115
Chi_P11_2	22	340480	56
Chi_P11_2	22	340480	176
Chi_P11_2	22	340480	52
Chi_P11_2	22	340480	84
Chi_P11_2	22	340480	198
Chi_P11_2	22	340480	242
Chi_P11_2	22	340480	129
Chi_P11_2	22	340480	127
Chi_P11_2	22	340480	66
Chi_P11_2	22	340480	73
Chi_P11_2	22	340480	79
Chi_P11_2	22	340480	121
Chi_P11_2	22	340480	81
Chi_P11_2	22	340480	88
Chi_P11_2	22	340480	112
Chi_P11_2	22	340480	84
Chi_P11_2	22	340480	174
Chi_P11_2	22	340480	73
Chi_P11_2	22	340480	72
Chi_P11_2	22	340480	64
Chi_P11_2	22	340480	84
Chi_P11_2	22	340480	134
Chi_P11_2	22	340480	58
Chi_P11_2	22	340480	28
Chi_P11_2	22	340480	118
Chi_P11_2	22	340480	151
Chi_P11_2	22	340480	93
Chi_P11_2	22	340480	74
Chi_P11_2	22	340480	68
Chi_P11_2	22	340480	225
Chi_P11_2	22	340480	101
Chi_P11_2	22	340480	142
Chi_P11_2	22	340480	156
Chi_P11_2	22	340480	77
Chi_P11_2	22	340480	91
Chi_P11_2	22	340480	70
Chi_P11_2	22	340480	126
Chi_P11_2	22	340480	124
Chi_P11_2	22	340480	139
Chi_P11_2	22	340480	212
Chi_P11_2	22	340480	63
Chi_P11_2	22	340480	86
Chi_P11_2	22	340480	51
Chi_P11_2	22	340480	82
Chi_P11_2	22	340480	85
Chi_P11_2	22	340480	61
Chi_P11_2	22	340480	87
Chi_P11_2	22	340480	157
Chi_P11_2	22	340480	101
Chi_P11_2	22	340480	100
Chi_P11_2	22	340480	87
Chi_P11_2	22	340480	150
Chi_P11_2	22	340480	94
Chi_P11_2	22	340480	201
Chi_P11_2	22	340480	156
Chi_P11_2	22	340480	88
Chi_P11_2	22	340480	81
Chi_P11_2	22	340480	31
Chi_P11_2	22	340480	116
Chi_P11_2	22	340480	87
Chi_P11_2	22	340480	102
Chi_P11_2	22	340480	62
Chi_P11_2	22	340480	125
Chi_P11_2	22	340480	73
Chi_P11_2	22	340480	75
Chi_P11_2	22	340480	57
Chi_P11_2	22	340480	112
Chi_P11_2	23	322835	172
Chi_P11_2	23	322835	116
Chi_P11_2	23	322835	109
Chi_P11_2	23	322835	57
Chi_P11_2	23	322835	95
Chi_P11_2	23	322835	186
Chi_P11_2	23	322835	117
Chi_P11_2	23	322835	59
Chi_P11_2	23	322835	184
Chi_P11_2	23	322835	112
Chi_P11_2	23	322835	133
Chi_P11_2	23	322835	142
Chi_P11_2	23	322835	81
Chi_P11_2	23	322835	131
Chi_P11_2	23	322835	96
Chi_P11_2	23	322835	121
Chi_P11_2	23	322835	138
Chi_P11_2	23	322835	245
Chi_P11_2	23	322835	134
Chi_P11_2	23	322835	62
Chi_P11_2	23	322835	215
Chi_P11_2	23	322835	81
Chi_P11_2	23	322835	206
Chi_P11_2	23	322835	86
Chi_P11_2	23	322835	118
Chi_P11_2	23	322835	150
Chi_P11_2	23	322835	150
Chi_P11_2	23	322835	81
Chi_P11_2	23	322835	141
Chi_P11_2	23	322835	100
Chi_P11_2	23	322835	76
Chi_P11_2	23	322835	146
Chi_P11_2	23	322835	83
Chi_P11_2	23	322835	44
Chi_P11_2	23	322835	84
Chi_P11_2	23	322835	327
Chi_P11_2	23	322835	83
Chi_P11_2	23	322835	157
Chi_P11_2	23	322835	92
Chi_P11_2	23	322835	56
Chi_P11_2	23	322835	60
Chi_P11_2	23	322835	119
Chi_P11_2	23	322835	129
Chi_P11_2	23	322835	47
Chi_P11_2	23	322835	64
Chi_P11_2	23	322835	104
Chi_P11_2	23	322835	294
Chi_P11_2	23	322835	169
Chi_P11_2	23	322835	89
Chi_P11_2	23	322835	164
Chi_P11_2	23	322835	48
Chi_P11_2	23	322835	105
Chi_P11_2	23	322835	60
Chi_P11_2	23	322835	93
Chi_P11_2	23	322835	86
Chi_P11_2	23	322835	90
Chi_P11_2	23	322835	120
Chi_P11_2	23	322835	149
Chi_P11_2	23	322835	140
Chi_P11_2	23	322835	107
Chi_P11_2	23	322835	98
Chi_P11_2	23	322835	126
Chi_P11_2	23	322835	71
Chi_P11_2	23	322835	133
Chi_P11_2	23	322835	190
Chi_P11_2	23	322835	91
Chi_P11_2	23	322835	77
Chi_P11_2	23	322835	115
Chi_P11_2	23	322835	287
Chi_P11_2	23	322835	190
Chi_P11_2	23	322835	54
Chi_P11_2	23	322835	96
Chi_P11_2	23	322835	148
Chi_P11_2	23	322835	117
Chi_P11_2	23	322835	117
Chi_P11_2	23	322835	72
Chi_P11_2	23	322835	72
Chi_P11_2	23	322835	102
Chi_P11_2	23	322835	122
Chi_P11_2	23	322835	167
Chi_P11_2	23	322835	231
Chi_P11_2	23	322835	217
Chi_P11_2	23	322835	1413
Chi_P11_2	23	322835	73
Chi_P11_2	23	322835	559
Chi_P11_2	23	322835	143
Chi_P11_2	23	322835	54
Chi_P11_2	23	322835	14
Chi_P11_2	23	322835	167
Chi_P11_2	23	322835	158
Chi_P11_2	23	322835	139
Chi_P11_2	23	322835	147
Chi_P11_2	23	322835	697
Chi_P11_2	23	322835	59
Chi_P11_2	23	322835	220
Chi_P11_2	23	322835	159
Chi_P11_2	23	322835	208
Chi_P11_2	23	322835	65
Chi_P11_2	23	322835	132
Chi_P11_2	23	322835	86
Chi_P11_2	23	322835	59
Chi_P11_2	23	322835	119
Chi_P11_2	23	322835	64
Chi_P11_2	23	322835	105
Chi_P11_2	23	322835	147
Chi_P11_2	23	322835	40
Chi_P11_2	23	322835	75
Chi_P11_2	23	322835	93
Chi_P11_2	23	322835	168
Chi_P11_2	23	322835	54
Chi_P11_2	23	322835	134
Chi_P11_2	23	322835	156
Chi_P11_2	23	322835	69
Chi_P11_2	23	322835	61
Chi_P11_2	23	322835	189
Chi_P11_2	23	322835	138
Chi_P11_2	23	322835	77
Chi_P11_2	23	322835	148
Chi_P11_2	23	322835	172
Chi_P11_2	23	322835	388
Chi_P11_2	23	322835	72
Chi_P11_2	23	322835	85
Chi_P11_2	23	322835	104
Chi_P11_2	23	322835	141
Chi_P11_2	23	322835	57
Chi_P11_2	23	322835	132
Chi_P11_2	23	322835	260
Chi_P11_2	23	322835	100
Chi_P11_2	23	322835	106
Chi_P11_2	23	322835	36
Chi_P11_2	23	322835	112
Chi_P11_2	23	322835	74
Chi_P11_2	23	322835	111
Chi_P11_2	23	322835	143
Chi_P11_2	23	322835	160
Chi_P11_2	23	322835	108
Chi_P11_2	23	322835	102
Chi_P11_2	23	322835	113
Chi_P11_2	23	322835	51
Chi_P11_2	23	322835	122
Chi_P11_2	23	322835	60
Chi_P11_2	23	322835	90
Chi_P11_2	23	322835	126
Chi_P11_2	23	322835	61
Chi_P11_2	23	322835	153
Chi_P11_2	23	322835	116
Chi_P11_2	23	322835	59
Chi_P11_2	23	322835	96
Chi_P11_2	23	322835	123
Chi_P11_2	23	322835	145
Chi_P11_2	23	322835	152
Chi_P11_2	23	322835	150
Chi_P11_2	23	322835	54
Chi_P11_2	23	322835	160
Chi_P11_2	23	322835	42
Chi_P11_2	23	322835	65
Chi_P11_2	23	322835	128
Chi_P11_2	23	322835	94
Chi_P11_2	23	322835	373
Chi_P11_2	23	322835	138
Chi_P11_2	23	322835	95
Chi_P11_2	23	322835	128
Chi_P11_2	23	322835	142
Chi_P11_2	23	322835	167
Chi_P11_2	23	322835	63
Chi_P11_2	23	322835	59
Chi_P11_2	23	322835	110
Chi_P11_2	23	322835	104
Chi_P11_2	23	322835	187
Chi_P11_2	23	322835	31
Chi_P11_2	24	335334	83
Chi_P11_2	24	335334	121
Chi_P11_2	24	335334	63
Chi_P11_2	24	335334	39
Chi_P11_2	24	335334	54
Chi_P11_2	24	335334	99
Chi_P11_2	24	335334	174
Chi_P11_2	24	335334	30
Chi_P11_2	24	335334	28
Chi_P11_2	24	335334	140
Chi_P11_2	24	335334	129
Chi_P11_2	24	335334	91
Chi_P11_2	24	335334	122
Chi_P11_2	24	335334	109
Chi_P11_2	24	335334	108
Chi_P11_2	24	335334	203
Chi_P11_2	24	335334	109
Chi_P11_2	24	335334	77
Chi_P11_2	24	335334	44
Chi_P11_2	24	335334	78
Chi_P11_2	24	335334	204
Chi_P11_2	24	335334	100
Chi_P11_2	24	335334	270
Chi_P11_2	24	335334	96
Chi_P11_2	24	335334	110
Chi_P11_2	24	335334	280
Chi_P11_2	24	335334	89
Chi_P11_2	24	335334	124
Chi_P11_2	24	335334	254
Chi_P11_2	24	335334	114
Chi_P11_2	24	335334	121
Chi_P11_2	24	335334	82
Chi_P11_2	24	335334	78
Chi_P11_2	24	335334	135
Chi_P11_2	24	335334	95
Chi_P11_2	24	335334	54
Chi_P11_2	24	335334	212
Chi_P11_2	24	335334	97
Chi_P11_2	24	335334	67
Chi_P11_2	24	335334	63
Chi_P11_2	24	335334	59
Chi_P11_2	24	335334	72
Chi_P11_2	24	335334	122
Chi_P11_2	24	335334	120
Chi_P11_2	24	335334	39
Chi_P11_2	24	335334	96
Chi_P11_2	24	335334	125
Chi_P11_2	24	335334	98
Chi_P11_2	24	335334	62
Chi_P11_2	24	335334	58
Chi_P11_2	24	335334	221
Chi_P11_2	24	335334	79
Chi_P11_2	24	335334	74
Chi_P11_2	24	335334	124
Chi_P11_2	24	335334	59
Chi_P11_2	24	335334	107
Chi_P11_2	24	335334	15
Chi_P11_2	24	335334	110
Chi_P11_2	24	335334	86
Chi_P11_2	24	335334	51
Chi_P11_2	24	335334	82
Chi_P11_2	24	335334	46
Chi_P11_2	24	335334	95
Chi_P11_2	24	335334	152
Chi_P11_2	24	335334	17
Chi_P11_2	24	335334	125
Chi_P11_2	24	335334	55
Chi_P11_2	24	335334	123
Chi_P11_2	24	335334	61
Chi_P11_2	24	335334	94
Chi_P11_2	24	335334	124
Chi_P11_2	24	335334	82
Chi_P11_2	24	335334	211
Chi_P11_2	24	335334	104
Chi_P11_2	24	335334	104
Chi_P11_2	24	335334	60
Chi_P11_2	24	335334	93
Chi_P11_2	24	335334	108
Chi_P11_2	24	335334	126
Chi_P11_2	24	335334	100
Chi_P11_2	24	335334	49
Chi_P11_2	24	335334	66
Chi_P11_2	24	335334	69
Chi_P11_2	24	335334	28
Chi_P11_2	24	335334	115
Chi_P11_2	24	335334	98
Chi_P11_2	24	335334	101
Chi_P11_2	24	335334	227
Chi_P11_2	24	335334	105
Chi_P11_2	24	335334	109
Chi_P11_2	24	335334	41
Chi_P11_2	24	335334	68
Chi_P11_2	24	335334	120
Chi_P11_2	24	335334	82
Chi_P11_2	24	335334	65
Chi_P11_2	24	335334	87
Chi_P11_2	24	335334	143
Chi_P11_2	24	335334	130
Chi_P11_2	24	335334	95
Chi_P11_2	24	335334	61
Chi_P11_2	24	335334	84
Chi_P11_2	24	335334	87
Chi_P11_2	24	335334	60
Chi_P11_2	24	335334	88
Chi_P11_2	24	335334	72
Chi_P11_2	24	335334	101
Chi_P11_2	24	335334	10
Chi_P11_2	24	335334	82
Chi_P11_2	24	335334	216
Chi_P11_2	24	335334	72
Chi_P11_2	24	335334	96
Chi_P11_2	24	335334	158
Chi_P11_2	24	335334	109
Chi_P11_2	24	335334	142
Chi_P11_2	24	335334	10
Chi_P11_2	24	335334	142
Chi_P11_2	24	335334	68
Chi_P11_2	24	335334	95
Chi_P11_2	24	335334	77
Chi_P11_2	24	335334	169
Chi_P11_2	24	335334	108
Chi_P11_2	24	335334	647
Chi_P11_2	24	335334	126
Chi_P11_2	24	335334	108
Chi_P11_2	24	335334	115
Chi_P11_2	24	335334	148
Chi_P11_2	24	335334	123
Chi_P11_2	24	335334	74
Chi_P11_2	24	335334	158
Chi_P11_2	24	335334	143
Chi_P11_2	24	335334	234
Chi_P11_2	24	335334	62
Chi_P11_2	24	335334	72
Chi_P11_2	24	335334	227
Chi_P11_2	24	335334	181
Chi_P11_2	24	335334	45
Chi_P11_2	24	335334	295
Chi_P11_2	24	335334	121
Chi_P11_2	24	335334	15
Chi_P11_2	24	335334	105
Chi_P11_2	24	335334	198
