Chi_P01_1	1	290268	1	0	0	0
Chi_P01_1	2	282143	1	636	0.22541760738349	NA
Chi_P01_1	3	220317	2	532	0.241470245146766	NA
Chi_P01_1	4	289693	1	0	0	0
Chi_P01_1	5	272290	1	86	0.0315839729699952	NA
Chi_P01_1	6	259747	2	152	0.0585184814454065	NA
Chi_P01_1	7	294456	64	7771	2.6391039747874	NA
Chi_P01_1	8	266957	83	10436	3.90924381080099	NA
Chi_P01_1	9	265496	156	18142	6.83324795853798	NA
Chi_P01_1	10	289900	159	19465	6.71438427043808	NA
Chi_P01_1	11	273288	80	7974	2.91780100114165	NA
Chi_P01_1	12	258636	114	14062	5.43698479716667	NA
Chi_P01_1	13	286758	117	15544	5.42059855348412	NA
Chi_P01_1	14	265646	104	13762	5.18057866483967	NA
Chi_P01_1	15	191883	62	6293	3.27960267454647	NA
Chi_P01_1	16	311203	128	17629	5.66479114918558	NA
Chi_P01_1	17	219823	55	7561	3.43958548468541	NA
Chi_P01_1	18	279435	87	12039	4.30833646465189	NA
Chi_P01_1	19	309199	128	18146	5.86871238264031	NA
Chi_P01_1	20	302542	165	19324	6.38721235398721	NA
Chi_P01_1	21	305612	113	14772	4.83357983325262	NA
Chi_P01_1	22	359070	111	12744	3.54916868577158	NA
Chi_P01_1	23	343560	79	9787	2.84870182791943	NA
Chi_P01_1	24	298877	123	15018	5.02480953703363	NA
Chi_P01_2	1	270071	104	8636	3.19767764772967	NA
Chi_P01_2	2	299540	84	7012	2.34092274821393	NA
Chi_P01_2	3	249158	74	7083	2.84277446439609	NA
Chi_P01_2	4	284200	107	8530	3.00140745953554	NA
Chi_P01_2	5	211501	85	7551	3.57019588559865	NA
Chi_P01_2	6	252430	99	9863	3.90722180406449	NA
Chi_P01_2	7	278700	91	9073	3.25547183351274	NA
Chi_P01_2	8	278827	89	9363	3.35799617684084	NA
Chi_P01_2	9	238852	72	8621	3.60934804816372	NA
Chi_P01_2	10	295402	71	8793	2.97662168841105	NA
Chi_P01_2	11	304450	99	10699	3.51420594514699	NA
Chi_P01_2	12	275390	124	15813	5.74203856349178	NA
Chi_P01_2	13	350968	212	22099	6.29658544368717	NA
Chi_P01_2	14	337281	202	21358	6.33240532375082	NA
Chi_P01_2	15	349903	187	19019	5.43550641177698	NA
Chi_P01_2	16	302992	115	16531	5.45591962824101	NA
Chi_P01_2	17	283990	119	14924	5.25511461671186	NA
Chi_P01_2	18	323190	134	16027	4.95900244438256	NA
Chi_P01_2	19	281198	152	17798	6.32934800389761	NA
Chi_P01_2	20	285615	153	15074	5.27773401256937	NA
Chi_P01_2	21	331819	144	17336	5.22453506279026	NA
Chi_P01_2	22	320607	157	23626	7.36914664994838	NA
Chi_P01_2	23	333624	134	17945	5.37880967796082	NA
Chi_P01_2	24	310520	163	19295	6.21377044956847	NA
Chi_P02_1	1	221331	89	12608	5.69644559505898	NA
Chi_P02_1	2	325121	104	12559	3.8628695162724	NA
Chi_P02_1	3	251438	104	15136	6.01977425846531	NA
Chi_P02_1	4	321228	82	8738	2.72018628513081	NA
Chi_P02_1	5	282076	78	9593	3.40085650675704	NA
Chi_P02_1	6	314752	113	11253	3.57519570963806	NA
Chi_P02_1	7	326291	108	11887	3.64306707816029	NA
Chi_P02_1	8	337300	112	13663	4.05069670916098	NA
Chi_P02_1	9	319302	151	18925	5.92699074857032	NA
Chi_P02_1	10	331357	116	11465	3.46001442552896	NA
Chi_P02_1	11	332634	105	11925	3.58502137484442	NA
Chi_P02_1	12	233187	111	12914	5.53804457366834	NA
Chi_P02_1	13	308431	68	4354	1.41166095496237	NA
Chi_P02_1	14	258928	76	6637	2.56326082926528	NA
Chi_P02_1	15	324794	95	11439	3.52192466609605	NA
Chi_P02_1	16	290100	62	4983	1.717683557394	NA
Chi_P02_1	17	294460	71	6598	2.24071181145147	NA
Chi_P02_1	18	313366	91	9712	3.09925135464601	NA
Chi_P02_2	1	282700	109	10585	3.74425185709232	NA
Chi_P02_2	2	315412	119	12451	3.94753528717994	NA
Chi_P02_2	3	289095	95	9845	3.40545495425379	NA
Chi_P02_2	4	330240	51	4521	1.36900436046512	NA
Chi_P02_2	5	300802	51	4210	1.39959175803352	NA
Chi_P02_2	6	279026	113	9873	3.53837993591995	NA
Chi_P02_2	7	210618	67	9430	4.47730013579086	NA
Chi_P02_2	8	321885	166	17346	5.3888811221399	NA
Chi_P02_2	9	314120	122	16935	5.39125175092321	NA
Chi_P02_2	10	322219	90	8370	2.59761218301838	NA
Chi_P02_2	11	269049	80	11011	4.09256306472055	NA
Chi_P02_2	12	289064	95	12675	4.38484211108959	NA
Chi_P02_2	13	245026	91	11828	4.8272428232106	NA
Chi_P02_2	14	297040	121	12972	4.36708860759494	NA
Chi_P02_2	15	293657	142	15303	5.21118175286133	NA
Chi_P02_2	16	252599	101	10908	4.31830688165828	NA
Chi_P02_2	17	313674	97	10289	3.28015710578499	NA
Chi_P02_2	18	306700	124	17309	5.64362569285947	NA
Chi_P02_2	19	259860	107	13775	5.30093127068421	NA
Chi_P02_2	20	337665	158	16695	4.94424947803296	NA
Chi_P02_2	21	226138	92	13568	5.99987618180049	NA
Chi_P02_2	22	335968	119	16826	5.00821506810172	NA
Chi_P03_1	1	195646	76	7291	3.72662870695031	NA
Chi_P03_1	2	283493	154	14678	5.17755288490368	NA
Chi_P03_1	3	303418	71	7107	2.34231324443507	NA
Chi_P03_1	4	187909	107	11977	6.37382988574257	NA
Chi_P03_1	5	149431	38	5043	3.37480174796394	NA
Chi_P03_1	6	234068	65	8336	3.56135823777706	NA
Chi_P03_1	7	203328	40	4086	2.00956090651558	NA
Chi_P03_1	8	225462	98	11430	5.06959044096123	NA
Chi_P03_1	9	232499	87	10871	4.67571903535069	NA
Chi_P03_1	10	196869	40	3579	1.81796016640507	NA
Chi_P03_1	11	301161	51	6307	2.09422866838668	NA
Chi_P03_1	12	164617	31	4310	2.61819860646227	NA
Chi_P03_1	13	227406	59	8175	3.59489195535738	NA
Chi_P03_1	14	296876	104	13722	4.62213179913499	NA
Chi_P03_1	15	268459	85	9084	3.38375692377607	NA
Chi_P03_1	16	186941	55	6900	3.69100411359734	NA
Chi_P03_1	17	222366	75	10245	4.60726909689431	NA
Chi_P03_1	18	219024	69	10924	4.98758126963255	NA
Chi_P03_1	19	258396	91	11689	4.52367683710274	NA
Chi_P03_2	1	298603	103	12267	4.10813019293175	NA
Chi_P03_2	2	276252	139	14554	5.26837814748852	NA
Chi_P03_2	3	281184	95	10603	3.77084044611358	NA
Chi_P03_2	4	295509	142	17494	5.91995506059037	NA
Chi_P03_2	5	298423	117	15633	5.23853724411322	NA
Chi_P03_2	6	305218	94	10332	3.38512145417374	NA
Chi_P03_2	7	171839	67	7347	4.27551370759839	NA
Chi_P03_2	8	218489	103	12203	5.58517820119091	NA
Chi_P03_2	9	216522	81	9659	4.46097856107001	NA
Chi_P03_2	10	248597	106	9410	3.78524278249536	NA
Chi_P03_2	11	252184	99	11694	4.63709037845383	NA
Chi_P03_2	12	212996	85	7315	3.43433679505718	NA
Chi_P03_2	13	181649	61	6580	3.62237061585806	NA
Chi_P03_2	14	193638	94	12379	6.39285677398031	NA
Chi_P03_2	15	276899	145	16452	5.94151658185837	NA
Chi_P03_2	16	238760	75	8210	3.43859943039035	NA
Chi_P03_2	17	281009	115	16388	5.8318416847859	NA
Chi_P03_2	18	291229	94	10660	3.66034975912426	NA
Chi_P03_2	19	216227	97	12615	5.83414652194222	NA
Chi_P03_2	20	291036	110	12339	4.23968168886323	NA
Chi_P03_2	21	257954	134	20406	7.91071276274064	NA
Chi_P03_2	22	276801	110	10747	3.88257267856691	NA
Chi_P04_1	1	282894	1	14	0.00494885009933049	NA
Chi_P04_1	2	309255	1	0	0	0
Chi_P04_1	3	299510	1	0	0	0
Chi_P04_1	4	322246	1	0	0	0
Chi_P04_1	5	249591	1	0	0	0
Chi_P04_1	6	296005	2	105	0.03547237377747	NA
Chi_P04_1	7	296857	121	15098	5.08595047447087	NA
Chi_P04_1	8	311286	129	15152	4.86754945612716	NA
Chi_P04_1	9	276607	101	14494	5.23992523688844	NA
Chi_P04_1	10	284545	90	13286	4.66920873675517	NA
Chi_P04_1	11	315666	149	15867	5.0265153675087	NA
Chi_P04_1	12	308168	1	47	0.0152514213026661	NA
Chi_P04_1	13	249031	1	28	0.0112435801165317	NA
Chi_P04_1	14	261292	1	0	0	0
Chi_P04_1	15	238036	1	0	0	0
Chi_P04_1	16	257018	1	0	0	0
Chi_P04_1	17	240062	74	8137	3.38954103523256	NA
Chi_P04_1	18	227712	91	9650	4.23780916245081	NA
Chi_P04_1	19	193606	61	6756	3.48956127392746	NA
Chi_P04_1	20	269789	93	11310	4.19216498819448	NA
Chi_P04_1	21	197086	72	8915	4.52340602579585	NA
Chi_P04_1	22	265162	86	12101	4.56362525550418	NA
Chi_P04_2	1	248636	47	3830	1.54040444666098	NA
Chi_P04_2	2	267674	46	2209	0.825257589455831	NA
Chi_P04_2	3	302269	52	3319	1.09802857719449	NA
Chi_P04_2	4	308941	64	4979	1.61163458394969	NA
Chi_P04_2	5	273172	65	4857	1.7780006735683	NA
Chi_P04_2	6	232451	100	16053	6.90597158110742	NA
Chi_P04_2	7	227863	121	13453	5.90398616712674	NA
Chi_P04_2	8	228669	75	11265	4.92633457093003	NA
Chi_P04_2	9	305157	95	12492	4.09363049184518	NA
Chi_P04_2	10	241375	92	10680	4.42465044018643	NA
Chi_P04_2	11	244427	103	9761	3.99342134870534	NA
Chi_P04_2	12	330975	73	11177	3.37699221995619	NA
Chi_P04_2	13	298797	72	7507	2.51240808977332	NA
Chi_P04_2	14	290549	77	9995	3.4400393737373	NA
Chi_P04_2	15	298067	101	14491	4.8616586203773	NA
Chi_P04_2	16	280820	71	8189	2.91610284167794	NA
Chi_P04_2	17	302591	135	15350	5.07285411661285	NA
Chi_P04_2	18	268648	105	13071	4.86547452428457	NA
Chi_P04_2	19	265444	104	13574	5.11369629752415	NA
Chi_P04_2	20	280852	87	9709	3.45698090097275	NA
Chi_P04_2	21	213597	51	5415	2.53514796556131	NA
Chi_P04_2	22	292116	135	14866	5.08907420339865	NA
Chi_P04_2	23	269644	76	9769	3.62292504190711	NA
Chi_P05_1	1	221964	74	8140	3.66726135769764	NA
Chi_P05_1	2	209757	57	6945	3.31097412720434	NA
Chi_P05_1	3	205574	58	6397	3.1117748353391	NA
Chi_P05_1	4	246395	74	11381	4.61900606749325	NA
Chi_P05_1	5	238397	85	10221	4.28738616677223	NA
Chi_P05_1	6	255972	47	4200	1.64080446298814	NA
Chi_P05_1	7	301452	83	8649	2.86911349070499	NA
Chi_P05_1	8	250609	94	10189	4.06569596463016	NA
Chi_P05_1	9	247257	76	6114	2.47273080236353	NA
Chi_P05_1	10	312606	44	4033	1.29012239048515	NA
Chi_P05_1	11	174460	69	7710	4.41935114066262	NA
Chi_P05_1	12	329614	92	9662	2.93130752941319	NA
Chi_P05_1	13	292774	74	8926	3.04876799169325	NA
Chi_P05_1	14	293200	77	10086	3.4399727148704	NA
Chi_P05_1	15	308220	117	16030	5.20083057556291	NA
Chi_P05_1	16	336812	147	14352	4.2611308385687	NA
Chi_P05_1	17	337241	169	20878	6.19082495900558	NA
Chi_P05_2	1	312961	91	9838	3.14352267534932	NA
Chi_P05_2	2	329463	104	12583	3.81924525667526	NA
Chi_P05_2	3	356935	99	10813	3.02940311261154	NA
Chi_P05_2	4	319806	110	15368	4.80541328180209	NA
Chi_P05_2	5	355451	116	17098	4.81022700737936	NA
Chi_P05_2	6	278627	121	14217	5.10252057410086	NA
Chi_P05_2	7	274826	96	13159	4.78812048350593	NA
Chi_P05_2	8	178885	47	5779	3.23056712413003	NA
Chi_P05_2	9	198428	38	5105	2.57272159171085	NA
Chi_P05_2	10	250565	72	9681	3.86366811007124	NA
Chi_P05_2	11	274401	115	12729	4.63883149113888	NA
Chi_P05_2	12	191555	54	6407	3.34473127822297	NA
Chi_P05_2	13	223359	2	841	0.376523892030319	NA
Chi_P05_2	14	225754	1	0	0	0
Chi_P05_2	15	172072	1	0	0	0
Chi_P05_2	16	183173	1	0	0	0
Chi_P05_2	17	285511	2	268	0.0938667862183944	NA
Chi_P05_2	18	324798	5	990	0.304804832542072	NA
Chi_P05_2	19	317939	1	0	0	0
Chi_P05_2	20	275544	1	0	0	0
Chi_P05_2	21	271787	1	0	0	0
Chi_P06_1	1	234649	1	89	0.0379289918133041	NA
Chi_P06_1	2	368114	1	0	0	0
Chi_P06_1	3	320515	1	28	0.00873594059560395	NA
Chi_P06_1	4	266663	1	0	0	0
Chi_P06_1	5	275618	1	0	0	0
Chi_P06_1	6	280943	1	0	0	0
Chi_P06_1	7	290683	144	25538	8.78551549282208	NA
Chi_P06_1	8	306955	156	25167	8.19892166604225	NA
Chi_P06_1	9	351190	146	24002	6.83447706369771	NA
Chi_P06_1	10	339100	182	31475	9.28192273665585	NA
Chi_P06_1	11	326022	119	19915	6.1084834765752	NA
Chi_P06_1	12	347066	105	16544	4.76681668616344	NA
Chi_P06_1	13	225689	67	10353	4.58728604406949	NA
Chi_P06_1	14	333423	121	20913	6.27221277476359	NA
Chi_P06_1	15	332142	75	12130	3.65205243540413	NA
Chi_P06_1	16	296657	88	14023	4.72700795868629	NA
Chi_P06_1	17	338596	102	13683	4.04109912698319	NA
Chi_P06_1	18	339556	102	13169	3.87829989751322	NA
Chi_P06_1	19	355557	127	20920	5.88372609736273	NA
Chi_P06_1	20	340098	106	13779	4.05147927950179	NA
Chi_P06_1	21	362926	87	10192	2.80828598667497	NA
Chi_P06_1	22	317830	89	11099	3.49211842809049	NA
Chi_P06_2	1	296836	109	15378	5.1806384670323	NA
Chi_P06_2	2	315625	121	19473	6.16966336633663	NA
Chi_P06_2	3	288042	133	18395	6.38622145381576	NA
Chi_P06_2	4	269222	103	14114	5.24251361330055	NA
Chi_P06_2	5	243088	99	13464	5.53873494372408	NA
Chi_P06_2	6	297132	144	20688	6.96256209361496	NA
Chi_P06_2	7	340598	155	19544	5.73814291334653	NA
Chi_P06_2	8	260840	106	15692	6.01594847416041	NA
Chi_P06_2	9	314756	112	16452	5.22690592077673	NA
Chi_P06_2	10	303898	111	17626	5.79997235914682	NA
Chi_P06_2	11	304038	134	20354	6.69455791710247	NA
Chi_P06_2	12	264978	104	12337	4.65585822219203	NA
Chi_P06_2	13	257696	79	9242	3.5863963740221	NA
Chi_P06_2	14	319151	105	14376	4.5044508712177	NA
Chi_P06_2	15	261953	88	13440	5.13069138356881	NA
Chi_P06_2	16	288079	97	13096	4.54597523595958	NA
Chi_P06_2	17	277762	70	10858	3.9091020369957	NA
Chi_P06_2	18	267833	80	14155	5.28500968887329	NA
Chi_P06_2	19	273681	98	15425	5.63612380837544	NA
Chi_P06_2	20	207717	79	13287	6.39668394979708	NA
Chi_P06_2	21	250492	73	14233	5.68201778899127	NA
Chi_P06_2	22	202496	90	12559	6.20209781921618	NA
Chi_P06_2	23	280450	131	21328	7.60492066321982	NA
Chi_P07_1	1	339982	117	14906	4.38434975969316	NA
Chi_P07_1	2	269323	125	18979	7.04692878068342	NA
Chi_P07_1	3	331011	196	24039	7.26229641915223	NA
Chi_P07_1	4	305794	159	23472	7.67575557401388	NA
Chi_P07_1	5	336612	164	23664	7.03005240454886	NA
Chi_P07_1	6	347309	175	27841	8.01620459014883	NA
Chi_P07_1	7	295214	101	9908	3.35620939386343	NA
Chi_P07_1	8	301603	93	9720	3.22277961426113	NA
Chi_P07_1	9	296038	117	14549	4.91457177794743	NA
Chi_P07_1	10	304901	87	8519	2.79402166604898	NA
Chi_P07_1	11	272962	101	12013	4.40097889083462	NA
Chi_P07_1	12	311726	118	14026	4.49946427311164	NA
Chi_P07_1	13	282290	123	21010	7.44270076871303	NA
Chi_P07_1	14	345008	165	22752	6.59462968974632	NA
Chi_P07_1	15	284097	123	19032	6.69912037085925	NA
Chi_P07_1	16	312850	163	23085	7.37893559213681	NA
Chi_P07_1	17	350100	84	7998	2.28449014567266	NA
Chi_P07_1	18	317919	108	11500	3.61727358226466	NA
Chi_P07_1	19	347652	82	6521	1.87572630101366	NA
Chi_P07_1	20	291452	94	8822	3.02691352263838	NA
Chi_P07_1	21	342345	102	10128	2.95841913858827	NA
Chi_P07_2	1	226997	119	16726	7.36837931778834	NA
Chi_P07_2	2	287349	132	15267	5.31305137654907	NA
Chi_P07_2	3	314207	178	18351	5.84041730451581	NA
Chi_P07_2	4	254507	130	15354	6.03283996117985	NA
Chi_P07_2	5	246173	133	21104	8.57283292643791	NA
Chi_P07_2	6	338415	104	9062	2.67777728528582	NA
Chi_P07_2	7	295872	89	7270	2.4571436296777	NA
Chi_P07_2	8	320721	47	3574	1.11436419816601	NA
Chi_P07_2	9	292989	114	13836	4.72236159036687	NA
Chi_P07_2	10	295471	77	7492	2.53561263203495	NA
Chi_P07_2	11	261547	97	11236	4.29597739603207	NA
Chi_P07_2	12	240045	41	6113	2.54660584473744	NA
Chi_P07_2	13	342574	115	14060	4.1042227372772	NA
Chi_P07_2	14	306205	112	12428	4.05871883215493	NA
Chi_P07_2	15	304678	145	19948	6.54724003702269	NA
Chi_P07_2	16	300394	150	23099	7.68956770108591	NA
Chi_P07_2	17	324505	134	19270	5.93827521917998	NA
Chi_P07_2	18	338881	145	21282	6.28008061827013	NA
Chi_P07_2	19	269999	90	12673	4.69372108785588	NA
Chi_P07_2	20	319425	116	15690	4.91195116224466	NA
Chi_P08_1	1	266722	146	19573	7.33835229189943	NA
Chi_P08_1	2	396424	113	15878	4.0053074485904	NA
Chi_P08_1	3	356857	141	12073	3.38314787155639	NA
Chi_P08_1	4	373455	155	20780	5.56425807660896	NA
Chi_P08_1	5	337153	136	14372	4.26275311208858	NA
Chi_P08_1	6	289059	1	335	0.115893295140438	NA
Chi_P08_1	7	288375	1	344	0.119289120069354	NA
Chi_P08_1	8	325229	1	389	0.119608030034222	NA
Chi_P08_1	9	311138	4	800	0.257120634573726	NA
Chi_P08_1	10	255832	2	307	0.120000625410426	NA
Chi_P08_1	11	324696	2	376	0.115800625816148	NA
Chi_P08_1	12	331170	117	11491	3.46981912612857	NA
Chi_P08_1	13	356333	89	9170	2.57343552239057	NA
Chi_P08_1	14	302469	110	9764	3.22809940853443	NA
Chi_P08_1	15	292041	103	9633	3.29850945586407	NA
Chi_P08_1	16	266214	103	11920	4.47760072723448	NA
Chi_P08_1	17	374213	199	26594	7.10664781822117	NA
Chi_P08_1	18	324490	160	16357	5.04083330765201	NA
Chi_P08_1	19	377542	238	36894	9.77215779966203	NA
Chi_P08_1	20	398169	237	33483	8.40924331125728	NA
Chi_P08_1	21	376055	234	37943	10.0897475103376	NA
Chi_P08_1	22	370298	222	28936	7.81424690384501	NA
Chi_P08_2	1	178202	1	241	0.135239784065274	NA
Chi_P08_2	2	218245	1	274	0.125546977021238	NA
Chi_P08_2	3	300617	5	544	0.180961156554686	NA
Chi_P08_2	4	253541	1	289	0.113985509247025	NA
Chi_P08_2	5	211264	2	356	0.16850954256286	NA
Chi_P08_2	6	214736	1	268	0.12480441099769	NA
Chi_P08_2	7	281593	130	13914	4.94117396384143	NA
Chi_P08_2	8	340928	163	17007	4.98844330767787	NA
Chi_P08_2	9	350912	153	21073	6.0052092832391	NA
Chi_P08_2	10	327139	152	18634	5.69604969141558	NA
Chi_P08_2	11	353556	200	29608	8.37434522395321	NA
Chi_P08_2	12	246148	129	14633	5.94479743893918	NA
Chi_P08_2	13	309046	139	18334	5.93245018540929	NA
Chi_P08_2	14	275798	133	17073	6.1904002204512	NA
Chi_P08_2	15	308569	107	14061	4.55684141958525	NA
Chi_P08_2	16	300334	140	21103	7.02651048499337	NA
Chi_P08_2	17	291891	89	13855	4.74663487397693	NA
Chi_P08_2	18	333181	96	13862	4.16050134911655	NA
Chi_P08_2	19	315261	153	16853	5.34572941150348	NA
Chi_P08_2	20	285759	113	11964	4.1867447744428	NA
Chi_P08_2	21	334046	191	21094	6.31469917316777	NA
Chi_P09_1	1	273402	142	19633	7.18100087051302	NA
Chi_P09_1	2	274321	107	17514	6.38449116181408	NA
Chi_P09_1	3	200915	84	12212	6.07819227036309	NA
Chi_P09_1	4	262516	84	11201	4.26678754818754	NA
Chi_P09_1	5	260030	94	13346	5.13248471330231	NA
Chi_P09_1	6	303081	118	16184	5.33982664700196	NA
Chi_P09_1	7	301652	51	7227	2.39580708896344	NA
Chi_P09_1	8	297542	103	12287	4.12950104523059	NA
Chi_P09_1	9	318469	118	12473	3.91655074748249	NA
Chi_P09_1	10	308300	125	15138	4.9101524489134	NA
Chi_P09_1	11	340083	130	15773	4.63798543296783	NA
Chi_P09_1	12	281407	153	22354	7.94365456438539	NA
Chi_P09_1	13	289633	137	19662	6.78859107905522	NA
Chi_P09_1	14	302647	128	13534	4.4718764765552	NA
Chi_P09_1	15	240205	85	12518	5.211381944589	NA
Chi_P09_1	16	320530	148	17220	5.37235204193055	NA
Chi_P09_1	17	307574	110	13999	4.55142502292131	NA
Chi_P09_1	18	358097	1	0	0	0
Chi_P09_1	19	362635	1	0	0	0
Chi_P09_1	20	328549	1	0	0	0
Chi_P09_1	21	305961	1	14	0.00457574658208072	NA
Chi_P09_1	22	345254	1	0	0	0
Chi_P09_1	23	295008	1	0	0	0
Chi_P09_2	1	287226	173	23097	8.04140293706002	NA
Chi_P09_2	2	322766	141	20221	6.26491018260907	NA
Chi_P09_2	3	341067	177	21858	6.40871148484022	NA
Chi_P09_2	4	327896	135	12689	3.8698245785249	NA
Chi_P09_2	5	263752	140	20900	7.92411052807182	NA
Chi_P09_2	6	323655	172	23321	7.20551204214364	NA
Chi_P09_2	7	283523	121	15190	5.35759003678714	NA
Chi_P09_2	8	301991	161	22266	7.37306740929365	NA
Chi_P09_2	9	304355	122	15140	4.97445417358019	NA
Chi_P09_2	10	281121	105	12876	4.58023413405615	NA
Chi_P09_2	11	265644	147	23571	8.87315354384063	NA
Chi_P09_2	12	303872	85	9579	3.15231413226622	NA
Chi_P09_2	13	324706	180	25313	7.79566746533787	NA
Chi_P09_2	14	288585	170	26792	9.28391981565223	NA
Chi_P09_2	15	352100	166	23398	6.64527122976427	NA
Chi_P09_2	16	335055	144	24196	7.22150094760562	NA
Chi_P09_2	17	319574	176	30675	9.59871579039596	NA
Chi_P09_2	18	345825	180	24359	7.0437359936384	NA
Chi_P09_2	19	268394	93	10363	3.86111462998428	NA
Chi_P09_2	20	282306	101	11663	4.13133266738929	NA
Chi_P09_2	21	312688	120	15590	4.9858005423937	NA
Chi_P09_2	22	320780	105	11991	3.7380759398965	NA
Chi_P09_2	23	322888	152	19233	5.95655459478209	NA
Chi_P09_2	24	322477	138	19826	6.14803536376238	NA
Chi_P10_1	1	308673	176	21713	7.03430491167028	NA
Chi_P10_1	2	359306	128	14787	4.11543364152004	NA
Chi_P10_1	3	346364	206	23705	6.84395606933746	NA
Chi_P10_1	4	220221	53	5487	2.49158799569523	NA
Chi_P10_1	5	307700	140	14769	4.79980500487488	NA
Chi_P10_1	6	278884	107	11745	4.21142840750993	NA
Chi_P10_1	7	274410	189	19968	7.27670274406909	NA
Chi_P10_1	8	340970	188	21017	6.16388538581107	NA
Chi_P10_1	9	350702	149	16347	4.66122234831851	NA
Chi_P10_1	10	369348	108	13586	3.67837378299057	NA
Chi_P10_1	11	247713	112	16509	6.66456746315292	NA
Chi_P10_1	12	326646	185	18407	5.63515242801075	NA
Chi_P10_1	13	262978	144	22868	8.69578443824198	NA
Chi_P10_1	14	243175	93	12648	5.20119255680066	NA
Chi_P10_1	15	223565	95	8056	3.60342629660278	NA
Chi_P10_1	16	152675	65	7250	4.74864909120681	NA
Chi_P10_1	17	275045	110	16023	5.82559217582577	NA
Chi_P10_1	18	253410	90	10336	4.0787656367152	NA
Chi_P10_1	19	325903	156	21750	6.6737648932351	NA
Chi_P10_1	20	300304	88	11607	3.86508338217273	NA
Chi_P10_1	21	351058	101	12604	3.59028992360237	NA
Chi_P10_1	22	297842	172	18692	6.27581066471485	NA
Chi_P10_1	23	147928	38	3697	2.4991887945487	NA
Chi_P10_2	1	298784	128	12030	4.02632001713612	NA
Chi_P10_2	2	346635	153	16524	4.76697390627028	NA
Chi_P10_2	3	321562	112	12085	3.75821769985259	NA
Chi_P10_2	4	361143	145	11077	3.06720606518747	NA
Chi_P10_2	5	342959	156	20984	6.11851562431661	NA
Chi_P10_2	6	316764	163	16269	5.13600030306474	NA
Chi_P10_2	7	339376	180	25432	7.49375324124275	NA
Chi_P10_2	8	370522	189	21894	5.90896087141924	NA
Chi_P10_2	9	400828	233	30308	7.56134800962009	NA
Chi_P10_2	10	305057	125	16172	5.30130434640084	NA
Chi_P10_2	11	253679	119	15460	6.09431604508059	NA
Chi_P10_2	12	355084	103	13918	3.9196359171351	NA
Chi_P10_2	13	333165	150	24220	7.26967118394789	NA
Chi_P10_2	14	350960	125	12009	3.4217574652382	NA
Chi_P10_2	15	352360	202	26196	7.43444204790555	NA
Chi_P10_2	16	317674	96	13767	4.33368799461083	NA
Chi_P10_2	17	418883	221	28452	6.79235013118222	NA
Chi_P10_2	18	354655	163	20566	5.7988749629922	NA
Chi_P10_2	19	260336	100	8330	3.19971114252351	NA
Chi_P10_2	20	343163	155	16283	4.74497541984421	NA
Chi_P10_2	21	376368	145	19762	5.25071206903881	NA
Chi_P10_2	22	304899	120	14744	4.83569969071725	NA
Chi_P10_2	23	345065	161	19210	5.56706707431933	NA
Chi_P10_2	24	357617	155	18222	5.09539535312919	NA
Chi_P11_1	1	349140	140	15700	4.49676347596952	NA
Chi_P11_1	2	330114	109	11845	3.58815439514834	NA
Chi_P11_1	3	333823	126	16152	4.83849225487758	NA
Chi_P11_1	4	360602	113	12785	3.54546009173549	NA
Chi_P11_1	5	337363	148	16604	4.9217015499625	NA
Chi_P11_1	6	370739	149	18388	4.95982348768271	NA
Chi_P11_1	7	363010	115	15951	4.39409382661635	NA
Chi_P11_1	8	338097	183	29112	8.61054667743281	NA
Chi_P11_1	9	311243	95	14111	4.53375658247736	NA
Chi_P11_1	10	368798	94	14958	4.05587882797629	NA
Chi_P11_1	11	369331	133	19114	5.17530345408319	NA
Chi_P11_1	12	333988	139	20835	6.23824808076937	NA
Chi_P11_1	13	394932	120	15756	3.98954756768254	NA
Chi_P11_1	14	312693	121	17485	5.59174653733854	NA
Chi_P11_1	15	349162	105	12262	3.51183691237878	NA
Chi_P11_1	16	232518	83	12734	5.47656525516304	NA
Chi_P11_1	17	300696	93	10491	3.48890573868625	NA
Chi_P11_1	18	336869	94	11793	3.50076736060605	NA
Chi_P11_2	1	263112	94	13549	5.14951807595245	NA
Chi_P11_2	2	213560	63	9268	4.3397640007492	NA
Chi_P11_2	3	309785	129	17394	5.61486192036412	NA
Chi_P11_2	4	250462	90	11826	4.72167434580895	NA
Chi_P11_2	5	288375	102	12654	4.38803641092328	NA
Chi_P11_2	6	291259	71	6650	2.28319124902578	NA
Chi_P11_2	7	288339	92	11344	3.93425793943934	NA
Chi_P11_2	8	259806	47	5186	1.99610478587869	NA
Chi_P11_2	9	250362	66	7152	2.85666355117789	NA
Chi_P11_2	10	232026	83	10876	4.68740572177256	NA
Chi_P11_2	11	267680	104	12243	4.57374476987448	NA
Chi_P11_2	12	263612	85	9410	3.56964022882115	NA
Chi_P11_2	13	279764	100	15970	5.70838277977152	NA
Chi_P11_2	14	229390	61	7887	3.43824926980252	NA
Chi_P11_2	15	280238	76	10633	3.79427486636359	NA
Chi_P11_2	16	243072	77	9907	4.07574710373881	NA
Chi_P11_2	17	249848	83	11909	4.76649803080273	NA
Chi_P11_2	18	249899	73	11623	4.65107903593052	NA
Chi_P11_2	19	282802	70	6907	2.44234482075799	NA
Chi_P11_2	20	343140	72	7235	2.10846884653494	NA
Chi_P11_2	21	253325	78	6497	2.56468962794829	NA
Chi_P11_2	22	340480	75	7662	2.25035244360902	NA
Chi_P11_2	23	322835	170	22705	7.0330044759707	NA
Chi_P11_2	24	335334	141	15387	4.58855946608456	NA
Mock_P01_1	1	276070	1	0	0	0
Mock_P01_1	2	207538	1	0	0	0
Mock_P01_1	3	320297	1	334	0.104278216780051	NA
Mock_P01_1	4	275548	1	0	0	0
Mock_P01_1	5	272342	1	0	0	0
Mock_P01_1	6	331431	192	20183	6.08965365339995	NA
Mock_P01_1	7	299101	170	17002	5.68436748790542	NA
Mock_P01_1	8	345771	131	12715	3.67728930419266	NA
Mock_P01_1	9	311754	207	16272	5.21949999037703	NA
Mock_P01_1	10	293449	150	16238	5.53349985857849	NA
Mock_P01_1	11	310053	210	21866	7.05234266399616	NA
Mock_P01_1	12	374633	203	23971	6.39852869341462	NA
Mock_P01_1	13	345528	166	18486	5.3500729318608	NA
Mock_P01_1	14	336553	149	18796	5.58485587708325	NA
Mock_P01_1	15	395493	193	19992	5.05495672489779	NA
Mock_P01_1	16	386648	150	12730	3.2924003227742	NA
Mock_P01_1	17	371231	171	20132	5.42303848547131	NA
Mock_P01_1	18	345248	221	19586	5.67302344980999	NA
Mock_P01_1	19	398829	231	21241	5.32584140070055	NA
Mock_P01_1	20	339032	226	19820	5.84605582953821	NA
Mock_P01_1	21	327550	115	9701	2.96168523889482	NA
Mock_P01_1	22	373543	201	19816	5.30487788554464	NA
Mock_P01_1	23	405073	242	18954	4.67915659646533	NA
Mock_P01_2	1	315332	121	8622	2.73426103281621	NA
Mock_P01_2	2	318937	119	8140	2.55222818299539	NA
Mock_P01_2	3	307169	136	9762	3.1780550771725	NA
Mock_P01_2	4	311578	175	13429	4.30999621282632	NA
Mock_P01_2	5	282203	139	14973	5.30575507701903	NA
Mock_P01_2	6	276044	142	10542	3.81895639825535	NA
Mock_P01_2	7	248571	95	9040	3.63678787951933	NA
Mock_P01_2	8	268430	104	11336	4.22307491711061	NA
Mock_P01_2	9	338518	211	20564	6.07471389999941	NA
Mock_P01_2	10	368869	173	19996	5.42089468076743	NA
Mock_P01_2	11	340655	203	19462	5.71311150577564	NA
Mock_P01_2	12	360534	269	28061	7.78317717607771	NA
Mock_P01_2	13	360243	263	25723	7.14045796864894	NA
Mock_P01_2	14	265447	82	10138	3.81921814900903	NA
Mock_P01_2	15	357917	196	20708	5.78569891902313	NA
Mock_P01_2	16	313321	197	18132	5.78703629823727	NA
Mock_P01_2	17	349769	139	13969	3.9937787511186	NA
Mock_P01_2	18	359186	182	19854	5.52749828779518	NA
Mock_P01_2	19	313989	165	12812	4.08039772093927	NA
Mock_P01_2	20	368010	225	25513	6.93269204641178	NA
Mock_P01_2	21	366415	227	21013	5.73475430863911	NA
Mock_P01_2	22	371793	174	16548	4.45086378710734	NA
Mock_P02_1	1	282394	146	17641	6.24694575663789	NA
Mock_P02_1	2	422230	263	21621	5.12066882978471	NA
Mock_P02_1	3	337079	162	20077	5.95617051195714	NA
Mock_P02_1	4	323775	98	10282	3.1756621110339	NA
Mock_P02_1	5	381501	210	26030	6.82304895662135	NA
Mock_P02_1	6	387370	164	16389	4.23083873299429	NA
Mock_P02_1	7	365227	193	16205	4.43696659885496	NA
Mock_P02_1	8	354502	213	21274	6.00109449311993	NA
Mock_P02_1	9	341649	206	19536	5.718149328697	NA
Mock_P02_1	10	366293	177	18189	4.96569686016386	NA
Mock_P02_1	11	305945	179	14600	4.7720995603785	NA
Mock_P02_1	12	379480	179	14377	3.7886054601033	NA
Mock_P02_1	13	400090	173	14219	3.55395036116874	NA
Mock_P02_1	14	421221	186	14395	3.41744594880122	NA
Mock_P02_1	15	355728	200	18324	5.15112670354878	NA
Mock_P02_1	16	379864	134	11305	2.97606511804225	NA
Mock_P02_1	17	326596	94	7264	2.22415461303874	NA
Mock_P02_1	18	362075	174	17375	4.79872954498377	NA
Mock_P02_2	1	304848	134	11229	3.68347504330027	NA
Mock_P02_2	2	332957	172	17434	5.23611156996249	NA
Mock_P02_2	3	297544	168	18268	6.13959616056785	NA
Mock_P02_2	4	322143	160	16069	4.98815743318961	NA
Mock_P02_2	5	335376	192	21517	6.41578407518725	NA
Mock_P02_2	6	294861	184	15803	5.35947446423908	NA
Mock_P02_2	7	292363	131	10375	3.54867065941997	NA
Mock_P02_2	8	146492	73	4808	3.28209048958305	NA
Mock_P02_2	9	293798	170	14263	4.85469608370377	NA
Mock_P02_2	10	336471	186	11926	3.54443622184378	NA
Mock_P02_2	11	313750	120	11262	3.58948207171315	NA
Mock_P02_2	12	207044	81	7192	3.47365777322695	NA
Mock_P02_2	13	302434	165	18001	5.95204242909197	NA
Mock_P02_2	14	315073	112	11550	3.66581712809412	NA
Mock_P02_2	15	259050	129	15653	6.04246284501062	NA
Mock_P02_2	16	218807	113	11973	5.47194559589044	NA
Mock_P02_2	17	252673	160	16942	6.705108974841	NA
Mock_P02_2	18	272051	171	17068	6.27382365806411	NA
Mock_P02_2	19	364961	207	20805	5.70060910617847	NA
Mock_P02_2	20	340400	182	20480	6.01645123384254	NA
Mock_P02_2	21	346378	202	19529	5.63806015393587	NA
Mock_P02_2	22	333354	186	19156	5.74644372048933	NA
Mock_P02_2	23	366803	279	29726	8.10407766566795	NA
Mock_P02_2	24	336749	147	14231	4.22599621676679	NA
Mock_P03_1	1	294346	125	10256	3.4843347624904	NA
Mock_P03_1	2	256511	103	12218	4.7631485589312	NA
Mock_P03_1	3	296708	141	14299	4.81921619909136	NA
Mock_P03_1	4	309191	142	15129	4.89309197227604	NA
Mock_P03_1	5	294673	149	12857	4.36314151618913	NA
Mock_P03_1	6	339321	173	11399	3.35935589014532	NA
Mock_P03_1	7	153835	69	5409	3.51610491760653	NA
Mock_P03_1	8	249012	162	12803	5.1415192842112	NA
Mock_P03_1	9	251388	167	15438	6.14110458733114	NA
Mock_P03_1	10	238797	142	13205	5.52980146316746	NA
Mock_P03_1	11	234686	135	16067	6.846168923583	NA
Mock_P03_1	12	258478	157	18435	7.13213503663755	NA
Mock_P03_1	13	313336	170	18099	5.77622743636224	NA
Mock_P03_1	14	216025	99	13037	6.03494965860433	NA
Mock_P03_1	15	331715	130	13136	3.9600259258701	NA
Mock_P03_1	16	338973	154	18343	5.41134544639249	NA
Mock_P03_1	17	285794	146	18540	6.48719007396936	NA
Mock_P03_1	18	298008	170	17842	5.98708759496389	NA
Mock_P03_1	19	309067	221	22692	7.34209734458871	NA
Mock_P03_1	20	260957	149	11976	4.58926183240917	NA
Mock_P03_1	21	226014	96	13060	5.77840310777209	NA
Mock_P03_1	22	300058	167	15261	5.08601670343734	NA
Mock_P03_1	23	308924	115	10812	3.49988994056791	NA
Mock_P03_2	1	353932	154	13663	3.86034605517444	NA
Mock_P03_2	2	356397	193	22299	6.2567866732885	NA
Mock_P03_2	3	386327	237	25035	6.48026154009427	NA
Mock_P03_2	4	416742	253	28360	6.80516962533174	NA
Mock_P03_2	5	310088	230	19217	6.19727303217151	NA
Mock_P03_2	6	392697	224	24140	6.14723310847804	NA
Mock_P03_2	7	263566	148	10801	4.09802478316627	NA
Mock_P03_2	8	342572	92	5977	1.74474271102133	NA
Mock_P03_2	9	335864	147	12455	3.70834623538099	NA
Mock_P03_2	10	230941	91	8634	3.73861722258066	NA
Mock_P03_2	11	315120	93	7200	2.28484386900229	NA
Mock_P03_2	12	305007	127	14743	4.83365955535447	NA
Mock_P03_2	13	359355	167	14114	3.92759249210391	NA
Mock_P03_2	14	354091	110	12673	3.57902347136753	NA
Mock_P03_2	15	340882	166	18517	5.43208500302157	NA
Mock_P03_2	16	357253	70	6617	1.85218878497871	NA
Mock_P03_2	17	374692	185	16416	4.38119842430583	NA
Mock_P03_2	18	368310	218	17828	4.84048763270071	NA
Mock_P03_2	19	340793	178	15614	4.5816668769605	NA
Mock_P03_2	20	350456	215	23831	6.7999977172598	NA
Mock_P04_1	1	331584	3	281	0.0847447403976066	NA
Mock_P04_1	2	357822	2	422	0.117935733409349	NA
Mock_P04_1	3	335165	2	465	0.138737636686408	NA
Mock_P04_1	4	267103	1	237	0.0887298158388337	NA
Mock_P04_1	5	246810	1	299	0.121145820671772	NA
Mock_P04_1	6	364005	223	17828	4.89773492122361	NA
Mock_P04_1	7	381084	186	19494	5.11540762666499	NA
Mock_P04_1	8	379550	240	25470	6.71057831642735	NA
Mock_P04_1	9	372906	206	21591	5.78993097456195	NA
Mock_P04_1	10	399881	205	20147	5.03824887904151	NA
Mock_P04_1	11	375348	247	20962	5.58468407984057	NA
Mock_P04_1	12	383055	2	417	0.108861651721032	NA
Mock_P04_1	13	332760	1	354	0.106382978723404	NA
Mock_P04_1	14	312282	3	295	0.0944658994114294	NA
Mock_P04_1	15	344650	2	314	0.0911069200638329	NA
Mock_P04_1	16	336804	2	337	0.100058194083206	NA
Mock_P04_1	17	336630	2	352	0.104565843804771	NA
Mock_P04_1	18	245139	122	9043	3.68892750643512	NA
Mock_P04_1	19	208294	87	7420	3.56227255705877	NA
Mock_P04_1	20	267206	94	5582	2.0890249470446	NA
Mock_P04_1	21	309516	189	17362	5.60940306801587	NA
Mock_P04_1	22	284004	84	8108	2.85488936775538	NA
Mock_P04_1	23	326854	147	13899	4.2523573216176	NA
Mock_P04_2	1	327857	155	10273	3.13337827162452	NA
Mock_P04_2	2	327682	76	3613	1.1025933679604	NA
Mock_P04_2	3	322070	112	5049	1.56767162418108	NA
Mock_P04_2	4	286980	141	9186	3.20091992473343	NA
Mock_P04_2	5	237989	96	6136	2.57827042426331	NA
Mock_P04_2	6	258380	109	9186	3.55522873287406	NA
Mock_P04_2	7	168938	91	8280	4.9012063597296	NA
Mock_P04_2	8	267116	195	16592	6.21153356594139	NA
Mock_P04_2	9	321238	169	18986	5.91025968285197	NA
Mock_P04_2	10	341972	189	18236	5.33260032985157	NA
Mock_P04_2	11	346084	146	17371	5.01930167242635	NA
Mock_P04_2	12	303614	126	14735	4.85320176276456	NA
Mock_P04_2	13	293467	129	14060	4.79099864720735	NA
Mock_P04_2	14	362704	225	22974	6.33409060831973	NA
Mock_P04_2	15	356243	192	16791	4.71335577120112	NA
Mock_P04_2	16	308383	184	16398	5.3174137355172	NA
Mock_P04_2	17	260486	171	17694	6.79268751487604	NA
Mock_P04_2	18	287928	103	8290	2.87919202022728	NA
Mock_P04_2	19	231894	101	8556	3.68961680767937	NA
Mock_P04_2	20	280001	117	12889	4.60319784572198	NA
Mock_P04_2	21	305556	127	13803	4.51733888387071	NA
Mock_P05_1	1	278535	133	16981	6.09654082969824	NA
Mock_P05_1	2	265213	104	9159	3.45345062270703	NA
Mock_P05_1	3	294031	118	14838	5.0464066714054	NA
Mock_P05_1	4	260510	99	10734	4.12037925607462	NA
Mock_P05_1	5	268426	80	9969	3.7138727246988	NA
Mock_P05_1	6	261793	106	14290	5.45851111374254	NA
Mock_P05_1	7	319918	147	17736	5.54392062966135	NA
Mock_P05_1	8	373217	149	15311	4.10243906360107	NA
Mock_P05_1	9	340636	183	19489	5.72135652133069	NA
Mock_P05_1	10	330594	137	13985	4.23026431211698	NA
Mock_P05_1	11	359896	132	15839	4.40099362037922	NA
Mock_P05_1	12	348868	150	19541	5.60125892887854	NA
Mock_P05_2	1	301265	81	7442	2.4702504439613	NA
Mock_P05_2	2	333331	128	15206	4.56183193282353	NA
Mock_P05_2	3	276966	150	14887	5.37502798177394	NA
Mock_P05_2	4	299229	95	8868	2.96361649439058	NA
Mock_P05_2	5	301072	171	22669	7.52942817664877	NA
Mock_P05_2	6	285581	141	18639	6.52669470307899	NA
Mock_P05_2	7	280257	97	10858	3.87430108793001	NA
Mock_P05_2	8	206842	57	5424	2.62229141083532	NA
Mock_P05_2	9	279429	128	16941	6.06272076269822	NA
Mock_P05_2	10	293365	57	6123	2.08716104511445	NA
Mock_P05_2	11	313863	1	0	0	0
Mock_P05_2	12	269508	1	32	0.0118734879855143	NA
Mock_P05_2	13	300073	1	0	0	0
Mock_P05_2	14	290760	1	1425	0.49009492364837	NA
Mock_P05_2	15	325291	1	0	0	0
Mock_P05_2	16	336003	1	223	0.0663684550435562	NA
Mock_P05_2	17	349455	1	0	0	0
Mock_P05_2	18	326055	1	0	0	0
Mock_P05_2	19	305462	1	0	0	0
Mock_P06_1	1	258762	1	31	0.0119801207287005	NA
Mock_P06_1	2	299568	1	450	0.150216311488544	NA
Mock_P06_1	3	253378	1	0	0	0
Mock_P06_1	4	256845	1	0	0	0
Mock_P06_1	5	268159	1	127	0.0473599618137001	NA
Mock_P06_1	6	212474	1	20	0.00941291640388942	NA
Mock_P06_1	7	259524	102	9250	3.56421756754674	NA
Mock_P06_1	8	290637	152	15363	5.28597528876227	NA
Mock_P06_1	9	277171	138	16283	5.87471272247097	NA
Mock_P06_1	10	302353	143	16208	5.36062152517091	NA
Mock_P06_1	11	283934	142	13673	4.81555572773954	NA
Mock_P06_1	12	269070	118	13127	4.87865611179247	NA
Mock_P06_1	13	328283	165	20800	6.33599668578635	NA
Mock_P06_1	14	269535	107	10955	4.06440721984158	NA
Mock_P06_1	15	299771	104	12552	4.18719622645286	NA
Mock_P06_1	16	332343	152	19867	5.97786022272171	NA
Mock_P06_1	17	262584	110	11697	4.45457453614843	NA
Mock_P06_1	18	289322	146	13892	4.8015705684324	NA
Mock_P06_1	19	295582	147	13727	4.64405816321698	NA
Mock_P06_1	20	351005	167	16010	4.56118858705717	NA
Mock_P06_1	21	272800	159	16309	5.9783724340176	NA
Mock_P06_1	22	252711	156	13365	5.28864988069376	NA
Mock_P06_1	23	333878	123	16643	4.98475491047628	NA
Mock_P06_2	1	265048	175	20086	7.57824997736259	NA
Mock_P06_2	2	184771	135	17172	9.29366621385391	NA
Mock_P06_2	3	310142	180	24228	7.81190551424831	NA
Mock_P06_2	4	241887	118	16303	6.73992401410576	NA
Mock_P06_2	5	326092	176	19588	6.00689376004318	NA
Mock_P06_2	6	354183	219	19439	5.48840571117191	NA
Mock_P06_2	7	298339	195	18562	6.22178126225535	NA
Mock_P06_2	8	311400	164	15869	5.09601798330122	NA
Mock_P06_2	9	336191	162	18028	5.36242790556559	NA
Mock_P06_2	10	332179	176	20214	6.0852733014429	NA
Mock_P06_2	11	286522	155	12772	4.45759836940968	NA
Mock_P06_2	12	325891	159	20485	6.28584403987836	NA
Mock_P06_2	13	277192	167	16946	6.11345204767814	NA
Mock_P06_2	14	306539	113	14924	4.86854853705401	NA
Mock_P06_2	15	285786	99	11134	3.89592212354699	NA
Mock_P06_2	16	305024	152	22825	7.48301772975241	NA
Mock_P06_2	17	253981	108	12553	4.94249569849713	NA
Mock_P06_2	18	237703	177	20346	8.55942078980913	NA
Mock_P06_2	19	267684	131	14618	5.46091660315895	NA
Mock_P06_2	20	217953	104	11484	5.26902589090308	NA
Mock_P06_2	21	181000	103	11462	6.33259668508287	NA
Mock_P06_2	22	241334	129	13514	5.59970828809865	NA
Mock_P06_2	23	292988	137	16074	5.48623151801439	NA
Mock_P07_1	1	310379	87	7214	2.32425518479021	NA
Mock_P07_1	2	366832	178	15176	4.13704366031317	NA
Mock_P07_1	3	326425	150	15287	4.6831584590641	NA
Mock_P07_1	4	322181	123	14334	4.44905193043662	NA
Mock_P07_1	5	302252	97	9954	3.29327845638739	NA
Mock_P07_1	6	321367	168	20587	6.40607156304163	NA
Mock_P07_1	7	305152	58	3065	1.00441747063758	NA
Mock_P07_1	8	287475	54	3632	1.2634142099313	NA
Mock_P07_1	9	288120	82	5413	1.87873108427044	NA
Mock_P07_1	10	278381	63	5180	1.86075917537476	NA
Mock_P07_1	11	286770	62	4388	1.5301461101231	NA
Mock_P07_1	12	276211	84	5716	2.06943242665933	NA
Mock_P07_1	13	301984	119	9831	3.2554704885027	NA
Mock_P07_1	14	264747	119	13900	5.25029556519998	NA
Mock_P07_1	15	317345	119	12618	3.97611432352802	NA
Mock_P07_1	16	245757	68	8455	3.44039030424362	NA
Mock_P07_1	17	356616	167	19524	5.47479641967831	NA
Mock_P07_1	18	321213	136	15089	4.69750601625713	NA
Mock_P07_2	1	303243	154	15658	5.1635157283103	NA
Mock_P07_2	2	235857	110	11230	4.76135963740741	NA
Mock_P07_2	3	158382	85	7598	4.79726231516208	NA
Mock_P07_2	4	185546	82	8680	4.67808521875977	NA
Mock_P07_2	5	253525	120	13197	5.20540380633074	NA
Mock_P07_2	6	279225	84	7246	2.59503984242099	NA
Mock_P07_2	7	327432	94	8834	2.69796476825723	NA
Mock_P07_2	8	324721	105	10275	3.16425485262733	NA
Mock_P07_2	9	301797	112	11077	3.67034794911812	NA
Mock_P07_2	10	306732	107	10323	3.36547865889441	NA
Mock_P07_2	11	297797	116	15913	5.34357297084927	NA
Mock_P07_2	12	305886	105	9293	3.0380599308239	NA
Mock_P07_2	13	349214	156	12149	3.47895559742737	NA
Mock_P07_2	14	335935	95	8973	2.67105243573906	NA
Mock_P07_2	15	241074	53	4256	1.7654330205663	NA
Mock_P07_2	16	321387	87	8975	2.79258339634148	NA
Mock_P07_2	17	276290	79	7854	2.84266531542944	NA
Mock_P07_2	18	314684	58	6355	2.01948621474241	NA
Mock_P07_2	19	333449	98	12197	3.65783073273574	NA
Mock_P07_2	20	293386	65	7070	2.40979460505955	NA
Mock_P07_2	21	323001	129	17968	5.56283107482639	NA
Mock_P07_2	22	317632	112	11782	3.70932399758211	NA
Mock_P08_1	1	317378	192	20673	6.51368399826075	NA
Mock_P08_1	2	360214	95	9239	2.56486421960279	NA
Mock_P08_1	3	378569	36	3285	0.867741415699648	NA
Mock_P08_1	4	391442	156	13497	3.44802039638056	NA
Mock_P08_1	5	362356	99	6896	1.90310081798011	NA
Mock_P08_1	6	359301	139	17385	4.83856154032413	NA
Mock_P08_1	7	294298	4	123	0.0417943716912789	NA
Mock_P08_1	8	329227	3	47	0.0142758643732136	NA
Mock_P08_1	9	280799	6	294	0.104701227568474	NA
Mock_P08_1	10	305166	3	56	0.0183506681609354	NA
Mock_P08_1	11	254934	4	55	0.02157421136451	NA
Mock_P08_1	12	308285	2	29	0.009406879997405	NA
Mock_P08_1	13	295377	75	5491	1.85898021850043	NA
Mock_P08_1	14	325839	87	6127	1.88037650496104	NA
Mock_P08_1	15	353936	116	6120	1.729126169703	NA
Mock_P08_1	16	343330	61	4346	1.26583753240323	NA
Mock_P08_1	17	336530	95	6307	1.87412712091047	NA
Mock_P08_1	18	301230	71	5725	1.90054111476281	NA
Mock_P08_1	19	337305	155	12668	3.75565141340923	NA
Mock_P08_1	20	357575	155	13336	3.72956722365937	NA
Mock_P08_1	21	364891	109	11035	3.0241907857415	NA
Mock_P08_1	22	390849	137	12561	3.213773093957	NA
Mock_P08_1	23	365096	134	14535	3.98114468523347	NA
Mock_P08_1	24	368468	135	13758	3.73383848800981	NA
Mock_P08_2	1	225210	1	58	0.0257537409528884	NA
Mock_P08_2	2	315364	1	0	0	0
Mock_P08_2	3	287289	1	0	0	0
Mock_P08_2	4	289524	3	64	0.022105248614968	NA
Mock_P08_2	5	257251	2	26	0.0101068606147304	NA
Mock_P08_2	6	256826	1	0	0	0
Mock_P08_2	7	228979	86	8250	3.60295048890946	NA
Mock_P08_2	8	274538	63	5462	1.98952421886952	NA
Mock_P08_2	9	328109	54	5134	1.56472391796629	NA
Mock_P08_2	10	348731	133	16006	4.58978410293321	NA
Mock_P08_2	11	260641	128	13609	5.22135811326691	NA
Mock_P08_2	12	258155	129	16599	6.42985803102787	NA
Mock_P08_2	13	315987	102	13515	4.27707468978154	NA
Mock_P08_2	14	323433	114	15193	4.69741801238587	NA
Mock_P08_2	15	334193	106	11042	3.30407878082425	NA
Mock_P08_2	16	322047	164	19385	6.0193077407956	NA
Mock_P08_2	17	292735	85	9399	3.21075375339471	NA
Mock_P08_2	18	342332	139	12385	3.617832980849	NA
Mock_P08_2	19	306352	76	9093	2.96815428004387	NA
Mock_P08_2	20	308322	123	11994	3.89008893299862	NA
Mock_P08_2	21	313425	78	7903	2.5214963707426	NA
Mock_P09_1	1	309542	143	16578	5.35565448307499	NA
Mock_P09_1	2	305675	131	10297	3.36861045227775	NA
Mock_P09_1	3	210186	101	11738	5.58457746947941	NA
Mock_P09_1	4	239863	99	12924	5.38807569320821	NA
Mock_P09_1	5	259995	113	10928	4.20315775303371	NA
Mock_P09_1	6	248885	112	14056	5.64758824356631	NA
Mock_P09_1	7	329686	117	12102	3.67076551627913	NA
Mock_P09_1	8	244361	83	8473	3.46741092072794	NA
Mock_P09_1	9	339418	174	19703	5.80493668573853	NA
Mock_P09_1	10	292196	141	18074	6.18557406672234	NA
Mock_P09_1	11	292029	86	9024	3.09010406500724	NA
Mock_P09_1	12	265822	122	14901	5.60563083567199	NA
Mock_P09_1	13	318976	119	13487	4.22821779695024	NA
Mock_P09_1	14	319271	127	15530	4.86420626990864	NA
Mock_P09_1	15	308450	131	18103	5.86902253201491	NA
Mock_P09_1	16	300037	125	17965	5.98759486330019	NA
Mock_P09_1	17	296364	114	15302	5.16324519847215	NA
Mock_P09_1	18	320560	129	14661	4.57355877214874	NA
Mock_P09_1	19	185217	1	10	0.00539907243935492	NA
Mock_P09_1	20	328658	2	60	0.0182560594904125	NA
Mock_P09_1	21	274711	1	0	0	0
Mock_P09_1	22	311824	4	289	0.0926804864282416	NA
Mock_P09_1	23	323469	10	463	0.143135818270066	NA
Mock_P09_1	24	358449	1	15	0.00418469573077342	NA
Mock_P09_2	1	331430	186	17706	5.34230455903207	NA
Mock_P09_2	2	283960	141	12252	4.31469221017045	NA
Mock_P09_2	3	308215	182	18799	6.09931379069805	NA
Mock_P09_2	4	242403	76	8078	3.33246700742153	NA
Mock_P09_2	5	291517	131	16071	5.5128860409513	NA
Mock_P09_2	6	242750	89	10407	4.28712667353244	NA
Mock_P09_2	7	299993	163	21224	7.07483174607408	NA
Mock_P09_2	8	288702	127	17263	5.97952213701325	NA
Mock_P09_2	9	264213	108	13538	5.12389625037375	NA
Mock_P09_2	10	265780	97	10840	4.07856121604334	NA
Mock_P09_2	11	181307	51	7202	3.97226803157076	NA
Mock_P09_2	12	263524	79	9474	3.59511847118289	NA
Mock_P09_2	13	297145	165	20906	7.03562233926198	NA
Mock_P09_2	14	311787	178	25833	8.28546411492461	NA
Mock_P09_2	15	300459	138	15938	5.30455070408941	NA
Mock_P09_2	16	323400	184	22168	6.85466914038343	NA
Mock_P09_2	17	320571	161	14921	4.65450711386869	NA
Mock_P09_2	18	299190	147	16801	5.61549517029312	NA
Mock_P09_2	19	286520	125	10822	3.77704872260226	NA
Mock_P09_2	20	175933	53	6129	3.48371254966379	NA
Mock_P09_2	21	345175	144	19218	5.56761063228797	NA
Mock_P09_2	22	324848	152	15785	4.85919568536669	NA
Mock_P09_2	23	241477	105	9339	3.86744907382484	NA
Mock_P09_2	24	190672	56	7216	3.78450952420911	NA
Mock_P10_1	1	310977	141	11715	3.76715962916872	NA
Mock_P10_1	2	317833	175	18682	5.87792960454075	NA
Mock_P10_1	3	167570	69	5970	3.56269021901295	NA
Mock_P10_1	4	190354	64	5121	2.69025079588556	NA
Mock_P10_1	5	308348	181	17132	5.55606003606315	NA
Mock_P10_1	6	316968	166	16422	5.18096463996366	NA
Mock_P10_1	7	265698	150	12342	4.64512341078969	NA
Mock_P10_1	8	276391	160	13240	4.79031516945197	NA
Mock_P10_1	9	298925	166	18760	6.27582169440495	NA
Mock_P10_1	10	303631	191	24049	7.9204692537982	NA
Mock_P10_1	11	317997	123	17542	5.51640424280732	NA
Mock_P10_1	12	295956	149	18887	6.38169187311627	NA
Mock_P10_1	13	233823	116	13050	5.58114471202576	NA
Mock_P10_1	14	232532	98	10244	4.40541516866496	NA
Mock_P10_1	15	276976	171	14465	5.22247414938478	NA
Mock_P10_1	16	256893	118	13136	5.11341297738747	NA
Mock_P10_1	17	276388	149	13503	4.88552324992402	NA
Mock_P10_1	18	266353	162	17044	6.39902685533859	NA
Mock_P10_1	19	307130	105	12969	4.2226418780321	NA
Mock_P10_1	20	248994	98	15477	6.21581242921516	NA
Mock_P10_1	21	330294	139	18803	5.69280701435691	NA
Mock_P10_1	22	263214	90	14116	5.36293662191221	NA
Mock_P10_1	23	289759	136	18260	6.30178872787385	NA
Mock_P10_1	24	295575	88	12283	4.15562885900364	NA
Mock_P10_2	1	342431	131	12913	3.77097867891634	NA
Mock_P10_2	2	264426	123	10635	4.02191917587529	NA
Mock_P10_2	3	315998	150	10276	3.25191931594504	NA
Mock_P10_2	4	265544	138	15040	5.66384478655138	NA
Mock_P10_2	5	356150	164	16828	4.72497543170013	NA
Mock_P10_2	6	388905	208	19238	4.94670935061262	NA
Mock_P10_2	7	334307	130	19638	5.87424134104281	NA
Mock_P10_2	8	304560	137	19040	6.25164171263462	NA
Mock_P10_2	9	295519	159	20316	6.87468487643772	NA
Mock_P10_2	10	310166	128	12640	4.07523713108464	NA
Mock_P10_2	11	324011	173	20369	6.28651496399814	NA
Mock_P10_2	12	331937	158	19047	5.73813705612812	NA
Mock_P10_2	13	408199	183	23059	5.64896043351405	NA
Mock_P10_2	14	351266	154	16934	4.82084801831091	NA
Mock_P10_2	15	369145	172	16788	4.54780641753241	NA
Mock_P10_2	16	334551	191	19005	5.68074822672776	NA
Mock_P10_2	17	363584	202	19882	5.46833744059145	NA
Mock_P10_2	18	269010	143	15931	5.92208468086688	NA
Mock_P10_2	19	302683	176	18292	6.04328621032565	NA
Mock_P10_2	20	357926	131	12072	3.37276420265641	NA
Mock_P10_2	21	282660	82	10525	3.72355480082077	NA
Mock_P10_2	22	345903	110	16129	4.66286791383712	NA
Mock_P10_2	23	345107	155	19331	5.60145114413791	NA
Mock_P10_2	24	270714	111	13785	5.09208980695494	NA
Mock_P11_1	1	16302	2	14806	90.8232118758435	NA
Mock_P11_1	2	292513	92	8739	2.98755952726887	NA
Mock_P11_1	3	313503	132	17826	5.68606998976086	NA
Mock_P11_1	4	334837	111	12926	3.86038579965774	NA
Mock_P11_1	5	361683	103	12152	3.35984826491707	NA
Mock_P11_1	6	301817	100	10435	3.45739305605715	NA
Mock_P11_1	7	330615	143	19972	6.04086323971992	NA
Mock_P11_1	8	320409	92	13081	4.08259443398906	NA
Mock_P11_1	9	322871	131	17240	5.33959383159218	NA
Mock_P11_1	10	333077	134	19687	5.91064528622511	NA
Mock_P11_1	11	326990	118	15359	4.69708553778403	NA
Mock_P11_1	12	321955	106	16274	5.05474367535836	NA
Mock_P11_1	13	282308	117	15398	5.45432648029811	NA
Mock_P11_1	14	365718	150	20880	5.70931701474907	NA
Mock_P11_1	15	253664	82	8904	3.51015516588873	NA
Mock_P11_1	16	319663	107	13099	4.09775294607133	NA
Mock_P11_1	17	331279	118	15319	4.62419893805523	NA
Mock_P11_1	18	282745	96	10776	3.81120797892094	NA
Mock_P11_1	19	318857	143	18033	5.65551328652029	NA
Mock_P11_1	20	213760	66	7956	3.72193113772455	NA
Mock_P11_1	21	289516	143	18912	6.53228146285525	NA
Mock_P11_1	22	194509	66	9515	4.89180449233712	NA
Mock_P11_1	23	249349	107	14094	5.65231863773266	NA
Mock_P11_2	1	264328	57	5591	2.11517508549983	NA
Mock_P11_2	2	222838	45	4885	2.1921754817401	NA
Mock_P11_2	3	281541	74	8787	3.12103743326904	NA
Mock_P11_2	4	268145	84	12654	4.71908855283522	NA
Mock_P11_2	5	242279	85	13229	5.46023386261294	NA
Mock_P11_2	6	267068	104	14208	5.31999340991807	NA
Mock_P11_2	7	252134	99	17554	6.96217090911975	NA
Mock_P11_2	8	287783	120	19995	6.94794341569864	NA
Mock_P11_2	9	264096	93	15332	5.80546467951048	NA
Mock_P11_2	10	240724	81	13164	5.46850334823283	NA
Mock_P11_2	11	355045	157	19900	5.60492331957921	NA
Mock_P11_2	12	372482	178	27386	7.35230158772773	NA
Mock_P11_2	13	257341	76	8447	3.28241516120634	NA
Mock_P11_2	14	333735	139	17728	5.31199904115541	NA
Mock_P11_2	15	271398	122	14504	5.34418087089809	NA
retardataires_1	1	259304	39	2744	1.05821738191466	NA
retardataires_1	2	298231	46	4507	1.51124463922262	NA
retardataires_1	3	287872	33	2478	0.860799244108493	NA
retardataires_1	4	296719	32	2710	0.913322031956161	NA
retardataires_1	5	279761	49	4793	1.71324809390873	NA
retardataires_1	6	284245	55	4689	1.6496332389312	NA
retardataires_1	7	272306	90	11492	4.22025221625671	NA
retardataires_1	8	335916	96	9309	2.77122852141607	NA
retardataires_1	9	253649	54	5994	2.36310807454396	NA
retardataires_1	10	248895	70	7624	3.06313907471022	NA
retardataires_1	11	283367	65	5284	1.86471960390589	NA
retardataires_1	12	298203	83	8437	2.82928072487534	NA
retardataires_1	13	287876	45	3144	1.09213689227306	NA
retardataires_1	14	353918	97	9281	2.62235885148537	NA
retardataires_1	15	326584	67	6919	2.11859735933175	NA
retardataires_1	16	345346	88	8433	2.44189884927001	NA
retardataires_1	17	316313	29	2374	0.750522425572139	NA
retardataires_1	18	306095	83	6870	2.24440124797857	NA
retardataires_1	19	318566	74	5859	1.83917932233823	NA
retardataires_2	1	235343	45	3924	1.66735360728809	NA
retardataires_2	2	279822	94	8274	2.95687973068594	NA
retardataires_2	3	291332	86	7466	2.5627119574918	NA
retardataires_2	4	293408	96	11784	4.0162504089868	NA
retardataires_2	5	204356	75	8720	4.26706336001879	NA
retardataires_2	6	277376	114	12481	4.49966832025842	NA
retardataires_2	7	297208	74	7307	2.45854754919114	NA
retardataires_2	8	266935	88	10535	3.94665367973477	NA
retardataires_2	9	262361	107	13363	5.09336372402911	NA
retardataires_2	10	247093	81	10004	4.04867802811087	NA
retardataires_2	11	335409	87	8424	2.51156051268749	NA
retardataires_2	12	293654	54	2580	0.878585001396201	NA
retardataires_2	13	359530	93	5320	1.47970962089394	NA
retardataires_2	14	339425	143	11221	3.30588495249319	NA
retardataires_2	15	347742	83	4803	1.38119640423072	NA
retardataires_2	16	374031	127	7140	1.90893268205042	NA
retardataires_2	17	288589	86	6031	2.08982324343617	NA
retardataires_2	18	293712	41	3250	1.10652612082584	NA
retardataires_2	19	246591	23	2301	0.933124079954256	NA
retardataires_2	20	294515	49	3476	1.18024548834525	NA
retardataires_2	21	377650	29	1565	0.414404872236198	NA
retardataires_2	22	256935	23	1252	0.487282775799327	NA
retardataires_2	23	291851	18	756	0.259036289065311	NA
retardataires_2	24	1008	1	901	89.3849206349206	NA
