fichier	leaf	surfaceLeaf	surfaceLesion
Mock_P01_2	1	315332	102
Mock_P01_2	1	315332	32
Mock_P01_2	1	315332	104
Mock_P01_2	1	315332	31
Mock_P01_2	1	315332	72
Mock_P01_2	1	315332	75
Mock_P01_2	1	315332	14
Mock_P01_2	1	315332	108
Mock_P01_2	1	315332	33
Mock_P01_2	1	315332	57
Mock_P01_2	1	315332	46
Mock_P01_2	1	315332	64
Mock_P01_2	1	315332	122
Mock_P01_2	1	315332	62
Mock_P01_2	1	315332	111
Mock_P01_2	1	315332	161
Mock_P01_2	1	315332	106
Mock_P01_2	1	315332	39
Mock_P01_2	1	315332	108
Mock_P01_2	1	315332	110
Mock_P01_2	1	315332	189
Mock_P01_2	1	315332	78
Mock_P01_2	1	315332	70
Mock_P01_2	1	315332	15
Mock_P01_2	1	315332	133
Mock_P01_2	1	315332	130
Mock_P01_2	1	315332	139
Mock_P01_2	1	315332	71
Mock_P01_2	1	315332	60
Mock_P01_2	1	315332	92
Mock_P01_2	1	315332	53
Mock_P01_2	1	315332	82
Mock_P01_2	1	315332	48
Mock_P01_2	1	315332	219
Mock_P01_2	1	315332	177
Mock_P01_2	1	315332	94
Mock_P01_2	1	315332	100
Mock_P01_2	1	315332	134
Mock_P01_2	1	315332	131
Mock_P01_2	1	315332	69
Mock_P01_2	1	315332	84
Mock_P01_2	1	315332	14
Mock_P01_2	1	315332	97
Mock_P01_2	1	315332	63
Mock_P01_2	1	315332	12
Mock_P01_2	1	315332	34
Mock_P01_2	1	315332	90
Mock_P01_2	1	315332	32
Mock_P01_2	1	315332	89
Mock_P01_2	1	315332	93
Mock_P01_2	1	315332	70
Mock_P01_2	1	315332	118
Mock_P01_2	1	315332	52
Mock_P01_2	1	315332	63
Mock_P01_2	1	315332	34
Mock_P01_2	1	315332	28
Mock_P01_2	1	315332	13
Mock_P01_2	1	315332	89
Mock_P01_2	1	315332	60
Mock_P01_2	1	315332	62
Mock_P01_2	1	315332	13
Mock_P01_2	1	315332	69
Mock_P01_2	1	315332	60
Mock_P01_2	1	315332	36
Mock_P01_2	1	315332	89
Mock_P01_2	1	315332	145
Mock_P01_2	1	315332	97
Mock_P01_2	1	315332	65
Mock_P01_2	1	315332	25
Mock_P01_2	1	315332	45
Mock_P01_2	1	315332	23
Mock_P01_2	1	315332	89
Mock_P01_2	1	315332	81
Mock_P01_2	1	315332	43
Mock_P01_2	1	315332	40
Mock_P01_2	1	315332	36
Mock_P01_2	1	315332	88
Mock_P01_2	1	315332	19
Mock_P01_2	1	315332	57
Mock_P01_2	1	315332	47
Mock_P01_2	1	315332	112
Mock_P01_2	1	315332	55
Mock_P01_2	1	315332	83
Mock_P01_2	1	315332	90
Mock_P01_2	1	315332	43
Mock_P01_2	1	315332	77
Mock_P01_2	1	315332	63
Mock_P01_2	1	315332	81
Mock_P01_2	1	315332	22
Mock_P01_2	1	315332	14
Mock_P01_2	1	315332	14
Mock_P01_2	1	315332	101
Mock_P01_2	1	315332	49
Mock_P01_2	1	315332	87
Mock_P01_2	1	315332	73
Mock_P01_2	1	315332	61
Mock_P01_2	1	315332	41
Mock_P01_2	1	315332	57
Mock_P01_2	1	315332	69
Mock_P01_2	1	315332	112
Mock_P01_2	1	315332	18
Mock_P01_2	1	315332	55
Mock_P01_2	1	315332	108
Mock_P01_2	1	315332	68
Mock_P01_2	1	315332	79
Mock_P01_2	1	315332	48
Mock_P01_2	1	315332	21
Mock_P01_2	1	315332	60
Mock_P01_2	1	315332	109
Mock_P01_2	1	315332	42
Mock_P01_2	1	315332	71
Mock_P01_2	1	315332	82
Mock_P01_2	1	315332	55
Mock_P01_2	1	315332	16
Mock_P01_2	1	315332	51
Mock_P01_2	1	315332	29
Mock_P01_2	1	315332	85
Mock_P01_2	1	315332	79
Mock_P01_2	1	315332	122
Mock_P01_2	1	315332	64
Mock_P01_2	1	315332	51
Mock_P01_2	2	318937	30
Mock_P01_2	2	318937	75
Mock_P01_2	2	318937	94
Mock_P01_2	2	318937	26
Mock_P01_2	2	318937	41
Mock_P01_2	2	318937	16
Mock_P01_2	2	318937	121
Mock_P01_2	2	318937	22
Mock_P01_2	2	318937	48
Mock_P01_2	2	318937	39
Mock_P01_2	2	318937	48
Mock_P01_2	2	318937	53
Mock_P01_2	2	318937	42
Mock_P01_2	2	318937	15
Mock_P01_2	2	318937	41
Mock_P01_2	2	318937	23
Mock_P01_2	2	318937	35
Mock_P01_2	2	318937	74
Mock_P01_2	2	318937	39
Mock_P01_2	2	318937	70
Mock_P01_2	2	318937	29
Mock_P01_2	2	318937	23
Mock_P01_2	2	318937	19
Mock_P01_2	2	318937	67
Mock_P01_2	2	318937	28
Mock_P01_2	2	318937	87
Mock_P01_2	2	318937	53
Mock_P01_2	2	318937	85
Mock_P01_2	2	318937	64
Mock_P01_2	2	318937	56
Mock_P01_2	2	318937	38
Mock_P01_2	2	318937	45
Mock_P01_2	2	318937	22
Mock_P01_2	2	318937	130
Mock_P01_2	2	318937	15
Mock_P01_2	2	318937	141
Mock_P01_2	2	318937	64
Mock_P01_2	2	318937	84
Mock_P01_2	2	318937	70
Mock_P01_2	2	318937	21
Mock_P01_2	2	318937	26
Mock_P01_2	2	318937	54
Mock_P01_2	2	318937	73
Mock_P01_2	2	318937	34
Mock_P01_2	2	318937	50
Mock_P01_2	2	318937	90
Mock_P01_2	2	318937	70
Mock_P01_2	2	318937	55
Mock_P01_2	2	318937	255
Mock_P01_2	2	318937	95
Mock_P01_2	2	318937	103
Mock_P01_2	2	318937	24
Mock_P01_2	2	318937	69
Mock_P01_2	2	318937	58
Mock_P01_2	2	318937	39
Mock_P01_2	2	318937	77
Mock_P01_2	2	318937	70
Mock_P01_2	2	318937	60
Mock_P01_2	2	318937	278
Mock_P01_2	2	318937	75
Mock_P01_2	2	318937	13
Mock_P01_2	2	318937	68
Mock_P01_2	2	318937	58
Mock_P01_2	2	318937	62
Mock_P01_2	2	318937	55
Mock_P01_2	2	318937	218
Mock_P01_2	2	318937	82
Mock_P01_2	2	318937	83
Mock_P01_2	2	318937	12
Mock_P01_2	2	318937	175
Mock_P01_2	2	318937	111
Mock_P01_2	2	318937	55
Mock_P01_2	2	318937	32
Mock_P01_2	2	318937	32
Mock_P01_2	2	318937	84
Mock_P01_2	2	318937	59
Mock_P01_2	2	318937	46
Mock_P01_2	2	318937	84
Mock_P01_2	2	318937	85
Mock_P01_2	2	318937	78
Mock_P01_2	2	318937	60
Mock_P01_2	2	318937	15
Mock_P01_2	2	318937	74
Mock_P01_2	2	318937	73
Mock_P01_2	2	318937	76
Mock_P01_2	2	318937	88
Mock_P01_2	2	318937	58
Mock_P01_2	2	318937	63
Mock_P01_2	2	318937	30
Mock_P01_2	2	318937	86
Mock_P01_2	2	318937	98
Mock_P01_2	2	318937	145
Mock_P01_2	2	318937	58
Mock_P01_2	2	318937	76
Mock_P01_2	2	318937	124
Mock_P01_2	2	318937	43
Mock_P01_2	2	318937	35
Mock_P01_2	2	318937	74
Mock_P01_2	2	318937	35
Mock_P01_2	2	318937	59
Mock_P01_2	2	318937	76
Mock_P01_2	2	318937	46
Mock_P01_2	2	318937	52
Mock_P01_2	2	318937	67
Mock_P01_2	2	318937	93
Mock_P01_2	2	318937	78
Mock_P01_2	2	318937	81
Mock_P01_2	2	318937	98
Mock_P01_2	2	318937	94
Mock_P01_2	2	318937	150
Mock_P01_2	2	318937	21
Mock_P01_2	2	318937	68
Mock_P01_2	2	318937	134
Mock_P01_2	2	318937	57
Mock_P01_2	2	318937	58
Mock_P01_2	2	318937	61
Mock_P01_2	2	318937	74
Mock_P01_2	2	318937	160
Mock_P01_2	2	318937	62
Mock_P01_2	3	307169	40
Mock_P01_2	3	307169	38
Mock_P01_2	3	307169	58
Mock_P01_2	3	307169	85
Mock_P01_2	3	307169	27
Mock_P01_2	3	307169	34
Mock_P01_2	3	307169	72
Mock_P01_2	3	307169	48
Mock_P01_2	3	307169	58
Mock_P01_2	3	307169	84
Mock_P01_2	3	307169	59
Mock_P01_2	3	307169	28
Mock_P01_2	3	307169	59
Mock_P01_2	3	307169	62
Mock_P01_2	3	307169	63
Mock_P01_2	3	307169	102
Mock_P01_2	3	307169	22
Mock_P01_2	3	307169	62
Mock_P01_2	3	307169	80
Mock_P01_2	3	307169	52
Mock_P01_2	3	307169	54
Mock_P01_2	3	307169	38
Mock_P01_2	3	307169	94
Mock_P01_2	3	307169	36
Mock_P01_2	3	307169	45
Mock_P01_2	3	307169	34
Mock_P01_2	3	307169	172
Mock_P01_2	3	307169	24
Mock_P01_2	3	307169	33
Mock_P01_2	3	307169	53
Mock_P01_2	3	307169	108
Mock_P01_2	3	307169	121
Mock_P01_2	3	307169	72
Mock_P01_2	3	307169	104
Mock_P01_2	3	307169	78
Mock_P01_2	3	307169	60
Mock_P01_2	3	307169	35
Mock_P01_2	3	307169	48
Mock_P01_2	3	307169	47
Mock_P01_2	3	307169	18
Mock_P01_2	3	307169	131
Mock_P01_2	3	307169	28
Mock_P01_2	3	307169	32
Mock_P01_2	3	307169	65
Mock_P01_2	3	307169	80
Mock_P01_2	3	307169	38
Mock_P01_2	3	307169	120
Mock_P01_2	3	307169	40
Mock_P01_2	3	307169	75
Mock_P01_2	3	307169	19
Mock_P01_2	3	307169	146
Mock_P01_2	3	307169	39
Mock_P01_2	3	307169	68
Mock_P01_2	3	307169	79
Mock_P01_2	3	307169	47
Mock_P01_2	3	307169	41
Mock_P01_2	3	307169	101
Mock_P01_2	3	307169	47
Mock_P01_2	3	307169	72
Mock_P01_2	3	307169	30
Mock_P01_2	3	307169	41
Mock_P01_2	3	307169	30
Mock_P01_2	3	307169	41
Mock_P01_2	3	307169	72
Mock_P01_2	3	307169	64
Mock_P01_2	3	307169	83
Mock_P01_2	3	307169	81
Mock_P01_2	3	307169	86
Mock_P01_2	3	307169	138
Mock_P01_2	3	307169	110
Mock_P01_2	3	307169	15
Mock_P01_2	3	307169	53
Mock_P01_2	3	307169	66
Mock_P01_2	3	307169	49
Mock_P01_2	3	307169	13
Mock_P01_2	3	307169	128
Mock_P01_2	3	307169	117
Mock_P01_2	3	307169	54
Mock_P01_2	3	307169	78
Mock_P01_2	3	307169	83
Mock_P01_2	3	307169	72
Mock_P01_2	3	307169	84
Mock_P01_2	3	307169	44
Mock_P01_2	3	307169	77
Mock_P01_2	3	307169	77
Mock_P01_2	3	307169	58
Mock_P01_2	3	307169	69
Mock_P01_2	3	307169	22
Mock_P01_2	3	307169	126
Mock_P01_2	3	307169	43
Mock_P01_2	3	307169	187
Mock_P01_2	3	307169	149
Mock_P01_2	3	307169	130
Mock_P01_2	3	307169	58
Mock_P01_2	3	307169	61
Mock_P01_2	3	307169	90
Mock_P01_2	3	307169	275
Mock_P01_2	3	307169	83
Mock_P01_2	3	307169	89
Mock_P01_2	3	307169	68
Mock_P01_2	3	307169	65
Mock_P01_2	3	307169	85
Mock_P01_2	3	307169	78
Mock_P01_2	3	307169	59
Mock_P01_2	3	307169	60
Mock_P01_2	3	307169	24
Mock_P01_2	3	307169	35
Mock_P01_2	3	307169	86
Mock_P01_2	3	307169	52
Mock_P01_2	3	307169	55
Mock_P01_2	3	307169	171
Mock_P01_2	3	307169	32
Mock_P01_2	3	307169	98
Mock_P01_2	3	307169	46
Mock_P01_2	3	307169	70
Mock_P01_2	3	307169	56
Mock_P01_2	3	307169	37
Mock_P01_2	3	307169	35
Mock_P01_2	3	307169	37
Mock_P01_2	3	307169	170
Mock_P01_2	3	307169	50
Mock_P01_2	3	307169	94
Mock_P01_2	3	307169	94
Mock_P01_2	3	307169	94
Mock_P01_2	3	307169	114
Mock_P01_2	3	307169	82
Mock_P01_2	3	307169	82
Mock_P01_2	3	307169	65
Mock_P01_2	3	307169	59
Mock_P01_2	3	307169	134
Mock_P01_2	3	307169	145
Mock_P01_2	3	307169	73
Mock_P01_2	3	307169	88
Mock_P01_2	3	307169	116
Mock_P01_2	3	307169	67
Mock_P01_2	3	307169	85
Mock_P01_2	4	311578	35
Mock_P01_2	4	311578	70
Mock_P01_2	4	311578	125
Mock_P01_2	4	311578	23
Mock_P01_2	4	311578	208
Mock_P01_2	4	311578	124
Mock_P01_2	4	311578	96
Mock_P01_2	4	311578	48
Mock_P01_2	4	311578	39
Mock_P01_2	4	311578	73
Mock_P01_2	4	311578	89
Mock_P01_2	4	311578	74
Mock_P01_2	4	311578	74
Mock_P01_2	4	311578	141
Mock_P01_2	4	311578	78
Mock_P01_2	4	311578	32
Mock_P01_2	4	311578	69
Mock_P01_2	4	311578	114
Mock_P01_2	4	311578	66
Mock_P01_2	4	311578	77
Mock_P01_2	4	311578	95
Mock_P01_2	4	311578	56
Mock_P01_2	4	311578	86
Mock_P01_2	4	311578	155
Mock_P01_2	4	311578	102
Mock_P01_2	4	311578	53
Mock_P01_2	4	311578	107
Mock_P01_2	4	311578	61
Mock_P01_2	4	311578	83
Mock_P01_2	4	311578	128
Mock_P01_2	4	311578	71
Mock_P01_2	4	311578	87
Mock_P01_2	4	311578	63
Mock_P01_2	4	311578	69
Mock_P01_2	4	311578	30
Mock_P01_2	4	311578	95
Mock_P01_2	4	311578	74
Mock_P01_2	4	311578	83
Mock_P01_2	4	311578	66
Mock_P01_2	4	311578	90
Mock_P01_2	4	311578	35
Mock_P01_2	4	311578	75
Mock_P01_2	4	311578	50
Mock_P01_2	4	311578	63
Mock_P01_2	4	311578	18
Mock_P01_2	4	311578	67
Mock_P01_2	4	311578	72
Mock_P01_2	4	311578	94
Mock_P01_2	4	311578	68
Mock_P01_2	4	311578	74
Mock_P01_2	4	311578	132
Mock_P01_2	4	311578	142
Mock_P01_2	4	311578	33
Mock_P01_2	4	311578	79
Mock_P01_2	4	311578	51
Mock_P01_2	4	311578	56
Mock_P01_2	4	311578	77
Mock_P01_2	4	311578	167
Mock_P01_2	4	311578	46
Mock_P01_2	4	311578	89
Mock_P01_2	4	311578	118
Mock_P01_2	4	311578	53
Mock_P01_2	4	311578	61
Mock_P01_2	4	311578	35
Mock_P01_2	4	311578	83
Mock_P01_2	4	311578	133
Mock_P01_2	4	311578	93
Mock_P01_2	4	311578	83
Mock_P01_2	4	311578	69
Mock_P01_2	4	311578	94
Mock_P01_2	4	311578	157
Mock_P01_2	4	311578	93
Mock_P01_2	4	311578	85
Mock_P01_2	4	311578	152
Mock_P01_2	4	311578	87
Mock_P01_2	4	311578	98
Mock_P01_2	4	311578	101
Mock_P01_2	4	311578	67
Mock_P01_2	4	311578	107
Mock_P01_2	4	311578	85
Mock_P01_2	4	311578	82
Mock_P01_2	4	311578	20
Mock_P01_2	4	311578	84
Mock_P01_2	4	311578	91
Mock_P01_2	4	311578	97
Mock_P01_2	4	311578	63
Mock_P01_2	4	311578	83
Mock_P01_2	4	311578	68
Mock_P01_2	4	311578	78
Mock_P01_2	4	311578	88
Mock_P01_2	4	311578	74
Mock_P01_2	4	311578	69
Mock_P01_2	4	311578	100
Mock_P01_2	4	311578	72
Mock_P01_2	4	311578	77
Mock_P01_2	4	311578	79
Mock_P01_2	4	311578	135
Mock_P01_2	4	311578	184
Mock_P01_2	4	311578	55
Mock_P01_2	4	311578	78
Mock_P01_2	4	311578	106
Mock_P01_2	4	311578	46
Mock_P01_2	4	311578	84
Mock_P01_2	4	311578	155
Mock_P01_2	4	311578	42
Mock_P01_2	4	311578	77
Mock_P01_2	4	311578	74
Mock_P01_2	4	311578	85
Mock_P01_2	4	311578	101
Mock_P01_2	4	311578	95
Mock_P01_2	4	311578	54
Mock_P01_2	4	311578	70
Mock_P01_2	4	311578	13
Mock_P01_2	4	311578	57
Mock_P01_2	4	311578	56
Mock_P01_2	4	311578	77
Mock_P01_2	4	311578	54
Mock_P01_2	4	311578	29
Mock_P01_2	4	311578	77
Mock_P01_2	4	311578	83
Mock_P01_2	4	311578	97
Mock_P01_2	4	311578	44
Mock_P01_2	4	311578	98
Mock_P01_2	4	311578	83
Mock_P01_2	4	311578	69
Mock_P01_2	4	311578	198
Mock_P01_2	4	311578	32
Mock_P01_2	4	311578	242
Mock_P01_2	4	311578	56
Mock_P01_2	4	311578	73
Mock_P01_2	4	311578	76
Mock_P01_2	4	311578	55
Mock_P01_2	4	311578	114
Mock_P01_2	4	311578	18
Mock_P01_2	4	311578	64
Mock_P01_2	4	311578	65
Mock_P01_2	4	311578	32
Mock_P01_2	4	311578	76
Mock_P01_2	4	311578	95
Mock_P01_2	4	311578	38
Mock_P01_2	4	311578	24
Mock_P01_2	4	311578	51
Mock_P01_2	4	311578	55
Mock_P01_2	4	311578	44
Mock_P01_2	4	311578	11
Mock_P01_2	4	311578	47
Mock_P01_2	4	311578	46
Mock_P01_2	4	311578	75
Mock_P01_2	4	311578	68
Mock_P01_2	4	311578	73
Mock_P01_2	4	311578	28
Mock_P01_2	4	311578	64
Mock_P01_2	4	311578	72
Mock_P01_2	4	311578	29
Mock_P01_2	4	311578	60
Mock_P01_2	4	311578	36
Mock_P01_2	4	311578	57
Mock_P01_2	4	311578	23
Mock_P01_2	4	311578	53
Mock_P01_2	4	311578	53
Mock_P01_2	4	311578	25
Mock_P01_2	4	311578	61
Mock_P01_2	4	311578	71
Mock_P01_2	4	311578	46
Mock_P01_2	4	311578	59
Mock_P01_2	4	311578	214
Mock_P01_2	4	311578	83
Mock_P01_2	4	311578	77
Mock_P01_2	4	311578	71
Mock_P01_2	4	311578	92
Mock_P01_2	4	311578	42
Mock_P01_2	4	311578	89
Mock_P01_2	4	311578	62
Mock_P01_2	4	311578	48
Mock_P01_2	4	311578	32
Mock_P01_2	5	282203	127
Mock_P01_2	5	282203	27
Mock_P01_2	5	282203	62
Mock_P01_2	5	282203	68
Mock_P01_2	5	282203	114
Mock_P01_2	5	282203	67
Mock_P01_2	5	282203	83
Mock_P01_2	5	282203	144
Mock_P01_2	5	282203	138
Mock_P01_2	5	282203	54
Mock_P01_2	5	282203	86
Mock_P01_2	5	282203	101
Mock_P01_2	5	282203	65
Mock_P01_2	5	282203	134
Mock_P01_2	5	282203	87
Mock_P01_2	5	282203	47
Mock_P01_2	5	282203	87
Mock_P01_2	5	282203	115
Mock_P01_2	5	282203	44
Mock_P01_2	5	282203	57
Mock_P01_2	5	282203	51
Mock_P01_2	5	282203	78
Mock_P01_2	5	282203	90
Mock_P01_2	5	282203	80
Mock_P01_2	5	282203	90
Mock_P01_2	5	282203	83
Mock_P01_2	5	282203	102
Mock_P01_2	5	282203	127
Mock_P01_2	5	282203	72
Mock_P01_2	5	282203	87
Mock_P01_2	5	282203	19
Mock_P01_2	5	282203	112
Mock_P01_2	5	282203	139
Mock_P01_2	5	282203	76
Mock_P01_2	5	282203	103
Mock_P01_2	5	282203	72
Mock_P01_2	5	282203	181
Mock_P01_2	5	282203	123
Mock_P01_2	5	282203	97
Mock_P01_2	5	282203	56
Mock_P01_2	5	282203	104
Mock_P01_2	5	282203	122
Mock_P01_2	5	282203	207
Mock_P01_2	5	282203	67
Mock_P01_2	5	282203	122
Mock_P01_2	5	282203	71
Mock_P01_2	5	282203	13
Mock_P01_2	5	282203	174
Mock_P01_2	5	282203	89
Mock_P01_2	5	282203	96
Mock_P01_2	5	282203	106
Mock_P01_2	5	282203	76
Mock_P01_2	5	282203	66
Mock_P01_2	5	282203	79
Mock_P01_2	5	282203	52
Mock_P01_2	5	282203	105
Mock_P01_2	5	282203	65
Mock_P01_2	5	282203	196
Mock_P01_2	5	282203	115
Mock_P01_2	5	282203	121
Mock_P01_2	5	282203	88
Mock_P01_2	5	282203	72
Mock_P01_2	5	282203	92
Mock_P01_2	5	282203	150
Mock_P01_2	5	282203	77
Mock_P01_2	5	282203	220
Mock_P01_2	5	282203	227
Mock_P01_2	5	282203	89
Mock_P01_2	5	282203	164
Mock_P01_2	5	282203	125
Mock_P01_2	5	282203	99
Mock_P01_2	5	282203	221
Mock_P01_2	5	282203	155
Mock_P01_2	5	282203	84
Mock_P01_2	5	282203	91
Mock_P01_2	5	282203	84
Mock_P01_2	5	282203	91
Mock_P01_2	5	282203	131
Mock_P01_2	5	282203	137
Mock_P01_2	5	282203	77
Mock_P01_2	5	282203	127
Mock_P01_2	5	282203	95
Mock_P01_2	5	282203	106
Mock_P01_2	5	282203	49
Mock_P01_2	5	282203	78
Mock_P01_2	5	282203	155
Mock_P01_2	5	282203	194
Mock_P01_2	5	282203	214
Mock_P01_2	5	282203	24
Mock_P01_2	5	282203	129
Mock_P01_2	5	282203	124
Mock_P01_2	5	282203	87
Mock_P01_2	5	282203	95
Mock_P01_2	5	282203	159
Mock_P01_2	5	282203	88
Mock_P01_2	5	282203	308
Mock_P01_2	5	282203	82
Mock_P01_2	5	282203	94
Mock_P01_2	5	282203	74
Mock_P01_2	5	282203	55
Mock_P01_2	5	282203	74
Mock_P01_2	5	282203	80
Mock_P01_2	5	282203	151
Mock_P01_2	5	282203	350
Mock_P01_2	5	282203	92
Mock_P01_2	5	282203	68
Mock_P01_2	5	282203	214
Mock_P01_2	5	282203	176
Mock_P01_2	5	282203	68
Mock_P01_2	5	282203	97
Mock_P01_2	5	282203	103
Mock_P01_2	5	282203	120
Mock_P01_2	5	282203	90
Mock_P01_2	5	282203	38
Mock_P01_2	5	282203	36
Mock_P01_2	5	282203	168
Mock_P01_2	5	282203	93
Mock_P01_2	5	282203	122
Mock_P01_2	5	282203	87
Mock_P01_2	5	282203	227
Mock_P01_2	5	282203	92
Mock_P01_2	5	282203	172
Mock_P01_2	5	282203	31
Mock_P01_2	5	282203	63
Mock_P01_2	5	282203	71
Mock_P01_2	5	282203	191
Mock_P01_2	5	282203	65
Mock_P01_2	5	282203	98
Mock_P01_2	5	282203	102
Mock_P01_2	5	282203	151
Mock_P01_2	5	282203	98
Mock_P01_2	5	282203	70
Mock_P01_2	5	282203	123
Mock_P01_2	5	282203	148
Mock_P01_2	5	282203	173
Mock_P01_2	5	282203	114
Mock_P01_2	5	282203	140
Mock_P01_2	5	282203	133
Mock_P01_2	5	282203	82
Mock_P01_2	6	276044	34
Mock_P01_2	6	276044	14
Mock_P01_2	6	276044	58
Mock_P01_2	6	276044	30
Mock_P01_2	6	276044	46
Mock_P01_2	6	276044	75
Mock_P01_2	6	276044	31
Mock_P01_2	6	276044	134
Mock_P01_2	6	276044	57
Mock_P01_2	6	276044	54
Mock_P01_2	6	276044	117
Mock_P01_2	6	276044	97
Mock_P01_2	6	276044	112
Mock_P01_2	6	276044	42
Mock_P01_2	6	276044	109
Mock_P01_2	6	276044	123
Mock_P01_2	6	276044	85
Mock_P01_2	6	276044	76
Mock_P01_2	6	276044	45
Mock_P01_2	6	276044	98
Mock_P01_2	6	276044	49
Mock_P01_2	6	276044	93
Mock_P01_2	6	276044	71
Mock_P01_2	6	276044	74
Mock_P01_2	6	276044	95
Mock_P01_2	6	276044	21
Mock_P01_2	6	276044	41
Mock_P01_2	6	276044	82
Mock_P01_2	6	276044	64
Mock_P01_2	6	276044	43
Mock_P01_2	6	276044	78
Mock_P01_2	6	276044	26
Mock_P01_2	6	276044	69
Mock_P01_2	6	276044	37
Mock_P01_2	6	276044	25
Mock_P01_2	6	276044	97
Mock_P01_2	6	276044	50
Mock_P01_2	6	276044	27
Mock_P01_2	6	276044	100
Mock_P01_2	6	276044	40
Mock_P01_2	6	276044	136
Mock_P01_2	6	276044	97
Mock_P01_2	6	276044	19
Mock_P01_2	6	276044	57
Mock_P01_2	6	276044	69
Mock_P01_2	6	276044	39
Mock_P01_2	6	276044	74
Mock_P01_2	6	276044	67
Mock_P01_2	6	276044	57
Mock_P01_2	6	276044	64
Mock_P01_2	6	276044	53
Mock_P01_2	6	276044	48
Mock_P01_2	6	276044	97
Mock_P01_2	6	276044	20
Mock_P01_2	6	276044	87
Mock_P01_2	6	276044	69
Mock_P01_2	6	276044	51
Mock_P01_2	6	276044	79
Mock_P01_2	6	276044	80
Mock_P01_2	6	276044	47
Mock_P01_2	6	276044	88
Mock_P01_2	6	276044	48
Mock_P01_2	6	276044	69
Mock_P01_2	6	276044	24
Mock_P01_2	6	276044	44
Mock_P01_2	6	276044	117
Mock_P01_2	6	276044	38
Mock_P01_2	6	276044	67
Mock_P01_2	6	276044	58
Mock_P01_2	6	276044	27
Mock_P01_2	6	276044	31
Mock_P01_2	6	276044	52
Mock_P01_2	6	276044	86
Mock_P01_2	6	276044	81
Mock_P01_2	6	276044	70
Mock_P01_2	6	276044	86
Mock_P01_2	6	276044	80
Mock_P01_2	6	276044	81
Mock_P01_2	6	276044	78
Mock_P01_2	6	276044	63
Mock_P01_2	6	276044	124
Mock_P01_2	6	276044	51
Mock_P01_2	6	276044	95
Mock_P01_2	6	276044	63
Mock_P01_2	6	276044	27
Mock_P01_2	6	276044	67
Mock_P01_2	6	276044	60
Mock_P01_2	6	276044	40
Mock_P01_2	6	276044	94
Mock_P01_2	6	276044	17
Mock_P01_2	6	276044	84
Mock_P01_2	6	276044	82
Mock_P01_2	6	276044	118
Mock_P01_2	6	276044	66
Mock_P01_2	6	276044	70
Mock_P01_2	6	276044	118
Mock_P01_2	6	276044	123
Mock_P01_2	6	276044	92
Mock_P01_2	6	276044	62
Mock_P01_2	6	276044	45
Mock_P01_2	6	276044	75
Mock_P01_2	6	276044	126
Mock_P01_2	6	276044	107
Mock_P01_2	6	276044	37
Mock_P01_2	6	276044	79
Mock_P01_2	6	276044	12
Mock_P01_2	6	276044	235
Mock_P01_2	6	276044	100
Mock_P01_2	6	276044	24
Mock_P01_2	6	276044	109
Mock_P01_2	6	276044	135
Mock_P01_2	6	276044	112
Mock_P01_2	6	276044	128
Mock_P01_2	6	276044	87
Mock_P01_2	6	276044	59
Mock_P01_2	6	276044	127
Mock_P01_2	6	276044	163
Mock_P01_2	6	276044	49
Mock_P01_2	6	276044	90
Mock_P01_2	6	276044	138
Mock_P01_2	6	276044	33
Mock_P01_2	6	276044	74
Mock_P01_2	6	276044	96
Mock_P01_2	6	276044	109
Mock_P01_2	6	276044	101
Mock_P01_2	6	276044	67
Mock_P01_2	6	276044	27
Mock_P01_2	6	276044	84
Mock_P01_2	6	276044	147
Mock_P01_2	6	276044	82
Mock_P01_2	6	276044	91
Mock_P01_2	6	276044	135
Mock_P01_2	6	276044	124
Mock_P01_2	6	276044	49
Mock_P01_2	6	276044	46
Mock_P01_2	6	276044	65
Mock_P01_2	6	276044	105
Mock_P01_2	6	276044	49
Mock_P01_2	6	276044	73
Mock_P01_2	6	276044	129
Mock_P01_2	6	276044	116
Mock_P01_2	6	276044	33
Mock_P01_2	7	248571	49
Mock_P01_2	7	248571	81
Mock_P01_2	7	248571	18
Mock_P01_2	7	248571	12
Mock_P01_2	7	248571	34
Mock_P01_2	7	248571	103
Mock_P01_2	7	248571	50
Mock_P01_2	7	248571	86
Mock_P01_2	7	248571	81
Mock_P01_2	7	248571	77
Mock_P01_2	7	248571	172
Mock_P01_2	7	248571	69
Mock_P01_2	7	248571	26
Mock_P01_2	7	248571	43
Mock_P01_2	7	248571	62
Mock_P01_2	7	248571	87
Mock_P01_2	7	248571	105
Mock_P01_2	7	248571	59
Mock_P01_2	7	248571	135
Mock_P01_2	7	248571	106
Mock_P01_2	7	248571	47
Mock_P01_2	7	248571	78
Mock_P01_2	7	248571	142
Mock_P01_2	7	248571	84
Mock_P01_2	7	248571	79
Mock_P01_2	7	248571	98
Mock_P01_2	7	248571	78
Mock_P01_2	7	248571	91
Mock_P01_2	7	248571	34
Mock_P01_2	7	248571	83
Mock_P01_2	7	248571	119
Mock_P01_2	7	248571	81
Mock_P01_2	7	248571	53
Mock_P01_2	7	248571	169
Mock_P01_2	7	248571	73
Mock_P01_2	7	248571	74
Mock_P01_2	7	248571	138
Mock_P01_2	7	248571	74
Mock_P01_2	7	248571	63
Mock_P01_2	7	248571	131
Mock_P01_2	7	248571	71
Mock_P01_2	7	248571	164
Mock_P01_2	7	248571	149
Mock_P01_2	7	248571	55
Mock_P01_2	7	248571	227
Mock_P01_2	7	248571	120
Mock_P01_2	7	248571	127
Mock_P01_2	7	248571	121
Mock_P01_2	7	248571	127
Mock_P01_2	7	248571	116
Mock_P01_2	7	248571	96
Mock_P01_2	7	248571	99
Mock_P01_2	7	248571	107
Mock_P01_2	7	248571	83
Mock_P01_2	7	248571	135
Mock_P01_2	7	248571	59
Mock_P01_2	7	248571	68
Mock_P01_2	7	248571	241
Mock_P01_2	7	248571	79
Mock_P01_2	7	248571	106
Mock_P01_2	7	248571	93
Mock_P01_2	7	248571	25
Mock_P01_2	7	248571	97
Mock_P01_2	7	248571	96
Mock_P01_2	7	248571	79
Mock_P01_2	7	248571	137
Mock_P01_2	7	248571	111
Mock_P01_2	7	248571	64
Mock_P01_2	7	248571	79
Mock_P01_2	7	248571	95
Mock_P01_2	7	248571	99
Mock_P01_2	7	248571	101
Mock_P01_2	7	248571	115
Mock_P01_2	7	248571	299
Mock_P01_2	7	248571	92
Mock_P01_2	7	248571	104
Mock_P01_2	7	248571	94
Mock_P01_2	7	248571	135
Mock_P01_2	7	248571	126
Mock_P01_2	7	248571	84
Mock_P01_2	7	248571	93
Mock_P01_2	7	248571	61
Mock_P01_2	7	248571	76
Mock_P01_2	7	248571	101
Mock_P01_2	7	248571	88
Mock_P01_2	7	248571	102
Mock_P01_2	7	248571	93
Mock_P01_2	7	248571	103
Mock_P01_2	7	248571	112
Mock_P01_2	7	248571	19
Mock_P01_2	7	248571	90
Mock_P01_2	7	248571	98
Mock_P01_2	7	248571	106
Mock_P01_2	7	248571	55
Mock_P01_2	7	248571	124
Mock_P01_2	8	268430	100
Mock_P01_2	8	268430	195
Mock_P01_2	8	268430	114
Mock_P01_2	8	268430	129
Mock_P01_2	8	268430	98
Mock_P01_2	8	268430	115
Mock_P01_2	8	268430	98
Mock_P01_2	8	268430	126
Mock_P01_2	8	268430	46
Mock_P01_2	8	268430	77
Mock_P01_2	8	268430	73
Mock_P01_2	8	268430	74
Mock_P01_2	8	268430	117
Mock_P01_2	8	268430	45
Mock_P01_2	8	268430	54
Mock_P01_2	8	268430	109
Mock_P01_2	8	268430	137
Mock_P01_2	8	268430	100
Mock_P01_2	8	268430	172
Mock_P01_2	8	268430	201
Mock_P01_2	8	268430	158
Mock_P01_2	8	268430	63
Mock_P01_2	8	268430	128
Mock_P01_2	8	268430	117
Mock_P01_2	8	268430	122
Mock_P01_2	8	268430	65
Mock_P01_2	8	268430	118
Mock_P01_2	8	268430	95
Mock_P01_2	8	268430	41
Mock_P01_2	8	268430	116
Mock_P01_2	8	268430	127
Mock_P01_2	8	268430	111
Mock_P01_2	8	268430	100
Mock_P01_2	8	268430	89
Mock_P01_2	8	268430	76
Mock_P01_2	8	268430	107
Mock_P01_2	8	268430	280
Mock_P01_2	8	268430	102
Mock_P01_2	8	268430	133
Mock_P01_2	8	268430	125
Mock_P01_2	8	268430	111
Mock_P01_2	8	268430	100
Mock_P01_2	8	268430	174
Mock_P01_2	8	268430	113
Mock_P01_2	8	268430	70
Mock_P01_2	8	268430	105
Mock_P01_2	8	268430	86
Mock_P01_2	8	268430	106
Mock_P01_2	8	268430	111
Mock_P01_2	8	268430	143
Mock_P01_2	8	268430	67
Mock_P01_2	8	268430	106
Mock_P01_2	8	268430	91
Mock_P01_2	8	268430	134
Mock_P01_2	8	268430	104
Mock_P01_2	8	268430	101
Mock_P01_2	8	268430	150
Mock_P01_2	8	268430	65
Mock_P01_2	8	268430	85
Mock_P01_2	8	268430	94
Mock_P01_2	8	268430	127
Mock_P01_2	8	268430	76
Mock_P01_2	8	268430	63
Mock_P01_2	8	268430	97
Mock_P01_2	8	268430	119
Mock_P01_2	8	268430	108
Mock_P01_2	8	268430	71
Mock_P01_2	8	268430	109
Mock_P01_2	8	268430	79
Mock_P01_2	8	268430	79
Mock_P01_2	8	268430	100
Mock_P01_2	8	268430	115
Mock_P01_2	8	268430	89
Mock_P01_2	8	268430	135
Mock_P01_2	8	268430	92
Mock_P01_2	8	268430	84
Mock_P01_2	8	268430	132
Mock_P01_2	8	268430	89
Mock_P01_2	8	268430	74
Mock_P01_2	8	268430	127
Mock_P01_2	8	268430	87
Mock_P01_2	8	268430	98
Mock_P01_2	8	268430	137
Mock_P01_2	8	268430	109
Mock_P01_2	8	268430	88
Mock_P01_2	8	268430	119
Mock_P01_2	8	268430	26
Mock_P01_2	8	268430	137
Mock_P01_2	8	268430	107
Mock_P01_2	8	268430	375
Mock_P01_2	8	268430	130
Mock_P01_2	8	268430	73
Mock_P01_2	8	268430	148
Mock_P01_2	8	268430	98
Mock_P01_2	8	268430	111
Mock_P01_2	8	268430	89
Mock_P01_2	8	268430	92
Mock_P01_2	8	268430	166
Mock_P01_2	8	268430	176
Mock_P01_2	8	268430	77
Mock_P01_2	8	268430	72
Mock_P01_2	8	268430	94
Mock_P01_2	8	268430	92
Mock_P01_2	8	268430	101
Mock_P01_2	9	338518	53
Mock_P01_2	9	338518	92
Mock_P01_2	9	338518	40
Mock_P01_2	9	338518	72
Mock_P01_2	9	338518	180
Mock_P01_2	9	338518	29
Mock_P01_2	9	338518	104
Mock_P01_2	9	338518	44
Mock_P01_2	9	338518	180
Mock_P01_2	9	338518	84
Mock_P01_2	9	338518	53
Mock_P01_2	9	338518	84
Mock_P01_2	9	338518	91
Mock_P01_2	9	338518	74
Mock_P01_2	9	338518	64
Mock_P01_2	9	338518	97
Mock_P01_2	9	338518	132
Mock_P01_2	9	338518	98
Mock_P01_2	9	338518	179
Mock_P01_2	9	338518	107
Mock_P01_2	9	338518	86
Mock_P01_2	9	338518	83
Mock_P01_2	9	338518	69
Mock_P01_2	9	338518	83
Mock_P01_2	9	338518	102
Mock_P01_2	9	338518	55
Mock_P01_2	9	338518	163
Mock_P01_2	9	338518	130
Mock_P01_2	9	338518	89
Mock_P01_2	9	338518	88
Mock_P01_2	9	338518	72
Mock_P01_2	9	338518	55
Mock_P01_2	9	338518	79
Mock_P01_2	9	338518	85
Mock_P01_2	9	338518	91
Mock_P01_2	9	338518	75
Mock_P01_2	9	338518	118
Mock_P01_2	9	338518	90
Mock_P01_2	9	338518	60
Mock_P01_2	9	338518	134
Mock_P01_2	9	338518	172
Mock_P01_2	9	338518	61
Mock_P01_2	9	338518	83
Mock_P01_2	9	338518	77
Mock_P01_2	9	338518	168
Mock_P01_2	9	338518	59
Mock_P01_2	9	338518	120
Mock_P01_2	9	338518	83
Mock_P01_2	9	338518	74
Mock_P01_2	9	338518	72
Mock_P01_2	9	338518	106
Mock_P01_2	9	338518	111
Mock_P01_2	9	338518	103
Mock_P01_2	9	338518	247
Mock_P01_2	9	338518	232
Mock_P01_2	9	338518	49
Mock_P01_2	9	338518	120
Mock_P01_2	9	338518	96
Mock_P01_2	9	338518	95
Mock_P01_2	9	338518	121
Mock_P01_2	9	338518	236
Mock_P01_2	9	338518	92
Mock_P01_2	9	338518	112
Mock_P01_2	9	338518	61
Mock_P01_2	9	338518	130
Mock_P01_2	9	338518	125
Mock_P01_2	9	338518	129
Mock_P01_2	9	338518	95
Mock_P01_2	9	338518	169
Mock_P01_2	9	338518	65
Mock_P01_2	9	338518	112
Mock_P01_2	9	338518	37
Mock_P01_2	9	338518	86
Mock_P01_2	9	338518	54
Mock_P01_2	9	338518	77
Mock_P01_2	9	338518	117
Mock_P01_2	9	338518	81
Mock_P01_2	9	338518	98
Mock_P01_2	9	338518	101
Mock_P01_2	9	338518	66
Mock_P01_2	9	338518	266
Mock_P01_2	9	338518	190
Mock_P01_2	9	338518	28
Mock_P01_2	9	338518	94
Mock_P01_2	9	338518	103
Mock_P01_2	9	338518	101
Mock_P01_2	9	338518	74
Mock_P01_2	9	338518	72
Mock_P01_2	9	338518	120
Mock_P01_2	9	338518	16
Mock_P01_2	9	338518	89
Mock_P01_2	9	338518	169
Mock_P01_2	9	338518	85
Mock_P01_2	9	338518	56
Mock_P01_2	9	338518	11
Mock_P01_2	9	338518	111
Mock_P01_2	9	338518	69
Mock_P01_2	9	338518	59
Mock_P01_2	9	338518	101
Mock_P01_2	9	338518	50
Mock_P01_2	9	338518	82
Mock_P01_2	9	338518	107
Mock_P01_2	9	338518	152
Mock_P01_2	9	338518	98
Mock_P01_2	9	338518	143
Mock_P01_2	9	338518	44
Mock_P01_2	9	338518	64
Mock_P01_2	9	338518	119
Mock_P01_2	9	338518	85
Mock_P01_2	9	338518	136
Mock_P01_2	9	338518	28
Mock_P01_2	9	338518	39
Mock_P01_2	9	338518	75
Mock_P01_2	9	338518	212
Mock_P01_2	9	338518	149
Mock_P01_2	9	338518	64
Mock_P01_2	9	338518	227
Mock_P01_2	9	338518	37
Mock_P01_2	9	338518	141
Mock_P01_2	9	338518	63
Mock_P01_2	9	338518	100
Mock_P01_2	9	338518	134
Mock_P01_2	9	338518	31
Mock_P01_2	9	338518	80
Mock_P01_2	9	338518	55
Mock_P01_2	9	338518	67
Mock_P01_2	9	338518	161
Mock_P01_2	9	338518	79
Mock_P01_2	9	338518	103
Mock_P01_2	9	338518	84
Mock_P01_2	9	338518	83
Mock_P01_2	9	338518	129
Mock_P01_2	9	338518	43
Mock_P01_2	9	338518	72
Mock_P01_2	9	338518	94
Mock_P01_2	9	338518	82
Mock_P01_2	9	338518	111
Mock_P01_2	9	338518	123
Mock_P01_2	9	338518	75
Mock_P01_2	9	338518	83
Mock_P01_2	9	338518	105
Mock_P01_2	9	338518	135
Mock_P01_2	9	338518	75
Mock_P01_2	9	338518	139
Mock_P01_2	9	338518	110
Mock_P01_2	9	338518	105
Mock_P01_2	9	338518	52
Mock_P01_2	9	338518	79
Mock_P01_2	9	338518	101
Mock_P01_2	9	338518	39
Mock_P01_2	9	338518	94
Mock_P01_2	9	338518	53
Mock_P01_2	9	338518	146
Mock_P01_2	9	338518	103
Mock_P01_2	9	338518	74
Mock_P01_2	9	338518	20
Mock_P01_2	9	338518	55
Mock_P01_2	9	338518	61
Mock_P01_2	9	338518	46
Mock_P01_2	9	338518	140
Mock_P01_2	9	338518	149
Mock_P01_2	9	338518	77
Mock_P01_2	9	338518	50
Mock_P01_2	9	338518	59
Mock_P01_2	9	338518	87
Mock_P01_2	9	338518	94
Mock_P01_2	9	338518	48
Mock_P01_2	9	338518	29
Mock_P01_2	9	338518	131
Mock_P01_2	9	338518	119
Mock_P01_2	9	338518	64
Mock_P01_2	9	338518	102
Mock_P01_2	9	338518	154
Mock_P01_2	9	338518	91
Mock_P01_2	9	338518	87
Mock_P01_2	9	338518	113
Mock_P01_2	9	338518	97
Mock_P01_2	9	338518	80
Mock_P01_2	9	338518	92
Mock_P01_2	9	338518	115
Mock_P01_2	9	338518	232
Mock_P01_2	9	338518	55
Mock_P01_2	9	338518	93
Mock_P01_2	9	338518	161
Mock_P01_2	9	338518	97
Mock_P01_2	9	338518	46
Mock_P01_2	9	338518	70
Mock_P01_2	9	338518	89
Mock_P01_2	9	338518	191
Mock_P01_2	9	338518	61
Mock_P01_2	9	338518	122
Mock_P01_2	9	338518	89
Mock_P01_2	9	338518	153
Mock_P01_2	9	338518	67
Mock_P01_2	9	338518	145
Mock_P01_2	9	338518	63
Mock_P01_2	9	338518	111
Mock_P01_2	9	338518	154
Mock_P01_2	9	338518	68
Mock_P01_2	9	338518	89
Mock_P01_2	9	338518	65
Mock_P01_2	9	338518	31
Mock_P01_2	9	338518	98
Mock_P01_2	9	338518	95
Mock_P01_2	9	338518	83
Mock_P01_2	9	338518	152
Mock_P01_2	9	338518	47
Mock_P01_2	9	338518	178
Mock_P01_2	9	338518	65
Mock_P01_2	9	338518	241
Mock_P01_2	9	338518	109
Mock_P01_2	10	368869	118
Mock_P01_2	10	368869	134
Mock_P01_2	10	368869	128
Mock_P01_2	10	368869	106
Mock_P01_2	10	368869	110
Mock_P01_2	10	368869	91
Mock_P01_2	10	368869	70
Mock_P01_2	10	368869	196
Mock_P01_2	10	368869	107
Mock_P01_2	10	368869	17
Mock_P01_2	10	368869	154
Mock_P01_2	10	368869	44
Mock_P01_2	10	368869	48
Mock_P01_2	10	368869	63
Mock_P01_2	10	368869	76
Mock_P01_2	10	368869	29
Mock_P01_2	10	368869	80
Mock_P01_2	10	368869	111
Mock_P01_2	10	368869	65
Mock_P01_2	10	368869	114
Mock_P01_2	10	368869	145
Mock_P01_2	10	368869	78
Mock_P01_2	10	368869	101
Mock_P01_2	10	368869	62
Mock_P01_2	10	368869	152
Mock_P01_2	10	368869	139
Mock_P01_2	10	368869	188
Mock_P01_2	10	368869	125
Mock_P01_2	10	368869	117
Mock_P01_2	10	368869	149
Mock_P01_2	10	368869	81
Mock_P01_2	10	368869	120
Mock_P01_2	10	368869	162
Mock_P01_2	10	368869	123
Mock_P01_2	10	368869	105
Mock_P01_2	10	368869	104
Mock_P01_2	10	368869	93
Mock_P01_2	10	368869	80
Mock_P01_2	10	368869	154
Mock_P01_2	10	368869	109
Mock_P01_2	10	368869	101
Mock_P01_2	10	368869	152
Mock_P01_2	10	368869	107
Mock_P01_2	10	368869	61
Mock_P01_2	10	368869	94
Mock_P01_2	10	368869	112
Mock_P01_2	10	368869	122
Mock_P01_2	10	368869	120
Mock_P01_2	10	368869	61
Mock_P01_2	10	368869	136
Mock_P01_2	10	368869	173
Mock_P01_2	10	368869	114
Mock_P01_2	10	368869	83
Mock_P01_2	10	368869	85
Mock_P01_2	10	368869	99
Mock_P01_2	10	368869	90
Mock_P01_2	10	368869	115
Mock_P01_2	10	368869	102
Mock_P01_2	10	368869	56
Mock_P01_2	10	368869	166
Mock_P01_2	10	368869	63
Mock_P01_2	10	368869	97
Mock_P01_2	10	368869	137
Mock_P01_2	10	368869	54
Mock_P01_2	10	368869	99
Mock_P01_2	10	368869	86
Mock_P01_2	10	368869	53
Mock_P01_2	10	368869	114
Mock_P01_2	10	368869	99
Mock_P01_2	10	368869	132
Mock_P01_2	10	368869	114
Mock_P01_2	10	368869	120
Mock_P01_2	10	368869	156
Mock_P01_2	10	368869	101
Mock_P01_2	10	368869	90
Mock_P01_2	10	368869	96
Mock_P01_2	10	368869	86
Mock_P01_2	10	368869	142
Mock_P01_2	10	368869	110
Mock_P01_2	10	368869	171
Mock_P01_2	10	368869	50
Mock_P01_2	10	368869	96
Mock_P01_2	10	368869	112
Mock_P01_2	10	368869	133
Mock_P01_2	10	368869	163
Mock_P01_2	10	368869	85
Mock_P01_2	10	368869	123
Mock_P01_2	10	368869	76
Mock_P01_2	10	368869	107
Mock_P01_2	10	368869	247
Mock_P01_2	10	368869	98
Mock_P01_2	10	368869	70
Mock_P01_2	10	368869	341
Mock_P01_2	10	368869	62
Mock_P01_2	10	368869	43
Mock_P01_2	10	368869	91
Mock_P01_2	10	368869	58
Mock_P01_2	10	368869	72
Mock_P01_2	10	368869	112
Mock_P01_2	10	368869	59
Mock_P01_2	10	368869	79
Mock_P01_2	10	368869	100
Mock_P01_2	10	368869	101
Mock_P01_2	10	368869	42
Mock_P01_2	10	368869	182
Mock_P01_2	10	368869	120
Mock_P01_2	10	368869	119
Mock_P01_2	10	368869	97
Mock_P01_2	10	368869	84
Mock_P01_2	10	368869	76
Mock_P01_2	10	368869	10
Mock_P01_2	10	368869	68
Mock_P01_2	10	368869	92
Mock_P01_2	10	368869	74
Mock_P01_2	10	368869	61
Mock_P01_2	10	368869	100
Mock_P01_2	10	368869	112
Mock_P01_2	10	368869	72
Mock_P01_2	10	368869	56
Mock_P01_2	10	368869	121
Mock_P01_2	10	368869	94
Mock_P01_2	10	368869	112
Mock_P01_2	10	368869	110
Mock_P01_2	10	368869	86
Mock_P01_2	10	368869	184
Mock_P01_2	10	368869	195
Mock_P01_2	10	368869	104
Mock_P01_2	10	368869	132
Mock_P01_2	10	368869	27
Mock_P01_2	10	368869	38
Mock_P01_2	10	368869	99
Mock_P01_2	10	368869	38
Mock_P01_2	10	368869	88
Mock_P01_2	10	368869	213
Mock_P01_2	10	368869	121
Mock_P01_2	10	368869	72
Mock_P01_2	10	368869	256
Mock_P01_2	10	368869	161
Mock_P01_2	10	368869	99
Mock_P01_2	10	368869	362
Mock_P01_2	10	368869	283
Mock_P01_2	10	368869	126
Mock_P01_2	10	368869	95
Mock_P01_2	10	368869	118
Mock_P01_2	10	368869	127
Mock_P01_2	10	368869	76
Mock_P01_2	10	368869	96
Mock_P01_2	10	368869	238
Mock_P01_2	10	368869	90
Mock_P01_2	10	368869	11
Mock_P01_2	10	368869	301
Mock_P01_2	10	368869	123
Mock_P01_2	10	368869	53
Mock_P01_2	10	368869	253
Mock_P01_2	10	368869	172
Mock_P01_2	10	368869	315
Mock_P01_2	10	368869	146
Mock_P01_2	10	368869	61
Mock_P01_2	10	368869	65
Mock_P01_2	10	368869	146
Mock_P01_2	10	368869	217
Mock_P01_2	10	368869	114
Mock_P01_2	10	368869	168
Mock_P01_2	10	368869	171
Mock_P01_2	10	368869	102
Mock_P01_2	10	368869	131
Mock_P01_2	10	368869	541
Mock_P01_2	10	368869	229
Mock_P01_2	10	368869	82
Mock_P01_2	10	368869	105
Mock_P01_2	10	368869	73
Mock_P01_2	10	368869	74
Mock_P01_2	10	368869	22
Mock_P01_2	11	340655	10
Mock_P01_2	11	340655	69
Mock_P01_2	11	340655	148
Mock_P01_2	11	340655	26
Mock_P01_2	11	340655	43
Mock_P01_2	11	340655	18
Mock_P01_2	11	340655	10
Mock_P01_2	11	340655	56
Mock_P01_2	11	340655	119
Mock_P01_2	11	340655	129
Mock_P01_2	11	340655	208
Mock_P01_2	11	340655	59
Mock_P01_2	11	340655	69
Mock_P01_2	11	340655	63
Mock_P01_2	11	340655	61
Mock_P01_2	11	340655	58
Mock_P01_2	11	340655	104
Mock_P01_2	11	340655	82
Mock_P01_2	11	340655	30
Mock_P01_2	11	340655	69
Mock_P01_2	11	340655	140
Mock_P01_2	11	340655	73
Mock_P01_2	11	340655	39
Mock_P01_2	11	340655	90
Mock_P01_2	11	340655	95
Mock_P01_2	11	340655	80
Mock_P01_2	11	340655	104
Mock_P01_2	11	340655	14
Mock_P01_2	11	340655	132
Mock_P01_2	11	340655	129
Mock_P01_2	11	340655	56
Mock_P01_2	11	340655	80
Mock_P01_2	11	340655	80
Mock_P01_2	11	340655	66
Mock_P01_2	11	340655	59
Mock_P01_2	11	340655	80
Mock_P01_2	11	340655	56
Mock_P01_2	11	340655	63
Mock_P01_2	11	340655	99
Mock_P01_2	11	340655	86
Mock_P01_2	11	340655	146
Mock_P01_2	11	340655	75
Mock_P01_2	11	340655	182
Mock_P01_2	11	340655	74
Mock_P01_2	11	340655	71
Mock_P01_2	11	340655	86
Mock_P01_2	11	340655	87
Mock_P01_2	11	340655	105
Mock_P01_2	11	340655	78
Mock_P01_2	11	340655	71
Mock_P01_2	11	340655	124
Mock_P01_2	11	340655	143
Mock_P01_2	11	340655	91
Mock_P01_2	11	340655	153
Mock_P01_2	11	340655	29
Mock_P01_2	11	340655	115
Mock_P01_2	11	340655	78
Mock_P01_2	11	340655	42
Mock_P01_2	11	340655	54
Mock_P01_2	11	340655	97
Mock_P01_2	11	340655	74
Mock_P01_2	11	340655	41
Mock_P01_2	11	340655	270
Mock_P01_2	11	340655	112
Mock_P01_2	11	340655	196
Mock_P01_2	11	340655	95
Mock_P01_2	11	340655	189
Mock_P01_2	11	340655	177
Mock_P01_2	11	340655	123
Mock_P01_2	11	340655	101
Mock_P01_2	11	340655	70
Mock_P01_2	11	340655	46
Mock_P01_2	11	340655	107
Mock_P01_2	11	340655	71
Mock_P01_2	11	340655	92
Mock_P01_2	11	340655	25
Mock_P01_2	11	340655	89
Mock_P01_2	11	340655	237
Mock_P01_2	11	340655	74
Mock_P01_2	11	340655	65
Mock_P01_2	11	340655	315
Mock_P01_2	11	340655	81
Mock_P01_2	11	340655	86
Mock_P01_2	11	340655	90
Mock_P01_2	11	340655	113
Mock_P01_2	11	340655	192
Mock_P01_2	11	340655	93
Mock_P01_2	11	340655	128
Mock_P01_2	11	340655	74
Mock_P01_2	11	340655	88
Mock_P01_2	11	340655	106
Mock_P01_2	11	340655	124
Mock_P01_2	11	340655	217
Mock_P01_2	11	340655	91
Mock_P01_2	11	340655	195
Mock_P01_2	11	340655	136
Mock_P01_2	11	340655	80
Mock_P01_2	11	340655	93
Mock_P01_2	11	340655	134
Mock_P01_2	11	340655	76
Mock_P01_2	11	340655	62
Mock_P01_2	11	340655	126
Mock_P01_2	11	340655	73
Mock_P01_2	11	340655	262
Mock_P01_2	11	340655	57
Mock_P01_2	11	340655	54
Mock_P01_2	11	340655	89
Mock_P01_2	11	340655	81
Mock_P01_2	11	340655	78
Mock_P01_2	11	340655	77
Mock_P01_2	11	340655	35
Mock_P01_2	11	340655	90
Mock_P01_2	11	340655	63
Mock_P01_2	11	340655	31
Mock_P01_2	11	340655	43
Mock_P01_2	11	340655	47
Mock_P01_2	11	340655	137
Mock_P01_2	11	340655	218
Mock_P01_2	11	340655	97
Mock_P01_2	11	340655	72
Mock_P01_2	11	340655	95
Mock_P01_2	11	340655	47
Mock_P01_2	11	340655	114
Mock_P01_2	11	340655	62
Mock_P01_2	11	340655	126
Mock_P01_2	11	340655	79
Mock_P01_2	11	340655	128
Mock_P01_2	11	340655	248
Mock_P01_2	11	340655	112
Mock_P01_2	11	340655	94
Mock_P01_2	11	340655	78
Mock_P01_2	11	340655	99
Mock_P01_2	11	340655	74
Mock_P01_2	11	340655	28
Mock_P01_2	11	340655	143
Mock_P01_2	11	340655	55
Mock_P01_2	11	340655	42
Mock_P01_2	11	340655	90
Mock_P01_2	11	340655	60
Mock_P01_2	11	340655	80
Mock_P01_2	11	340655	66
Mock_P01_2	11	340655	116
Mock_P01_2	11	340655	305
Mock_P01_2	11	340655	31
Mock_P01_2	11	340655	153
Mock_P01_2	11	340655	80
Mock_P01_2	11	340655	49
Mock_P01_2	11	340655	92
Mock_P01_2	11	340655	174
Mock_P01_2	11	340655	92
Mock_P01_2	11	340655	50
Mock_P01_2	11	340655	92
Mock_P01_2	11	340655	117
Mock_P01_2	11	340655	78
Mock_P01_2	11	340655	69
Mock_P01_2	11	340655	126
Mock_P01_2	11	340655	127
Mock_P01_2	11	340655	14
Mock_P01_2	11	340655	87
Mock_P01_2	11	340655	132
Mock_P01_2	11	340655	117
Mock_P01_2	11	340655	28
Mock_P01_2	11	340655	32
Mock_P01_2	11	340655	101
Mock_P01_2	11	340655	111
Mock_P01_2	11	340655	45
Mock_P01_2	11	340655	100
Mock_P01_2	11	340655	66
Mock_P01_2	11	340655	73
Mock_P01_2	11	340655	76
Mock_P01_2	11	340655	99
Mock_P01_2	11	340655	90
Mock_P01_2	11	340655	98
Mock_P01_2	11	340655	95
Mock_P01_2	11	340655	26
Mock_P01_2	11	340655	76
Mock_P01_2	11	340655	72
Mock_P01_2	11	340655	63
Mock_P01_2	11	340655	101
Mock_P01_2	11	340655	114
Mock_P01_2	11	340655	80
Mock_P01_2	11	340655	203
Mock_P01_2	11	340655	96
Mock_P01_2	11	340655	103
Mock_P01_2	11	340655	109
Mock_P01_2	11	340655	107
Mock_P01_2	11	340655	100
Mock_P01_2	11	340655	195
Mock_P01_2	11	340655	109
Mock_P01_2	11	340655	104
Mock_P01_2	11	340655	59
Mock_P01_2	11	340655	144
Mock_P01_2	11	340655	95
Mock_P01_2	11	340655	175
Mock_P01_2	11	340655	107
Mock_P01_2	11	340655	54
Mock_P01_2	11	340655	72
Mock_P01_2	11	340655	53
Mock_P01_2	11	340655	67
Mock_P01_2	11	340655	124
Mock_P01_2	11	340655	109
Mock_P01_2	11	340655	127
Mock_P01_2	11	340655	72
Mock_P01_2	12	360534	93
Mock_P01_2	12	360534	117
Mock_P01_2	12	360534	335
Mock_P01_2	12	360534	139
Mock_P01_2	12	360534	105
Mock_P01_2	12	360534	147
Mock_P01_2	12	360534	282
Mock_P01_2	12	360534	116
Mock_P01_2	12	360534	73
Mock_P01_2	12	360534	92
Mock_P01_2	12	360534	110
Mock_P01_2	12	360534	92
Mock_P01_2	12	360534	85
Mock_P01_2	12	360534	156
Mock_P01_2	12	360534	81
Mock_P01_2	12	360534	135
Mock_P01_2	12	360534	85
Mock_P01_2	12	360534	118
Mock_P01_2	12	360534	47
Mock_P01_2	12	360534	69
Mock_P01_2	12	360534	102
Mock_P01_2	12	360534	103
Mock_P01_2	12	360534	138
Mock_P01_2	12	360534	96
Mock_P01_2	12	360534	104
Mock_P01_2	12	360534	173
Mock_P01_2	12	360534	790
Mock_P01_2	12	360534	97
Mock_P01_2	12	360534	145
Mock_P01_2	12	360534	205
Mock_P01_2	12	360534	92
Mock_P01_2	12	360534	85
Mock_P01_2	12	360534	91
Mock_P01_2	12	360534	68
Mock_P01_2	12	360534	114
Mock_P01_2	12	360534	137
Mock_P01_2	12	360534	100
Mock_P01_2	12	360534	122
Mock_P01_2	12	360534	161
Mock_P01_2	12	360534	103
Mock_P01_2	12	360534	51
Mock_P01_2	12	360534	216
Mock_P01_2	12	360534	82
Mock_P01_2	12	360534	110
Mock_P01_2	12	360534	111
Mock_P01_2	12	360534	119
Mock_P01_2	12	360534	116
Mock_P01_2	12	360534	84
Mock_P01_2	12	360534	114
Mock_P01_2	12	360534	132
Mock_P01_2	12	360534	124
Mock_P01_2	12	360534	158
Mock_P01_2	12	360534	121
Mock_P01_2	12	360534	97
Mock_P01_2	12	360534	252
Mock_P01_2	12	360534	65
Mock_P01_2	12	360534	178
Mock_P01_2	12	360534	51
Mock_P01_2	12	360534	273
Mock_P01_2	12	360534	166
Mock_P01_2	12	360534	124
Mock_P01_2	12	360534	99
Mock_P01_2	12	360534	185
Mock_P01_2	12	360534	86
Mock_P01_2	12	360534	146
Mock_P01_2	12	360534	74
Mock_P01_2	12	360534	65
Mock_P01_2	12	360534	245
Mock_P01_2	12	360534	107
Mock_P01_2	12	360534	57
Mock_P01_2	12	360534	117
Mock_P01_2	12	360534	144
Mock_P01_2	12	360534	96
Mock_P01_2	12	360534	46
Mock_P01_2	12	360534	298
Mock_P01_2	12	360534	137
Mock_P01_2	12	360534	78
Mock_P01_2	12	360534	137
Mock_P01_2	12	360534	82
Mock_P01_2	12	360534	126
Mock_P01_2	12	360534	338
Mock_P01_2	12	360534	89
Mock_P01_2	12	360534	59
Mock_P01_2	12	360534	57
Mock_P01_2	12	360534	115
Mock_P01_2	12	360534	100
Mock_P01_2	12	360534	92
Mock_P01_2	12	360534	69
Mock_P01_2	12	360534	89
Mock_P01_2	12	360534	86
Mock_P01_2	12	360534	46
Mock_P01_2	12	360534	148
Mock_P01_2	12	360534	127
Mock_P01_2	12	360534	67
Mock_P01_2	12	360534	40
Mock_P01_2	12	360534	110
Mock_P01_2	12	360534	138
Mock_P01_2	12	360534	85
Mock_P01_2	12	360534	59
Mock_P01_2	12	360534	73
Mock_P01_2	12	360534	251
Mock_P01_2	12	360534	70
Mock_P01_2	12	360534	57
Mock_P01_2	12	360534	73
Mock_P01_2	12	360534	82
Mock_P01_2	12	360534	69
Mock_P01_2	12	360534	56
Mock_P01_2	12	360534	15
Mock_P01_2	12	360534	44
Mock_P01_2	12	360534	65
Mock_P01_2	12	360534	48
Mock_P01_2	12	360534	109
Mock_P01_2	12	360534	206
Mock_P01_2	12	360534	14
Mock_P01_2	12	360534	111
Mock_P01_2	12	360534	89
Mock_P01_2	12	360534	33
Mock_P01_2	12	360534	89
Mock_P01_2	12	360534	130
Mock_P01_2	12	360534	91
Mock_P01_2	12	360534	83
Mock_P01_2	12	360534	66
Mock_P01_2	12	360534	97
Mock_P01_2	12	360534	113
Mock_P01_2	12	360534	74
Mock_P01_2	12	360534	12
Mock_P01_2	12	360534	44
Mock_P01_2	12	360534	380
Mock_P01_2	12	360534	166
Mock_P01_2	12	360534	125
Mock_P01_2	12	360534	23
Mock_P01_2	12	360534	70
Mock_P01_2	12	360534	117
Mock_P01_2	12	360534	184
Mock_P01_2	12	360534	88
Mock_P01_2	12	360534	26
Mock_P01_2	12	360534	163
Mock_P01_2	12	360534	38
Mock_P01_2	12	360534	75
Mock_P01_2	12	360534	41
Mock_P01_2	12	360534	100
Mock_P01_2	12	360534	55
Mock_P01_2	12	360534	68
Mock_P01_2	12	360534	150
Mock_P01_2	12	360534	178
Mock_P01_2	12	360534	112
Mock_P01_2	12	360534	71
Mock_P01_2	12	360534	97
Mock_P01_2	12	360534	22
Mock_P01_2	12	360534	55
Mock_P01_2	12	360534	107
Mock_P01_2	12	360534	54
Mock_P01_2	12	360534	75
Mock_P01_2	12	360534	51
Mock_P01_2	12	360534	80
Mock_P01_2	12	360534	52
Mock_P01_2	12	360534	11
Mock_P01_2	12	360534	28
Mock_P01_2	12	360534	57
Mock_P01_2	12	360534	82
Mock_P01_2	12	360534	66
Mock_P01_2	12	360534	99
Mock_P01_2	12	360534	94
Mock_P01_2	12	360534	285
Mock_P01_2	12	360534	25
Mock_P01_2	12	360534	109
Mock_P01_2	12	360534	172
Mock_P01_2	12	360534	102
Mock_P01_2	12	360534	75
Mock_P01_2	12	360534	42
Mock_P01_2	12	360534	146
Mock_P01_2	12	360534	214
Mock_P01_2	12	360534	59
Mock_P01_2	12	360534	101
Mock_P01_2	12	360534	38
Mock_P01_2	12	360534	20
Mock_P01_2	12	360534	78
Mock_P01_2	12	360534	48
Mock_P01_2	12	360534	123
Mock_P01_2	12	360534	129
Mock_P01_2	12	360534	68
Mock_P01_2	12	360534	46
Mock_P01_2	12	360534	153
Mock_P01_2	12	360534	100
Mock_P01_2	12	360534	111
Mock_P01_2	12	360534	164
Mock_P01_2	12	360534	81
Mock_P01_2	12	360534	75
Mock_P01_2	12	360534	113
Mock_P01_2	12	360534	93
Mock_P01_2	12	360534	87
Mock_P01_2	12	360534	60
Mock_P01_2	12	360534	57
Mock_P01_2	12	360534	158
Mock_P01_2	12	360534	72
Mock_P01_2	12	360534	10
Mock_P01_2	12	360534	68
Mock_P01_2	12	360534	349
Mock_P01_2	12	360534	71
Mock_P01_2	12	360534	116
Mock_P01_2	12	360534	119
Mock_P01_2	12	360534	95
Mock_P01_2	12	360534	31
Mock_P01_2	12	360534	35
Mock_P01_2	12	360534	77
Mock_P01_2	12	360534	103
Mock_P01_2	12	360534	86
Mock_P01_2	12	360534	81
Mock_P01_2	12	360534	65
Mock_P01_2	12	360534	318
Mock_P01_2	12	360534	41
Mock_P01_2	12	360534	31
Mock_P01_2	12	360534	55
Mock_P01_2	12	360534	99
Mock_P01_2	12	360534	123
Mock_P01_2	12	360534	70
Mock_P01_2	12	360534	32
Mock_P01_2	12	360534	143
Mock_P01_2	12	360534	54
Mock_P01_2	12	360534	51
Mock_P01_2	12	360534	73
Mock_P01_2	12	360534	81
Mock_P01_2	12	360534	41
Mock_P01_2	12	360534	54
Mock_P01_2	12	360534	29
Mock_P01_2	12	360534	537
Mock_P01_2	12	360534	38
Mock_P01_2	12	360534	34
Mock_P01_2	12	360534	68
Mock_P01_2	12	360534	195
Mock_P01_2	12	360534	36
Mock_P01_2	12	360534	78
Mock_P01_2	12	360534	41
Mock_P01_2	12	360534	73
Mock_P01_2	12	360534	87
Mock_P01_2	12	360534	145
Mock_P01_2	12	360534	177
Mock_P01_2	12	360534	118
Mock_P01_2	12	360534	72
Mock_P01_2	12	360534	105
Mock_P01_2	12	360534	114
Mock_P01_2	12	360534	58
Mock_P01_2	12	360534	154
Mock_P01_2	12	360534	23
Mock_P01_2	12	360534	91
Mock_P01_2	12	360534	129
Mock_P01_2	12	360534	42
Mock_P01_2	12	360534	56
Mock_P01_2	12	360534	69
Mock_P01_2	12	360534	29
Mock_P01_2	12	360534	40
Mock_P01_2	12	360534	84
Mock_P01_2	12	360534	65
Mock_P01_2	12	360534	72
Mock_P01_2	12	360534	43
Mock_P01_2	12	360534	113
Mock_P01_2	12	360534	87
Mock_P01_2	12	360534	35
Mock_P01_2	12	360534	87
Mock_P01_2	12	360534	148
Mock_P01_2	12	360534	137
Mock_P01_2	12	360534	62
Mock_P01_2	12	360534	144
Mock_P01_2	12	360534	49
Mock_P01_2	12	360534	54
Mock_P01_2	12	360534	57
Mock_P01_2	12	360534	75
Mock_P01_2	12	360534	185
Mock_P01_2	12	360534	140
Mock_P01_2	13	360243	137
Mock_P01_2	13	360243	155
Mock_P01_2	13	360243	124
Mock_P01_2	13	360243	83
Mock_P01_2	13	360243	82
Mock_P01_2	13	360243	168
Mock_P01_2	13	360243	73
Mock_P01_2	13	360243	106
Mock_P01_2	13	360243	88
Mock_P01_2	13	360243	134
Mock_P01_2	13	360243	94
Mock_P01_2	13	360243	172
Mock_P01_2	13	360243	204
Mock_P01_2	13	360243	171
Mock_P01_2	13	360243	92
Mock_P01_2	13	360243	177
Mock_P01_2	13	360243	108
Mock_P01_2	13	360243	114
Mock_P01_2	13	360243	90
Mock_P01_2	13	360243	68
Mock_P01_2	13	360243	158
Mock_P01_2	13	360243	105
Mock_P01_2	13	360243	114
Mock_P01_2	13	360243	158
Mock_P01_2	13	360243	75
Mock_P01_2	13	360243	314
Mock_P01_2	13	360243	70
Mock_P01_2	13	360243	64
Mock_P01_2	13	360243	192
Mock_P01_2	13	360243	174
Mock_P01_2	13	360243	115
Mock_P01_2	13	360243	139
Mock_P01_2	13	360243	77
Mock_P01_2	13	360243	79
Mock_P01_2	13	360243	123
Mock_P01_2	13	360243	124
Mock_P01_2	13	360243	325
Mock_P01_2	13	360243	129
Mock_P01_2	13	360243	91
Mock_P01_2	13	360243	102
Mock_P01_2	13	360243	131
Mock_P01_2	13	360243	187
Mock_P01_2	13	360243	172
Mock_P01_2	13	360243	237
Mock_P01_2	13	360243	363
Mock_P01_2	13	360243	49
Mock_P01_2	13	360243	109
Mock_P01_2	13	360243	119
Mock_P01_2	13	360243	115
Mock_P01_2	13	360243	471
Mock_P01_2	13	360243	115
Mock_P01_2	13	360243	100
Mock_P01_2	13	360243	209
Mock_P01_2	13	360243	79
Mock_P01_2	13	360243	178
Mock_P01_2	13	360243	77
Mock_P01_2	13	360243	88
Mock_P01_2	13	360243	135
Mock_P01_2	13	360243	52
Mock_P01_2	13	360243	74
Mock_P01_2	13	360243	133
Mock_P01_2	13	360243	82
Mock_P01_2	13	360243	161
Mock_P01_2	13	360243	109
Mock_P01_2	13	360243	137
Mock_P01_2	13	360243	135
Mock_P01_2	13	360243	176
Mock_P01_2	13	360243	165
Mock_P01_2	13	360243	97
Mock_P01_2	13	360243	120
Mock_P01_2	13	360243	70
Mock_P01_2	13	360243	116
Mock_P01_2	13	360243	211
Mock_P01_2	13	360243	195
Mock_P01_2	13	360243	19
Mock_P01_2	13	360243	49
Mock_P01_2	13	360243	69
Mock_P01_2	13	360243	27
Mock_P01_2	13	360243	95
Mock_P01_2	13	360243	114
Mock_P01_2	13	360243	197
Mock_P01_2	13	360243	157
Mock_P01_2	13	360243	156
Mock_P01_2	13	360243	110
Mock_P01_2	13	360243	134
Mock_P01_2	13	360243	107
Mock_P01_2	13	360243	116
Mock_P01_2	13	360243	53
Mock_P01_2	13	360243	16
Mock_P01_2	13	360243	73
Mock_P01_2	13	360243	60
Mock_P01_2	13	360243	97
Mock_P01_2	13	360243	30
Mock_P01_2	13	360243	31
Mock_P01_2	13	360243	211
Mock_P01_2	13	360243	73
Mock_P01_2	13	360243	83
Mock_P01_2	13	360243	226
Mock_P01_2	13	360243	62
Mock_P01_2	13	360243	127
Mock_P01_2	13	360243	54
Mock_P01_2	13	360243	69
Mock_P01_2	13	360243	161
Mock_P01_2	13	360243	124
Mock_P01_2	13	360243	59
Mock_P01_2	13	360243	185
Mock_P01_2	13	360243	73
Mock_P01_2	13	360243	108
Mock_P01_2	13	360243	128
Mock_P01_2	13	360243	120
Mock_P01_2	13	360243	88
Mock_P01_2	13	360243	59
Mock_P01_2	13	360243	112
Mock_P01_2	13	360243	217
Mock_P01_2	13	360243	97
Mock_P01_2	13	360243	174
Mock_P01_2	13	360243	38
Mock_P01_2	13	360243	54
Mock_P01_2	13	360243	31
Mock_P01_2	13	360243	87
Mock_P01_2	13	360243	83
Mock_P01_2	13	360243	86
Mock_P01_2	13	360243	36
Mock_P01_2	13	360243	89
Mock_P01_2	13	360243	101
Mock_P01_2	13	360243	17
Mock_P01_2	13	360243	119
Mock_P01_2	13	360243	44
Mock_P01_2	13	360243	62
Mock_P01_2	13	360243	234
Mock_P01_2	13	360243	88
Mock_P01_2	13	360243	65
Mock_P01_2	13	360243	87
Mock_P01_2	13	360243	51
Mock_P01_2	13	360243	19
Mock_P01_2	13	360243	157
Mock_P01_2	13	360243	55
Mock_P01_2	13	360243	48
Mock_P01_2	13	360243	64
Mock_P01_2	13	360243	67
Mock_P01_2	13	360243	160
Mock_P01_2	13	360243	100
Mock_P01_2	13	360243	192
Mock_P01_2	13	360243	86
Mock_P01_2	13	360243	53
Mock_P01_2	13	360243	77
Mock_P01_2	13	360243	82
Mock_P01_2	13	360243	86
Mock_P01_2	13	360243	64
Mock_P01_2	13	360243	54
Mock_P01_2	13	360243	41
Mock_P01_2	13	360243	60
Mock_P01_2	13	360243	100
Mock_P01_2	13	360243	79
Mock_P01_2	13	360243	229
Mock_P01_2	13	360243	82
Mock_P01_2	13	360243	33
Mock_P01_2	13	360243	16
Mock_P01_2	13	360243	34
Mock_P01_2	13	360243	92
Mock_P01_2	13	360243	127
Mock_P01_2	13	360243	66
Mock_P01_2	13	360243	61
Mock_P01_2	13	360243	126
Mock_P01_2	13	360243	70
Mock_P01_2	13	360243	69
Mock_P01_2	13	360243	22
Mock_P01_2	13	360243	44
Mock_P01_2	13	360243	86
Mock_P01_2	13	360243	152
Mock_P01_2	13	360243	48
Mock_P01_2	13	360243	69
Mock_P01_2	13	360243	29
Mock_P01_2	13	360243	57
Mock_P01_2	13	360243	77
Mock_P01_2	13	360243	115
Mock_P01_2	13	360243	83
Mock_P01_2	13	360243	109
Mock_P01_2	13	360243	55
Mock_P01_2	13	360243	105
Mock_P01_2	13	360243	12
Mock_P01_2	13	360243	53
Mock_P01_2	13	360243	135
Mock_P01_2	13	360243	92
Mock_P01_2	13	360243	151
Mock_P01_2	13	360243	24
Mock_P01_2	13	360243	45
Mock_P01_2	13	360243	67
Mock_P01_2	13	360243	123
Mock_P01_2	13	360243	125
Mock_P01_2	13	360243	67
Mock_P01_2	13	360243	57
Mock_P01_2	13	360243	74
Mock_P01_2	13	360243	96
Mock_P01_2	13	360243	25
Mock_P01_2	13	360243	140
Mock_P01_2	13	360243	71
Mock_P01_2	13	360243	61
Mock_P01_2	13	360243	48
Mock_P01_2	13	360243	67
Mock_P01_2	13	360243	101
Mock_P01_2	13	360243	87
Mock_P01_2	13	360243	74
Mock_P01_2	13	360243	63
Mock_P01_2	13	360243	33
Mock_P01_2	13	360243	103
Mock_P01_2	13	360243	76
Mock_P01_2	13	360243	97
Mock_P01_2	13	360243	65
Mock_P01_2	13	360243	79
Mock_P01_2	13	360243	56
Mock_P01_2	13	360243	119
Mock_P01_2	13	360243	69
Mock_P01_2	13	360243	70
Mock_P01_2	13	360243	26
Mock_P01_2	13	360243	121
Mock_P01_2	13	360243	91
Mock_P01_2	13	360243	106
Mock_P01_2	13	360243	49
Mock_P01_2	13	360243	105
Mock_P01_2	13	360243	108
Mock_P01_2	13	360243	95
Mock_P01_2	13	360243	79
Mock_P01_2	13	360243	43
Mock_P01_2	13	360243	35
Mock_P01_2	13	360243	80
Mock_P01_2	13	360243	124
Mock_P01_2	13	360243	30
Mock_P01_2	13	360243	56
Mock_P01_2	13	360243	80
Mock_P01_2	13	360243	63
Mock_P01_2	13	360243	24
Mock_P01_2	13	360243	56
Mock_P01_2	13	360243	51
Mock_P01_2	13	360243	59
Mock_P01_2	13	360243	58
Mock_P01_2	13	360243	143
Mock_P01_2	13	360243	154
Mock_P01_2	13	360243	124
Mock_P01_2	13	360243	76
Mock_P01_2	13	360243	31
Mock_P01_2	13	360243	93
Mock_P01_2	13	360243	79
Mock_P01_2	13	360243	30
Mock_P01_2	13	360243	54
Mock_P01_2	13	360243	76
Mock_P01_2	13	360243	13
Mock_P01_2	13	360243	26
Mock_P01_2	13	360243	90
Mock_P01_2	13	360243	82
Mock_P01_2	13	360243	21
Mock_P01_2	13	360243	54
Mock_P01_2	13	360243	146
Mock_P01_2	13	360243	107
Mock_P01_2	13	360243	66
Mock_P01_2	13	360243	73
Mock_P01_2	13	360243	22
Mock_P01_2	13	360243	77
Mock_P01_2	13	360243	68
Mock_P01_2	13	360243	140
Mock_P01_2	13	360243	87
Mock_P01_2	13	360243	78
Mock_P01_2	13	360243	22
Mock_P01_2	14	265447	37
Mock_P01_2	14	265447	163
Mock_P01_2	14	265447	92
Mock_P01_2	14	265447	224
Mock_P01_2	14	265447	124
Mock_P01_2	14	265447	139
Mock_P01_2	14	265447	130
Mock_P01_2	14	265447	63
Mock_P01_2	14	265447	217
Mock_P01_2	14	265447	92
Mock_P01_2	14	265447	89
Mock_P01_2	14	265447	118
Mock_P01_2	14	265447	133
Mock_P01_2	14	265447	134
Mock_P01_2	14	265447	109
Mock_P01_2	14	265447	74
Mock_P01_2	14	265447	132
Mock_P01_2	14	265447	152
Mock_P01_2	14	265447	228
Mock_P01_2	14	265447	101
Mock_P01_2	14	265447	111
Mock_P01_2	14	265447	128
Mock_P01_2	14	265447	101
Mock_P01_2	14	265447	197
Mock_P01_2	14	265447	131
Mock_P01_2	14	265447	125
Mock_P01_2	14	265447	73
Mock_P01_2	14	265447	254
Mock_P01_2	14	265447	116
Mock_P01_2	14	265447	266
Mock_P01_2	14	265447	100
Mock_P01_2	14	265447	76
Mock_P01_2	14	265447	105
Mock_P01_2	14	265447	19
Mock_P01_2	14	265447	155
Mock_P01_2	14	265447	173
Mock_P01_2	14	265447	87
Mock_P01_2	14	265447	123
Mock_P01_2	14	265447	81
Mock_P01_2	14	265447	158
Mock_P01_2	14	265447	116
Mock_P01_2	14	265447	40
Mock_P01_2	14	265447	104
Mock_P01_2	14	265447	52
Mock_P01_2	14	265447	148
Mock_P01_2	14	265447	73
Mock_P01_2	14	265447	181
Mock_P01_2	14	265447	150
Mock_P01_2	14	265447	338
Mock_P01_2	14	265447	79
Mock_P01_2	14	265447	91
Mock_P01_2	14	265447	186
Mock_P01_2	14	265447	113
Mock_P01_2	14	265447	57
Mock_P01_2	14	265447	143
Mock_P01_2	14	265447	121
Mock_P01_2	14	265447	124
Mock_P01_2	14	265447	89
Mock_P01_2	14	265447	175
Mock_P01_2	14	265447	160
Mock_P01_2	14	265447	98
Mock_P01_2	14	265447	100
Mock_P01_2	14	265447	175
Mock_P01_2	14	265447	226
Mock_P01_2	14	265447	91
Mock_P01_2	14	265447	82
Mock_P01_2	14	265447	94
Mock_P01_2	14	265447	75
Mock_P01_2	14	265447	107
Mock_P01_2	14	265447	70
Mock_P01_2	14	265447	134
Mock_P01_2	14	265447	111
Mock_P01_2	14	265447	83
Mock_P01_2	14	265447	113
Mock_P01_2	14	265447	75
Mock_P01_2	14	265447	58
Mock_P01_2	14	265447	94
Mock_P01_2	14	265447	174
Mock_P01_2	14	265447	116
Mock_P01_2	14	265447	143
Mock_P01_2	14	265447	99
Mock_P01_2	14	265447	150
Mock_P01_2	15	357917	138
Mock_P01_2	15	357917	147
Mock_P01_2	15	357917	164
Mock_P01_2	15	357917	267
Mock_P01_2	15	357917	146
Mock_P01_2	15	357917	104
Mock_P01_2	15	357917	83
Mock_P01_2	15	357917	97
Mock_P01_2	15	357917	125
Mock_P01_2	15	357917	86
Mock_P01_2	15	357917	176
Mock_P01_2	15	357917	77
Mock_P01_2	15	357917	142
Mock_P01_2	15	357917	149
Mock_P01_2	15	357917	120
Mock_P01_2	15	357917	118
Mock_P01_2	15	357917	111
Mock_P01_2	15	357917	90
Mock_P01_2	15	357917	93
Mock_P01_2	15	357917	119
Mock_P01_2	15	357917	90
Mock_P01_2	15	357917	96
Mock_P01_2	15	357917	156
Mock_P01_2	15	357917	156
Mock_P01_2	15	357917	92
Mock_P01_2	15	357917	188
Mock_P01_2	15	357917	102
Mock_P01_2	15	357917	87
Mock_P01_2	15	357917	137
Mock_P01_2	15	357917	102
Mock_P01_2	15	357917	78
Mock_P01_2	15	357917	97
Mock_P01_2	15	357917	82
Mock_P01_2	15	357917	82
Mock_P01_2	15	357917	105
Mock_P01_2	15	357917	136
Mock_P01_2	15	357917	77
Mock_P01_2	15	357917	84
Mock_P01_2	15	357917	47
Mock_P01_2	15	357917	102
Mock_P01_2	15	357917	77
Mock_P01_2	15	357917	54
Mock_P01_2	15	357917	78
Mock_P01_2	15	357917	106
Mock_P01_2	15	357917	160
Mock_P01_2	15	357917	49
Mock_P01_2	15	357917	117
Mock_P01_2	15	357917	103
Mock_P01_2	15	357917	82
Mock_P01_2	15	357917	82
Mock_P01_2	15	357917	74
Mock_P01_2	15	357917	69
Mock_P01_2	15	357917	69
Mock_P01_2	15	357917	53
Mock_P01_2	15	357917	115
Mock_P01_2	15	357917	232
Mock_P01_2	15	357917	72
Mock_P01_2	15	357917	61
Mock_P01_2	15	357917	74
Mock_P01_2	15	357917	108
Mock_P01_2	15	357917	118
Mock_P01_2	15	357917	68
Mock_P01_2	15	357917	99
Mock_P01_2	15	357917	127
Mock_P01_2	15	357917	89
Mock_P01_2	15	357917	112
Mock_P01_2	15	357917	105
Mock_P01_2	15	357917	117
Mock_P01_2	15	357917	96
Mock_P01_2	15	357917	205
Mock_P01_2	15	357917	82
Mock_P01_2	15	357917	161
Mock_P01_2	15	357917	130
Mock_P01_2	15	357917	174
Mock_P01_2	15	357917	139
Mock_P01_2	15	357917	121
Mock_P01_2	15	357917	79
Mock_P01_2	15	357917	108
Mock_P01_2	15	357917	148
Mock_P01_2	15	357917	56
Mock_P01_2	15	357917	73
Mock_P01_2	15	357917	47
Mock_P01_2	15	357917	84
Mock_P01_2	15	357917	218
Mock_P01_2	15	357917	74
Mock_P01_2	15	357917	94
Mock_P01_2	15	357917	69
Mock_P01_2	15	357917	11
Mock_P01_2	15	357917	55
Mock_P01_2	15	357917	198
Mock_P01_2	15	357917	103
Mock_P01_2	15	357917	63
Mock_P01_2	15	357917	94
Mock_P01_2	15	357917	105
Mock_P01_2	15	357917	76
Mock_P01_2	15	357917	197
Mock_P01_2	15	357917	87
Mock_P01_2	15	357917	30
Mock_P01_2	15	357917	115
Mock_P01_2	15	357917	97
Mock_P01_2	15	357917	291
Mock_P01_2	15	357917	127
Mock_P01_2	15	357917	116
Mock_P01_2	15	357917	94
Mock_P01_2	15	357917	56
Mock_P01_2	15	357917	87
Mock_P01_2	15	357917	79
Mock_P01_2	15	357917	109
Mock_P01_2	15	357917	74
Mock_P01_2	15	357917	106
Mock_P01_2	15	357917	78
Mock_P01_2	15	357917	62
Mock_P01_2	15	357917	113
Mock_P01_2	15	357917	95
Mock_P01_2	15	357917	137
Mock_P01_2	15	357917	81
Mock_P01_2	15	357917	41
Mock_P01_2	15	357917	74
Mock_P01_2	15	357917	87
Mock_P01_2	15	357917	74
Mock_P01_2	15	357917	121
Mock_P01_2	15	357917	31
Mock_P01_2	15	357917	33
Mock_P01_2	15	357917	166
Mock_P01_2	15	357917	121
Mock_P01_2	15	357917	83
Mock_P01_2	15	357917	156
Mock_P01_2	15	357917	90
Mock_P01_2	15	357917	134
Mock_P01_2	15	357917	48
Mock_P01_2	15	357917	92
Mock_P01_2	15	357917	94
Mock_P01_2	15	357917	50
Mock_P01_2	15	357917	81
Mock_P01_2	15	357917	90
Mock_P01_2	15	357917	24
Mock_P01_2	15	357917	98
Mock_P01_2	15	357917	93
Mock_P01_2	15	357917	44
Mock_P01_2	15	357917	94
Mock_P01_2	15	357917	106
Mock_P01_2	15	357917	86
Mock_P01_2	15	357917	49
Mock_P01_2	15	357917	127
Mock_P01_2	15	357917	87
Mock_P01_2	15	357917	71
Mock_P01_2	15	357917	168
Mock_P01_2	15	357917	280
Mock_P01_2	15	357917	69
Mock_P01_2	15	357917	180
Mock_P01_2	15	357917	109
Mock_P01_2	15	357917	90
Mock_P01_2	15	357917	89
Mock_P01_2	15	357917	134
Mock_P01_2	15	357917	23
Mock_P01_2	15	357917	88
Mock_P01_2	15	357917	216
Mock_P01_2	15	357917	86
Mock_P01_2	15	357917	235
Mock_P01_2	15	357917	75
Mock_P01_2	15	357917	121
Mock_P01_2	15	357917	181
Mock_P01_2	15	357917	87
Mock_P01_2	15	357917	74
Mock_P01_2	15	357917	107
Mock_P01_2	15	357917	124
Mock_P01_2	15	357917	134
Mock_P01_2	15	357917	103
Mock_P01_2	15	357917	77
Mock_P01_2	15	357917	189
Mock_P01_2	15	357917	85
Mock_P01_2	15	357917	101
Mock_P01_2	15	357917	12
Mock_P01_2	15	357917	98
Mock_P01_2	15	357917	100
Mock_P01_2	15	357917	66
Mock_P01_2	15	357917	45
Mock_P01_2	15	357917	74
Mock_P01_2	15	357917	254
Mock_P01_2	15	357917	211
Mock_P01_2	15	357917	88
Mock_P01_2	15	357917	104
Mock_P01_2	15	357917	104
Mock_P01_2	15	357917	87
Mock_P01_2	15	357917	133
Mock_P01_2	15	357917	106
Mock_P01_2	15	357917	143
Mock_P01_2	15	357917	74
Mock_P01_2	15	357917	158
Mock_P01_2	15	357917	61
Mock_P01_2	15	357917	124
Mock_P01_2	15	357917	63
Mock_P01_2	15	357917	44
Mock_P01_2	15	357917	157
Mock_P01_2	15	357917	78
Mock_P01_2	15	357917	142
Mock_P01_2	16	313321	101
Mock_P01_2	16	313321	43
Mock_P01_2	16	313321	80
Mock_P01_2	16	313321	66
Mock_P01_2	16	313321	102
Mock_P01_2	16	313321	92
Mock_P01_2	16	313321	143
Mock_P01_2	16	313321	77
Mock_P01_2	16	313321	79
Mock_P01_2	16	313321	47
Mock_P01_2	16	313321	56
Mock_P01_2	16	313321	83
Mock_P01_2	16	313321	114
Mock_P01_2	16	313321	67
Mock_P01_2	16	313321	94
Mock_P01_2	16	313321	82
Mock_P01_2	16	313321	158
Mock_P01_2	16	313321	65
Mock_P01_2	16	313321	85
Mock_P01_2	16	313321	125
Mock_P01_2	16	313321	63
Mock_P01_2	16	313321	68
Mock_P01_2	16	313321	77
Mock_P01_2	16	313321	51
Mock_P01_2	16	313321	183
Mock_P01_2	16	313321	78
Mock_P01_2	16	313321	70
Mock_P01_2	16	313321	58
Mock_P01_2	16	313321	114
Mock_P01_2	16	313321	64
Mock_P01_2	16	313321	101
Mock_P01_2	16	313321	109
Mock_P01_2	16	313321	98
Mock_P01_2	16	313321	120
Mock_P01_2	16	313321	35
Mock_P01_2	16	313321	48
Mock_P01_2	16	313321	234
Mock_P01_2	16	313321	101
Mock_P01_2	16	313321	36
Mock_P01_2	16	313321	148
Mock_P01_2	16	313321	98
Mock_P01_2	16	313321	88
Mock_P01_2	16	313321	88
Mock_P01_2	16	313321	288
Mock_P01_2	16	313321	332
Mock_P01_2	16	313321	129
Mock_P01_2	16	313321	105
Mock_P01_2	16	313321	92
Mock_P01_2	16	313321	87
Mock_P01_2	16	313321	56
Mock_P01_2	16	313321	215
Mock_P01_2	16	313321	111
Mock_P01_2	16	313321	69
Mock_P01_2	16	313321	75
Mock_P01_2	16	313321	163
Mock_P01_2	16	313321	80
Mock_P01_2	16	313321	67
Mock_P01_2	16	313321	314
Mock_P01_2	16	313321	112
Mock_P01_2	16	313321	102
Mock_P01_2	16	313321	97
Mock_P01_2	16	313321	133
Mock_P01_2	16	313321	124
Mock_P01_2	16	313321	132
Mock_P01_2	16	313321	92
Mock_P01_2	16	313321	133
Mock_P01_2	16	313321	121
Mock_P01_2	16	313321	67
Mock_P01_2	16	313321	53
Mock_P01_2	16	313321	136
Mock_P01_2	16	313321	145
Mock_P01_2	16	313321	176
Mock_P01_2	16	313321	72
Mock_P01_2	16	313321	17
Mock_P01_2	16	313321	104
Mock_P01_2	16	313321	73
Mock_P01_2	16	313321	90
Mock_P01_2	16	313321	124
Mock_P01_2	16	313321	107
Mock_P01_2	16	313321	130
Mock_P01_2	16	313321	116
Mock_P01_2	16	313321	28
Mock_P01_2	16	313321	181
Mock_P01_2	16	313321	184
Mock_P01_2	16	313321	86
Mock_P01_2	16	313321	33
Mock_P01_2	16	313321	73
Mock_P01_2	16	313321	90
Mock_P01_2	16	313321	101
Mock_P01_2	16	313321	104
Mock_P01_2	16	313321	110
Mock_P01_2	16	313321	129
Mock_P01_2	16	313321	94
Mock_P01_2	16	313321	112
Mock_P01_2	16	313321	160
Mock_P01_2	16	313321	127
Mock_P01_2	16	313321	104
Mock_P01_2	16	313321	11
Mock_P01_2	16	313321	28
Mock_P01_2	16	313321	37
Mock_P01_2	16	313321	46
Mock_P01_2	16	313321	71
Mock_P01_2	16	313321	46
Mock_P01_2	16	313321	85
Mock_P01_2	16	313321	27
Mock_P01_2	16	313321	104
Mock_P01_2	16	313321	72
Mock_P01_2	16	313321	72
Mock_P01_2	16	313321	140
Mock_P01_2	16	313321	59
Mock_P01_2	16	313321	84
Mock_P01_2	16	313321	59
Mock_P01_2	16	313321	139
Mock_P01_2	16	313321	17
Mock_P01_2	16	313321	19
Mock_P01_2	16	313321	34
Mock_P01_2	16	313321	31
Mock_P01_2	16	313321	64
Mock_P01_2	16	313321	158
Mock_P01_2	16	313321	56
Mock_P01_2	16	313321	188
Mock_P01_2	16	313321	67
Mock_P01_2	16	313321	61
Mock_P01_2	16	313321	116
Mock_P01_2	16	313321	74
Mock_P01_2	16	313321	49
Mock_P01_2	16	313321	60
Mock_P01_2	16	313321	144
Mock_P01_2	16	313321	70
Mock_P01_2	16	313321	68
Mock_P01_2	16	313321	65
Mock_P01_2	16	313321	94
Mock_P01_2	16	313321	100
Mock_P01_2	16	313321	52
Mock_P01_2	16	313321	68
Mock_P01_2	16	313321	45
Mock_P01_2	16	313321	77
Mock_P01_2	16	313321	65
Mock_P01_2	16	313321	32
Mock_P01_2	16	313321	71
Mock_P01_2	16	313321	61
Mock_P01_2	16	313321	139
Mock_P01_2	16	313321	62
Mock_P01_2	16	313321	52
Mock_P01_2	16	313321	18
Mock_P01_2	16	313321	100
Mock_P01_2	16	313321	49
Mock_P01_2	16	313321	43
Mock_P01_2	16	313321	74
Mock_P01_2	16	313321	66
Mock_P01_2	16	313321	38
Mock_P01_2	16	313321	101
Mock_P01_2	16	313321	147
Mock_P01_2	16	313321	52
Mock_P01_2	16	313321	39
Mock_P01_2	16	313321	45
Mock_P01_2	16	313321	35
Mock_P01_2	16	313321	71
Mock_P01_2	16	313321	90
Mock_P01_2	16	313321	114
Mock_P01_2	16	313321	102
Mock_P01_2	16	313321	63
Mock_P01_2	16	313321	133
Mock_P01_2	16	313321	46
Mock_P01_2	16	313321	44
Mock_P01_2	16	313321	74
Mock_P01_2	16	313321	60
Mock_P01_2	16	313321	101
Mock_P01_2	16	313321	39
Mock_P01_2	16	313321	292
Mock_P01_2	16	313321	121
Mock_P01_2	16	313321	91
Mock_P01_2	16	313321	132
Mock_P01_2	16	313321	12
Mock_P01_2	16	313321	94
Mock_P01_2	16	313321	106
Mock_P01_2	16	313321	26
Mock_P01_2	16	313321	72
Mock_P01_2	16	313321	65
Mock_P01_2	16	313321	122
Mock_P01_2	16	313321	98
Mock_P01_2	16	313321	130
Mock_P01_2	16	313321	225
Mock_P01_2	16	313321	91
Mock_P01_2	16	313321	55
Mock_P01_2	16	313321	69
Mock_P01_2	16	313321	94
Mock_P01_2	16	313321	165
Mock_P01_2	16	313321	46
Mock_P01_2	16	313321	136
Mock_P01_2	16	313321	25
Mock_P01_2	16	313321	75
Mock_P01_2	16	313321	79
Mock_P01_2	16	313321	53
Mock_P01_2	16	313321	73
Mock_P01_2	16	313321	230
Mock_P01_2	16	313321	28
Mock_P01_2	17	349769	66
Mock_P01_2	17	349769	54
Mock_P01_2	17	349769	78
Mock_P01_2	17	349769	100
Mock_P01_2	17	349769	40
Mock_P01_2	17	349769	67
Mock_P01_2	17	349769	173
Mock_P01_2	17	349769	66
Mock_P01_2	17	349769	105
Mock_P01_2	17	349769	96
Mock_P01_2	17	349769	42
Mock_P01_2	17	349769	136
Mock_P01_2	17	349769	49
Mock_P01_2	17	349769	73
Mock_P01_2	17	349769	80
Mock_P01_2	17	349769	39
Mock_P01_2	17	349769	65
Mock_P01_2	17	349769	184
Mock_P01_2	17	349769	116
Mock_P01_2	17	349769	43
Mock_P01_2	17	349769	66
Mock_P01_2	17	349769	73
Mock_P01_2	17	349769	87
Mock_P01_2	17	349769	52
Mock_P01_2	17	349769	74
Mock_P01_2	17	349769	33
Mock_P01_2	17	349769	41
Mock_P01_2	17	349769	126
Mock_P01_2	17	349769	26
Mock_P01_2	17	349769	85
Mock_P01_2	17	349769	110
Mock_P01_2	17	349769	114
Mock_P01_2	17	349769	92
Mock_P01_2	17	349769	59
Mock_P01_2	17	349769	129
Mock_P01_2	17	349769	103
Mock_P01_2	17	349769	85
Mock_P01_2	17	349769	156
Mock_P01_2	17	349769	81
Mock_P01_2	17	349769	51
Mock_P01_2	17	349769	84
Mock_P01_2	17	349769	144
Mock_P01_2	17	349769	114
Mock_P01_2	17	349769	95
Mock_P01_2	17	349769	69
Mock_P01_2	17	349769	87
Mock_P01_2	17	349769	123
Mock_P01_2	17	349769	123
Mock_P01_2	17	349769	172
Mock_P01_2	17	349769	82
Mock_P01_2	17	349769	67
Mock_P01_2	17	349769	200
Mock_P01_2	17	349769	126
Mock_P01_2	17	349769	102
Mock_P01_2	17	349769	75
Mock_P01_2	17	349769	97
Mock_P01_2	17	349769	50
Mock_P01_2	17	349769	165
Mock_P01_2	17	349769	55
Mock_P01_2	17	349769	123
Mock_P01_2	17	349769	86
Mock_P01_2	17	349769	122
Mock_P01_2	17	349769	216
Mock_P01_2	17	349769	119
Mock_P01_2	17	349769	116
Mock_P01_2	17	349769	157
Mock_P01_2	17	349769	103
Mock_P01_2	17	349769	127
Mock_P01_2	17	349769	63
Mock_P01_2	17	349769	83
Mock_P01_2	17	349769	284
Mock_P01_2	17	349769	154
Mock_P01_2	17	349769	83
Mock_P01_2	17	349769	142
Mock_P01_2	17	349769	79
Mock_P01_2	17	349769	120
Mock_P01_2	17	349769	128
Mock_P01_2	17	349769	89
Mock_P01_2	17	349769	135
Mock_P01_2	17	349769	130
Mock_P01_2	17	349769	146
Mock_P01_2	17	349769	116
Mock_P01_2	17	349769	96
Mock_P01_2	17	349769	126
Mock_P01_2	17	349769	62
Mock_P01_2	17	349769	45
Mock_P01_2	17	349769	72
Mock_P01_2	17	349769	73
Mock_P01_2	17	349769	122
Mock_P01_2	17	349769	77
Mock_P01_2	17	349769	53
Mock_P01_2	17	349769	142
Mock_P01_2	17	349769	140
Mock_P01_2	17	349769	88
Mock_P01_2	17	349769	102
Mock_P01_2	17	349769	133
Mock_P01_2	17	349769	169
Mock_P01_2	17	349769	81
Mock_P01_2	17	349769	88
Mock_P01_2	17	349769	136
Mock_P01_2	17	349769	108
Mock_P01_2	17	349769	82
Mock_P01_2	17	349769	97
Mock_P01_2	17	349769	67
Mock_P01_2	17	349769	86
Mock_P01_2	17	349769	58
Mock_P01_2	17	349769	97
Mock_P01_2	17	349769	137
Mock_P01_2	17	349769	93
Mock_P01_2	17	349769	110
Mock_P01_2	17	349769	72
Mock_P01_2	17	349769	101
Mock_P01_2	17	349769	89
Mock_P01_2	17	349769	112
Mock_P01_2	17	349769	105
Mock_P01_2	17	349769	34
Mock_P01_2	17	349769	40
Mock_P01_2	17	349769	76
Mock_P01_2	17	349769	114
Mock_P01_2	17	349769	266
Mock_P01_2	17	349769	82
Mock_P01_2	17	349769	114
Mock_P01_2	17	349769	16
Mock_P01_2	17	349769	13
Mock_P01_2	17	349769	119
Mock_P01_2	17	349769	90
Mock_P01_2	17	349769	129
Mock_P01_2	17	349769	110
Mock_P01_2	17	349769	78
Mock_P01_2	17	349769	58
Mock_P01_2	17	349769	89
Mock_P01_2	17	349769	144
Mock_P01_2	17	349769	154
Mock_P01_2	17	349769	124
Mock_P01_2	17	349769	111
Mock_P01_2	17	349769	87
Mock_P01_2	17	349769	210
Mock_P01_2	17	349769	129
Mock_P01_2	17	349769	97
Mock_P01_2	18	359186	60
Mock_P01_2	18	359186	88
Mock_P01_2	18	359186	121
Mock_P01_2	18	359186	63
Mock_P01_2	18	359186	103
Mock_P01_2	18	359186	104
Mock_P01_2	18	359186	73
Mock_P01_2	18	359186	69
Mock_P01_2	18	359186	155
Mock_P01_2	18	359186	86
Mock_P01_2	18	359186	211
Mock_P01_2	18	359186	45
Mock_P01_2	18	359186	70
Mock_P01_2	18	359186	153
Mock_P01_2	18	359186	72
Mock_P01_2	18	359186	105
Mock_P01_2	18	359186	139
Mock_P01_2	18	359186	29
Mock_P01_2	18	359186	86
Mock_P01_2	18	359186	118
Mock_P01_2	18	359186	106
Mock_P01_2	18	359186	129
Mock_P01_2	18	359186	102
Mock_P01_2	18	359186	93
Mock_P01_2	18	359186	114
Mock_P01_2	18	359186	104
Mock_P01_2	18	359186	110
Mock_P01_2	18	359186	82
Mock_P01_2	18	359186	173
Mock_P01_2	18	359186	64
Mock_P01_2	18	359186	113
Mock_P01_2	18	359186	91
Mock_P01_2	18	359186	70
Mock_P01_2	18	359186	95
Mock_P01_2	18	359186	213
Mock_P01_2	18	359186	98
Mock_P01_2	18	359186	68
Mock_P01_2	18	359186	109
Mock_P01_2	18	359186	61
Mock_P01_2	18	359186	140
Mock_P01_2	18	359186	73
Mock_P01_2	18	359186	137
Mock_P01_2	18	359186	75
Mock_P01_2	18	359186	131
Mock_P01_2	18	359186	409
Mock_P01_2	18	359186	103
Mock_P01_2	18	359186	77
Mock_P01_2	18	359186	90
Mock_P01_2	18	359186	164
Mock_P01_2	18	359186	88
Mock_P01_2	18	359186	235
Mock_P01_2	18	359186	92
Mock_P01_2	18	359186	136
Mock_P01_2	18	359186	81
Mock_P01_2	18	359186	63
Mock_P01_2	18	359186	112
Mock_P01_2	18	359186	82
Mock_P01_2	18	359186	47
Mock_P01_2	18	359186	100
Mock_P01_2	18	359186	89
Mock_P01_2	18	359186	107
Mock_P01_2	18	359186	103
Mock_P01_2	18	359186	93
Mock_P01_2	18	359186	109
Mock_P01_2	18	359186	164
Mock_P01_2	18	359186	82
Mock_P01_2	18	359186	80
Mock_P01_2	18	359186	19
Mock_P01_2	18	359186	75
Mock_P01_2	18	359186	103
Mock_P01_2	18	359186	86
Mock_P01_2	18	359186	119
Mock_P01_2	18	359186	57
Mock_P01_2	18	359186	120
Mock_P01_2	18	359186	45
Mock_P01_2	18	359186	97
Mock_P01_2	18	359186	87
Mock_P01_2	18	359186	117
Mock_P01_2	18	359186	55
Mock_P01_2	18	359186	264
Mock_P01_2	18	359186	116
Mock_P01_2	18	359186	83
Mock_P01_2	18	359186	121
Mock_P01_2	18	359186	135
Mock_P01_2	18	359186	115
Mock_P01_2	18	359186	104
Mock_P01_2	18	359186	164
Mock_P01_2	18	359186	114
Mock_P01_2	18	359186	88
Mock_P01_2	18	359186	124
Mock_P01_2	18	359186	134
Mock_P01_2	18	359186	97
Mock_P01_2	18	359186	83
Mock_P01_2	18	359186	135
Mock_P01_2	18	359186	121
Mock_P01_2	18	359186	90
Mock_P01_2	18	359186	254
Mock_P01_2	18	359186	214
Mock_P01_2	18	359186	109
Mock_P01_2	18	359186	172
Mock_P01_2	18	359186	258
Mock_P01_2	18	359186	59
Mock_P01_2	18	359186	128
Mock_P01_2	18	359186	35
Mock_P01_2	18	359186	163
Mock_P01_2	18	359186	123
Mock_P01_2	18	359186	36
Mock_P01_2	18	359186	67
Mock_P01_2	18	359186	97
Mock_P01_2	18	359186	41
Mock_P01_2	18	359186	68
Mock_P01_2	18	359186	111
Mock_P01_2	18	359186	70
Mock_P01_2	18	359186	276
Mock_P01_2	18	359186	126
Mock_P01_2	18	359186	162
Mock_P01_2	18	359186	115
Mock_P01_2	18	359186	70
Mock_P01_2	18	359186	243
Mock_P01_2	18	359186	162
Mock_P01_2	18	359186	10
Mock_P01_2	18	359186	71
Mock_P01_2	18	359186	129
Mock_P01_2	18	359186	155
Mock_P01_2	18	359186	103
Mock_P01_2	18	359186	153
Mock_P01_2	18	359186	125
Mock_P01_2	18	359186	74
Mock_P01_2	18	359186	62
Mock_P01_2	18	359186	143
Mock_P01_2	18	359186	104
Mock_P01_2	18	359186	135
Mock_P01_2	18	359186	76
Mock_P01_2	18	359186	57
Mock_P01_2	18	359186	108
Mock_P01_2	18	359186	60
Mock_P01_2	18	359186	162
Mock_P01_2	18	359186	144
Mock_P01_2	18	359186	49
Mock_P01_2	18	359186	30
Mock_P01_2	18	359186	94
Mock_P01_2	18	359186	182
Mock_P01_2	18	359186	18
Mock_P01_2	18	359186	113
Mock_P01_2	18	359186	196
Mock_P01_2	18	359186	114
Mock_P01_2	18	359186	63
Mock_P01_2	18	359186	163
Mock_P01_2	18	359186	94
Mock_P01_2	18	359186	69
Mock_P01_2	18	359186	46
Mock_P01_2	18	359186	78
Mock_P01_2	18	359186	17
Mock_P01_2	18	359186	62
Mock_P01_2	18	359186	325
Mock_P01_2	18	359186	162
Mock_P01_2	18	359186	152
Mock_P01_2	18	359186	16
Mock_P01_2	18	359186	97
Mock_P01_2	18	359186	38
Mock_P01_2	18	359186	75
Mock_P01_2	18	359186	129
Mock_P01_2	18	359186	42
Mock_P01_2	18	359186	50
Mock_P01_2	18	359186	101
Mock_P01_2	18	359186	10
Mock_P01_2	18	359186	20
Mock_P01_2	18	359186	60
Mock_P01_2	18	359186	362
Mock_P01_2	18	359186	69
Mock_P01_2	18	359186	212
Mock_P01_2	18	359186	177
Mock_P01_2	18	359186	58
Mock_P01_2	18	359186	154
Mock_P01_2	18	359186	154
Mock_P01_2	18	359186	40
Mock_P01_2	18	359186	62
Mock_P01_2	18	359186	42
Mock_P01_2	18	359186	67
Mock_P01_2	18	359186	236
Mock_P01_2	18	359186	198
Mock_P01_2	18	359186	53
Mock_P01_2	19	313989	160
Mock_P01_2	19	313989	124
Mock_P01_2	19	313989	75
Mock_P01_2	19	313989	36
Mock_P01_2	19	313989	115
Mock_P01_2	19	313989	95
Mock_P01_2	19	313989	110
Mock_P01_2	19	313989	296
Mock_P01_2	19	313989	131
Mock_P01_2	19	313989	91
Mock_P01_2	19	313989	105
Mock_P01_2	19	313989	71
Mock_P01_2	19	313989	46
Mock_P01_2	19	313989	108
Mock_P01_2	19	313989	135
Mock_P01_2	19	313989	20
Mock_P01_2	19	313989	23
Mock_P01_2	19	313989	92
Mock_P01_2	19	313989	71
Mock_P01_2	19	313989	85
Mock_P01_2	19	313989	83
Mock_P01_2	19	313989	104
Mock_P01_2	19	313989	185
Mock_P01_2	19	313989	72
Mock_P01_2	19	313989	22
Mock_P01_2	19	313989	85
Mock_P01_2	19	313989	66
Mock_P01_2	19	313989	123
Mock_P01_2	19	313989	128
Mock_P01_2	19	313989	124
Mock_P01_2	19	313989	71
Mock_P01_2	19	313989	94
Mock_P01_2	19	313989	76
Mock_P01_2	19	313989	110
Mock_P01_2	19	313989	81
Mock_P01_2	19	313989	177
Mock_P01_2	19	313989	96
Mock_P01_2	19	313989	95
Mock_P01_2	19	313989	30
Mock_P01_2	19	313989	89
Mock_P01_2	19	313989	100
Mock_P01_2	19	313989	83
Mock_P01_2	19	313989	60
Mock_P01_2	19	313989	53
Mock_P01_2	19	313989	55
Mock_P01_2	19	313989	72
Mock_P01_2	19	313989	77
Mock_P01_2	19	313989	101
Mock_P01_2	19	313989	49
Mock_P01_2	19	313989	61
Mock_P01_2	19	313989	77
Mock_P01_2	19	313989	90
Mock_P01_2	19	313989	17
Mock_P01_2	19	313989	68
Mock_P01_2	19	313989	92
Mock_P01_2	19	313989	25
Mock_P01_2	19	313989	52
Mock_P01_2	19	313989	79
Mock_P01_2	19	313989	96
Mock_P01_2	19	313989	91
Mock_P01_2	19	313989	60
Mock_P01_2	19	313989	32
Mock_P01_2	19	313989	71
Mock_P01_2	19	313989	98
Mock_P01_2	19	313989	65
Mock_P01_2	19	313989	137
Mock_P01_2	19	313989	66
Mock_P01_2	19	313989	69
Mock_P01_2	19	313989	142
Mock_P01_2	19	313989	42
Mock_P01_2	19	313989	59
Mock_P01_2	19	313989	46
Mock_P01_2	19	313989	66
Mock_P01_2	19	313989	91
Mock_P01_2	19	313989	38
Mock_P01_2	19	313989	66
Mock_P01_2	19	313989	26
Mock_P01_2	19	313989	104
Mock_P01_2	19	313989	52
Mock_P01_2	19	313989	56
Mock_P01_2	19	313989	73
Mock_P01_2	19	313989	101
Mock_P01_2	19	313989	21
Mock_P01_2	19	313989	66
Mock_P01_2	19	313989	68
Mock_P01_2	19	313989	77
Mock_P01_2	19	313989	86
Mock_P01_2	19	313989	57
Mock_P01_2	19	313989	101
Mock_P01_2	19	313989	25
Mock_P01_2	19	313989	106
Mock_P01_2	19	313989	90
Mock_P01_2	19	313989	13
Mock_P01_2	19	313989	25
Mock_P01_2	19	313989	99
Mock_P01_2	19	313989	22
Mock_P01_2	19	313989	66
Mock_P01_2	19	313989	113
Mock_P01_2	19	313989	86
Mock_P01_2	19	313989	88
Mock_P01_2	19	313989	83
Mock_P01_2	19	313989	63
Mock_P01_2	19	313989	107
Mock_P01_2	19	313989	55
Mock_P01_2	19	313989	153
Mock_P01_2	19	313989	61
Mock_P01_2	19	313989	108
Mock_P01_2	19	313989	40
Mock_P01_2	19	313989	63
Mock_P01_2	19	313989	106
Mock_P01_2	19	313989	22
Mock_P01_2	19	313989	38
Mock_P01_2	19	313989	123
Mock_P01_2	19	313989	15
Mock_P01_2	19	313989	60
Mock_P01_2	19	313989	19
Mock_P01_2	19	313989	88
Mock_P01_2	19	313989	69
Mock_P01_2	19	313989	44
Mock_P01_2	19	313989	11
Mock_P01_2	19	313989	103
Mock_P01_2	19	313989	65
Mock_P01_2	19	313989	59
Mock_P01_2	19	313989	52
Mock_P01_2	19	313989	46
Mock_P01_2	19	313989	56
Mock_P01_2	19	313989	60
Mock_P01_2	19	313989	70
Mock_P01_2	19	313989	98
Mock_P01_2	19	313989	37
Mock_P01_2	19	313989	24
Mock_P01_2	19	313989	168
Mock_P01_2	19	313989	180
Mock_P01_2	19	313989	100
Mock_P01_2	19	313989	316
Mock_P01_2	19	313989	36
Mock_P01_2	19	313989	37
Mock_P01_2	19	313989	22
Mock_P01_2	19	313989	25
Mock_P01_2	19	313989	162
Mock_P01_2	19	313989	83
Mock_P01_2	19	313989	121
Mock_P01_2	19	313989	99
Mock_P01_2	19	313989	61
Mock_P01_2	19	313989	54
Mock_P01_2	19	313989	86
Mock_P01_2	19	313989	48
Mock_P01_2	19	313989	49
Mock_P01_2	19	313989	41
Mock_P01_2	19	313989	10
Mock_P01_2	19	313989	85
Mock_P01_2	19	313989	73
Mock_P01_2	19	313989	81
Mock_P01_2	19	313989	58
Mock_P01_2	19	313989	79
Mock_P01_2	19	313989	79
Mock_P01_2	19	313989	20
Mock_P01_2	19	313989	134
Mock_P01_2	19	313989	101
Mock_P01_2	19	313989	73
Mock_P01_2	19	313989	29
Mock_P01_2	19	313989	16
Mock_P01_2	19	313989	77
Mock_P01_2	19	313989	95
Mock_P01_2	19	313989	49
Mock_P01_2	20	368010	89
Mock_P01_2	20	368010	96
Mock_P01_2	20	368010	112
Mock_P01_2	20	368010	47
Mock_P01_2	20	368010	140
Mock_P01_2	20	368010	135
Mock_P01_2	20	368010	101
Mock_P01_2	20	368010	122
Mock_P01_2	20	368010	94
Mock_P01_2	20	368010	94
Mock_P01_2	20	368010	93
Mock_P01_2	20	368010	99
Mock_P01_2	20	368010	101
Mock_P01_2	20	368010	65
Mock_P01_2	20	368010	75
Mock_P01_2	20	368010	143
Mock_P01_2	20	368010	82
Mock_P01_2	20	368010	110
Mock_P01_2	20	368010	108
Mock_P01_2	20	368010	99
Mock_P01_2	20	368010	142
Mock_P01_2	20	368010	88
Mock_P01_2	20	368010	103
Mock_P01_2	20	368010	220
Mock_P01_2	20	368010	131
Mock_P01_2	20	368010	65
Mock_P01_2	20	368010	152
Mock_P01_2	20	368010	96
Mock_P01_2	20	368010	191
Mock_P01_2	20	368010	256
Mock_P01_2	20	368010	78
Mock_P01_2	20	368010	85
Mock_P01_2	20	368010	116
Mock_P01_2	20	368010	158
Mock_P01_2	20	368010	106
Mock_P01_2	20	368010	195
Mock_P01_2	20	368010	120
Mock_P01_2	20	368010	108
Mock_P01_2	20	368010	96
Mock_P01_2	20	368010	180
Mock_P01_2	20	368010	115
Mock_P01_2	20	368010	106
Mock_P01_2	20	368010	96
Mock_P01_2	20	368010	84
Mock_P01_2	20	368010	111
Mock_P01_2	20	368010	116
Mock_P01_2	20	368010	57
Mock_P01_2	20	368010	99
Mock_P01_2	20	368010	94
Mock_P01_2	20	368010	32
Mock_P01_2	20	368010	99
Mock_P01_2	20	368010	155
Mock_P01_2	20	368010	128
Mock_P01_2	20	368010	75
Mock_P01_2	20	368010	171
Mock_P01_2	20	368010	99
Mock_P01_2	20	368010	53
Mock_P01_2	20	368010	65
Mock_P01_2	20	368010	92
Mock_P01_2	20	368010	92
Mock_P01_2	20	368010	102
Mock_P01_2	20	368010	76
Mock_P01_2	20	368010	90
Mock_P01_2	20	368010	270
Mock_P01_2	20	368010	124
Mock_P01_2	20	368010	29
Mock_P01_2	20	368010	226
Mock_P01_2	20	368010	92
Mock_P01_2	20	368010	194
Mock_P01_2	20	368010	108
Mock_P01_2	20	368010	502
Mock_P01_2	20	368010	70
Mock_P01_2	20	368010	105
Mock_P01_2	20	368010	18
Mock_P01_2	20	368010	116
Mock_P01_2	20	368010	102
Mock_P01_2	20	368010	162
Mock_P01_2	20	368010	15
Mock_P01_2	20	368010	41
Mock_P01_2	20	368010	75
Mock_P01_2	20	368010	82
Mock_P01_2	20	368010	98
Mock_P01_2	20	368010	68
Mock_P01_2	20	368010	58
Mock_P01_2	20	368010	123
Mock_P01_2	20	368010	117
Mock_P01_2	20	368010	101
Mock_P01_2	20	368010	230
Mock_P01_2	20	368010	71
Mock_P01_2	20	368010	122
Mock_P01_2	20	368010	123
Mock_P01_2	20	368010	86
Mock_P01_2	20	368010	18
Mock_P01_2	20	368010	125
Mock_P01_2	20	368010	70
Mock_P01_2	20	368010	288
Mock_P01_2	20	368010	214
Mock_P01_2	20	368010	112
Mock_P01_2	20	368010	198
Mock_P01_2	20	368010	81
Mock_P01_2	20	368010	74
Mock_P01_2	20	368010	103
Mock_P01_2	20	368010	102
Mock_P01_2	20	368010	37
Mock_P01_2	20	368010	123
Mock_P01_2	20	368010	129
Mock_P01_2	20	368010	83
Mock_P01_2	20	368010	386
Mock_P01_2	20	368010	89
Mock_P01_2	20	368010	36
Mock_P01_2	20	368010	219
Mock_P01_2	20	368010	116
Mock_P01_2	20	368010	113
Mock_P01_2	20	368010	178
Mock_P01_2	20	368010	72
Mock_P01_2	20	368010	43
Mock_P01_2	20	368010	94
Mock_P01_2	20	368010	74
Mock_P01_2	20	368010	93
Mock_P01_2	20	368010	130
Mock_P01_2	20	368010	90
Mock_P01_2	20	368010	100
Mock_P01_2	20	368010	38
Mock_P01_2	20	368010	200
Mock_P01_2	20	368010	144
Mock_P01_2	20	368010	85
Mock_P01_2	20	368010	198
Mock_P01_2	20	368010	105
Mock_P01_2	20	368010	103
Mock_P01_2	20	368010	74
Mock_P01_2	20	368010	12
Mock_P01_2	20	368010	78
Mock_P01_2	20	368010	71
Mock_P01_2	20	368010	70
Mock_P01_2	20	368010	38
Mock_P01_2	20	368010	56
Mock_P01_2	20	368010	91
Mock_P01_2	20	368010	83
Mock_P01_2	20	368010	147
Mock_P01_2	20	368010	152
Mock_P01_2	20	368010	24
Mock_P01_2	20	368010	130
Mock_P01_2	20	368010	116
Mock_P01_2	20	368010	114
Mock_P01_2	20	368010	85
Mock_P01_2	20	368010	108
Mock_P01_2	20	368010	142
Mock_P01_2	20	368010	89
Mock_P01_2	20	368010	131
Mock_P01_2	20	368010	64
Mock_P01_2	20	368010	359
Mock_P01_2	20	368010	81
Mock_P01_2	20	368010	101
Mock_P01_2	20	368010	47
Mock_P01_2	20	368010	91
Mock_P01_2	20	368010	230
Mock_P01_2	20	368010	66
Mock_P01_2	20	368010	65
Mock_P01_2	20	368010	87
Mock_P01_2	20	368010	104
Mock_P01_2	20	368010	200
Mock_P01_2	20	368010	338
Mock_P01_2	20	368010	50
Mock_P01_2	20	368010	50
Mock_P01_2	20	368010	51
Mock_P01_2	20	368010	70
Mock_P01_2	20	368010	115
Mock_P01_2	20	368010	55
Mock_P01_2	20	368010	54
Mock_P01_2	20	368010	47
Mock_P01_2	20	368010	415
Mock_P01_2	20	368010	73
Mock_P01_2	20	368010	79
Mock_P01_2	20	368010	73
Mock_P01_2	20	368010	121
Mock_P01_2	20	368010	63
Mock_P01_2	20	368010	100
Mock_P01_2	20	368010	70
Mock_P01_2	20	368010	89
Mock_P01_2	20	368010	34
Mock_P01_2	20	368010	56
Mock_P01_2	20	368010	347
Mock_P01_2	20	368010	32
Mock_P01_2	20	368010	66
Mock_P01_2	20	368010	124
Mock_P01_2	20	368010	174
Mock_P01_2	20	368010	95
Mock_P01_2	20	368010	42
Mock_P01_2	20	368010	113
Mock_P01_2	20	368010	150
Mock_P01_2	20	368010	47
Mock_P01_2	20	368010	454
Mock_P01_2	20	368010	69
Mock_P01_2	20	368010	164
Mock_P01_2	20	368010	42
Mock_P01_2	20	368010	152
Mock_P01_2	20	368010	78
Mock_P01_2	20	368010	84
Mock_P01_2	20	368010	173
Mock_P01_2	20	368010	54
Mock_P01_2	20	368010	176
Mock_P01_2	20	368010	73
Mock_P01_2	20	368010	57
Mock_P01_2	20	368010	91
Mock_P01_2	20	368010	112
Mock_P01_2	20	368010	77
Mock_P01_2	20	368010	112
Mock_P01_2	20	368010	117
Mock_P01_2	20	368010	218
Mock_P01_2	20	368010	161
Mock_P01_2	20	368010	82
Mock_P01_2	20	368010	108
Mock_P01_2	20	368010	133
Mock_P01_2	20	368010	162
Mock_P01_2	20	368010	55
Mock_P01_2	20	368010	82
Mock_P01_2	20	368010	89
Mock_P01_2	20	368010	286
Mock_P01_2	20	368010	123
Mock_P01_2	20	368010	137
Mock_P01_2	20	368010	72
Mock_P01_2	20	368010	92
Mock_P01_2	20	368010	57
Mock_P01_2	20	368010	121
Mock_P01_2	20	368010	62
Mock_P01_2	21	366415	86
Mock_P01_2	21	366415	81
Mock_P01_2	21	366415	32
Mock_P01_2	21	366415	62
Mock_P01_2	21	366415	12
Mock_P01_2	21	366415	70
Mock_P01_2	21	366415	13
Mock_P01_2	21	366415	69
Mock_P01_2	21	366415	60
Mock_P01_2	21	366415	62
Mock_P01_2	21	366415	26
Mock_P01_2	21	366415	73
Mock_P01_2	21	366415	58
Mock_P01_2	21	366415	173
Mock_P01_2	21	366415	45
Mock_P01_2	21	366415	73
Mock_P01_2	21	366415	69
Mock_P01_2	21	366415	69
Mock_P01_2	21	366415	76
Mock_P01_2	21	366415	99
Mock_P01_2	21	366415	85
Mock_P01_2	21	366415	98
Mock_P01_2	21	366415	42
Mock_P01_2	21	366415	35
Mock_P01_2	21	366415	24
Mock_P01_2	21	366415	36
Mock_P01_2	21	366415	34
Mock_P01_2	21	366415	83
Mock_P01_2	21	366415	142
Mock_P01_2	21	366415	68
Mock_P01_2	21	366415	78
Mock_P01_2	21	366415	173
Mock_P01_2	21	366415	82
Mock_P01_2	21	366415	84
Mock_P01_2	21	366415	29
Mock_P01_2	21	366415	134
Mock_P01_2	21	366415	50
Mock_P01_2	21	366415	33
Mock_P01_2	21	366415	84
Mock_P01_2	21	366415	153
Mock_P01_2	21	366415	83
Mock_P01_2	21	366415	34
Mock_P01_2	21	366415	39
Mock_P01_2	21	366415	69
Mock_P01_2	21	366415	246
Mock_P01_2	21	366415	89
Mock_P01_2	21	366415	39
Mock_P01_2	21	366415	69
Mock_P01_2	21	366415	52
Mock_P01_2	21	366415	129
Mock_P01_2	21	366415	28
Mock_P01_2	21	366415	26
Mock_P01_2	21	366415	108
Mock_P01_2	21	366415	151
Mock_P01_2	21	366415	102
Mock_P01_2	21	366415	33
Mock_P01_2	21	366415	78
Mock_P01_2	21	366415	31
Mock_P01_2	21	366415	103
Mock_P01_2	21	366415	157
Mock_P01_2	21	366415	100
Mock_P01_2	21	366415	119
Mock_P01_2	21	366415	62
Mock_P01_2	21	366415	46
Mock_P01_2	21	366415	48
Mock_P01_2	21	366415	78
Mock_P01_2	21	366415	106
Mock_P01_2	21	366415	252
Mock_P01_2	21	366415	70
Mock_P01_2	21	366415	43
Mock_P01_2	21	366415	95
Mock_P01_2	21	366415	52
Mock_P01_2	21	366415	72
Mock_P01_2	21	366415	75
Mock_P01_2	21	366415	139
Mock_P01_2	21	366415	32
Mock_P01_2	21	366415	106
Mock_P01_2	21	366415	104
Mock_P01_2	21	366415	48
Mock_P01_2	21	366415	55
Mock_P01_2	21	366415	159
Mock_P01_2	21	366415	215
Mock_P01_2	21	366415	70
Mock_P01_2	21	366415	84
Mock_P01_2	21	366415	134
Mock_P01_2	21	366415	95
Mock_P01_2	21	366415	162
Mock_P01_2	21	366415	97
Mock_P01_2	21	366415	93
Mock_P01_2	21	366415	42
Mock_P01_2	21	366415	132
Mock_P01_2	21	366415	143
Mock_P01_2	21	366415	48
Mock_P01_2	21	366415	46
Mock_P01_2	21	366415	42
Mock_P01_2	21	366415	41
Mock_P01_2	21	366415	118
Mock_P01_2	21	366415	114
Mock_P01_2	21	366415	23
Mock_P01_2	21	366415	43
Mock_P01_2	21	366415	115
Mock_P01_2	21	366415	104
Mock_P01_2	21	366415	75
Mock_P01_2	21	366415	60
Mock_P01_2	21	366415	181
Mock_P01_2	21	366415	125
Mock_P01_2	21	366415	120
Mock_P01_2	21	366415	69
Mock_P01_2	21	366415	111
Mock_P01_2	21	366415	107
Mock_P01_2	21	366415	16
Mock_P01_2	21	366415	44
Mock_P01_2	21	366415	102
Mock_P01_2	21	366415	92
Mock_P01_2	21	366415	29
Mock_P01_2	21	366415	203
Mock_P01_2	21	366415	111
Mock_P01_2	21	366415	72
Mock_P01_2	21	366415	47
Mock_P01_2	21	366415	54
Mock_P01_2	21	366415	35
Mock_P01_2	21	366415	86
Mock_P01_2	21	366415	125
Mock_P01_2	21	366415	73
Mock_P01_2	21	366415	34
Mock_P01_2	21	366415	51
Mock_P01_2	21	366415	179
Mock_P01_2	21	366415	17
Mock_P01_2	21	366415	44
Mock_P01_2	21	366415	117
Mock_P01_2	21	366415	71
Mock_P01_2	21	366415	74
Mock_P01_2	21	366415	67
Mock_P01_2	21	366415	61
Mock_P01_2	21	366415	64
Mock_P01_2	21	366415	88
Mock_P01_2	21	366415	108
Mock_P01_2	21	366415	32
Mock_P01_2	21	366415	99
Mock_P01_2	21	366415	62
Mock_P01_2	21	366415	115
Mock_P01_2	21	366415	176
Mock_P01_2	21	366415	76
Mock_P01_2	21	366415	161
Mock_P01_2	21	366415	90
Mock_P01_2	21	366415	65
Mock_P01_2	21	366415	42
Mock_P01_2	21	366415	39
Mock_P01_2	21	366415	49
Mock_P01_2	21	366415	79
Mock_P01_2	21	366415	65
Mock_P01_2	21	366415	295
Mock_P01_2	21	366415	52
Mock_P01_2	21	366415	185
Mock_P01_2	21	366415	97
Mock_P01_2	21	366415	119
Mock_P01_2	21	366415	100
Mock_P01_2	21	366415	181
Mock_P01_2	21	366415	157
Mock_P01_2	21	366415	94
Mock_P01_2	21	366415	138
Mock_P01_2	21	366415	90
Mock_P01_2	21	366415	97
Mock_P01_2	21	366415	66
Mock_P01_2	21	366415	73
Mock_P01_2	21	366415	45
Mock_P01_2	21	366415	179
Mock_P01_2	21	366415	78
Mock_P01_2	21	366415	132
Mock_P01_2	21	366415	286
Mock_P01_2	21	366415	41
Mock_P01_2	21	366415	102
Mock_P01_2	21	366415	65
Mock_P01_2	21	366415	55
Mock_P01_2	21	366415	106
Mock_P01_2	21	366415	270
Mock_P01_2	21	366415	47
Mock_P01_2	21	366415	61
Mock_P01_2	21	366415	84
Mock_P01_2	21	366415	74
Mock_P01_2	21	366415	163
Mock_P01_2	21	366415	85
Mock_P01_2	21	366415	77
Mock_P01_2	21	366415	70
Mock_P01_2	21	366415	101
Mock_P01_2	21	366415	10
Mock_P01_2	21	366415	17
Mock_P01_2	21	366415	97
Mock_P01_2	21	366415	71
Mock_P01_2	21	366415	65
Mock_P01_2	21	366415	96
Mock_P01_2	21	366415	118
Mock_P01_2	21	366415	112
Mock_P01_2	21	366415	104
Mock_P01_2	21	366415	107
Mock_P01_2	21	366415	22
Mock_P01_2	21	366415	199
Mock_P01_2	21	366415	200
Mock_P01_2	21	366415	119
Mock_P01_2	21	366415	21
Mock_P01_2	21	366415	95
Mock_P01_2	21	366415	139
Mock_P01_2	21	366415	186
Mock_P01_2	21	366415	42
Mock_P01_2	21	366415	59
Mock_P01_2	21	366415	163
Mock_P01_2	21	366415	164
Mock_P01_2	21	366415	155
Mock_P01_2	21	366415	89
Mock_P01_2	21	366415	119
Mock_P01_2	21	366415	454
Mock_P01_2	21	366415	44
Mock_P01_2	21	366415	43
Mock_P01_2	21	366415	199
Mock_P01_2	21	366415	254
Mock_P01_2	21	366415	12
Mock_P01_2	21	366415	82
Mock_P01_2	21	366415	103
Mock_P01_2	21	366415	111
Mock_P01_2	21	366415	115
Mock_P01_2	21	366415	186
Mock_P01_2	21	366415	97
Mock_P01_2	21	366415	97
Mock_P01_2	21	366415	57
Mock_P01_2	21	366415	130
Mock_P01_2	21	366415	109
Mock_P01_2	21	366415	81
Mock_P01_2	22	371793	67
Mock_P01_2	22	371793	90
Mock_P01_2	22	371793	41
Mock_P01_2	22	371793	110
Mock_P01_2	22	371793	71
Mock_P01_2	22	371793	70
Mock_P01_2	22	371793	55
Mock_P01_2	22	371793	138
Mock_P01_2	22	371793	97
Mock_P01_2	22	371793	79
Mock_P01_2	22	371793	103
Mock_P01_2	22	371793	65
Mock_P01_2	22	371793	182
Mock_P01_2	22	371793	102
Mock_P01_2	22	371793	66
Mock_P01_2	22	371793	82
Mock_P01_2	22	371793	42
Mock_P01_2	22	371793	71
Mock_P01_2	22	371793	183
Mock_P01_2	22	371793	105
Mock_P01_2	22	371793	89
Mock_P01_2	22	371793	123
Mock_P01_2	22	371793	108
Mock_P01_2	22	371793	24
Mock_P01_2	22	371793	89
Mock_P01_2	22	371793	16
Mock_P01_2	22	371793	44
Mock_P01_2	22	371793	62
Mock_P01_2	22	371793	26
Mock_P01_2	22	371793	66
Mock_P01_2	22	371793	72
Mock_P01_2	22	371793	85
Mock_P01_2	22	371793	103
Mock_P01_2	22	371793	87
Mock_P01_2	22	371793	68
Mock_P01_2	22	371793	222
Mock_P01_2	22	371793	136
Mock_P01_2	22	371793	104
Mock_P01_2	22	371793	268
Mock_P01_2	22	371793	125
Mock_P01_2	22	371793	120
Mock_P01_2	22	371793	14
Mock_P01_2	22	371793	109
Mock_P01_2	22	371793	121
Mock_P01_2	22	371793	173
Mock_P01_2	22	371793	169
Mock_P01_2	22	371793	100
Mock_P01_2	22	371793	13
Mock_P01_2	22	371793	147
Mock_P01_2	22	371793	85
Mock_P01_2	22	371793	106
Mock_P01_2	22	371793	102
Mock_P01_2	22	371793	82
Mock_P01_2	22	371793	83
Mock_P01_2	22	371793	206
Mock_P01_2	22	371793	52
Mock_P01_2	22	371793	115
Mock_P01_2	22	371793	104
Mock_P01_2	22	371793	56
Mock_P01_2	22	371793	85
Mock_P01_2	22	371793	98
Mock_P01_2	22	371793	87
Mock_P01_2	22	371793	103
Mock_P01_2	22	371793	81
Mock_P01_2	22	371793	108
Mock_P01_2	22	371793	78
Mock_P01_2	22	371793	75
Mock_P01_2	22	371793	93
Mock_P01_2	22	371793	59
Mock_P01_2	22	371793	79
Mock_P01_2	22	371793	133
Mock_P01_2	22	371793	63
Mock_P01_2	22	371793	36
Mock_P01_2	22	371793	108
Mock_P01_2	22	371793	106
Mock_P01_2	22	371793	70
Mock_P01_2	22	371793	98
Mock_P01_2	22	371793	89
Mock_P01_2	22	371793	67
Mock_P01_2	22	371793	129
Mock_P01_2	22	371793	43
Mock_P01_2	22	371793	36
Mock_P01_2	22	371793	69
Mock_P01_2	22	371793	90
Mock_P01_2	22	371793	133
Mock_P01_2	22	371793	93
Mock_P01_2	22	371793	11
Mock_P01_2	22	371793	56
Mock_P01_2	22	371793	130
Mock_P01_2	22	371793	79
Mock_P01_2	22	371793	120
Mock_P01_2	22	371793	142
Mock_P01_2	22	371793	110
Mock_P01_2	22	371793	75
Mock_P01_2	22	371793	80
Mock_P01_2	22	371793	97
Mock_P01_2	22	371793	110
Mock_P01_2	22	371793	86
Mock_P01_2	22	371793	98
Mock_P01_2	22	371793	45
Mock_P01_2	22	371793	60
Mock_P01_2	22	371793	76
Mock_P01_2	22	371793	138
Mock_P01_2	22	371793	76
Mock_P01_2	22	371793	70
Mock_P01_2	22	371793	69
Mock_P01_2	22	371793	97
Mock_P01_2	22	371793	54
Mock_P01_2	22	371793	132
Mock_P01_2	22	371793	33
Mock_P01_2	22	371793	53
Mock_P01_2	22	371793	335
Mock_P01_2	22	371793	117
Mock_P01_2	22	371793	100
Mock_P01_2	22	371793	270
Mock_P01_2	22	371793	46
Mock_P01_2	22	371793	75
Mock_P01_2	22	371793	113
Mock_P01_2	22	371793	78
Mock_P01_2	22	371793	104
Mock_P01_2	22	371793	24
Mock_P01_2	22	371793	114
Mock_P01_2	22	371793	50
Mock_P01_2	22	371793	129
Mock_P01_2	22	371793	62
Mock_P01_2	22	371793	95
Mock_P01_2	22	371793	15
Mock_P01_2	22	371793	87
Mock_P01_2	22	371793	110
Mock_P01_2	22	371793	92
Mock_P01_2	22	371793	70
Mock_P01_2	22	371793	65
Mock_P01_2	22	371793	107
Mock_P01_2	22	371793	73
Mock_P01_2	22	371793	98
Mock_P01_2	22	371793	89
Mock_P01_2	22	371793	132
Mock_P01_2	22	371793	72
Mock_P01_2	22	371793	115
Mock_P01_2	22	371793	132
Mock_P01_2	22	371793	68
Mock_P01_2	22	371793	151
Mock_P01_2	22	371793	137
Mock_P01_2	22	371793	33
Mock_P01_2	22	371793	11
Mock_P01_2	22	371793	21
Mock_P01_2	22	371793	129
Mock_P01_2	22	371793	45
Mock_P01_2	22	371793	74
Mock_P01_2	22	371793	40
Mock_P01_2	22	371793	145
Mock_P01_2	22	371793	304
Mock_P01_2	22	371793	44
Mock_P01_2	22	371793	63
Mock_P01_2	22	371793	123
Mock_P01_2	22	371793	108
Mock_P01_2	22	371793	115
Mock_P01_2	22	371793	107
Mock_P01_2	22	371793	227
Mock_P01_2	22	371793	125
Mock_P01_2	22	371793	116
Mock_P01_2	22	371793	52
Mock_P01_2	22	371793	96
Mock_P01_2	22	371793	12
Mock_P01_2	22	371793	276
Mock_P01_2	22	371793	137
Mock_P01_2	22	371793	47
Mock_P01_2	22	371793	89
Mock_P01_2	22	371793	127
Mock_P01_2	22	371793	90
Mock_P01_2	22	371793	160
Mock_P01_2	22	371793	72
Mock_P01_2	22	371793	80
Mock_P01_2	22	371793	56
